695.86 20.24 46.04
1266
686.64 20.27 46.04
3305
690.45 20.31 46.02
5327
689.02 20.33 46.04
7351
681.24 20.34 45.99
9374
674.69 20.40 45.97
11398
663.37 20.41 45.93
13422
661.62 20.44 45.86
15447
654.20 20.48 45.82
17471
653.79 20.48 45.74
19495
648.96 20.52 45.70
21519
645.41 20.55 45.62
23795
642.82 20.64 45.48
31097
645.60 20.72 45.37
38398
646.34 20.75 45.23
45701
652.91 20.84 45.10
53003
659.92 20.90 44.95
60304
668.20 20.95 44.83
67606
675.19 21.02 44.73
74908
679.23 21.03 44.64
82210
679.54 21.09 44.61
89515
678.39 21.13 44.53
96816
680.30 21.16 44.48
104118
681.11 21.18 44.42
111419
682.56 21.23 44.38
118722
681.13 21.26 44.30
126023
683.12 21.28 44.23
133325
683.11 21.30 44.19
140628
683.22 21.30 44.19
147930
684.57 21.36 44.10
155232
685.66 21.39 44.12
162533
686.55 21.40 44.12
169836
686.54 21.43 44.08
177138
688.10 21.43 44.02
184439
689.15 21.46 44.01
191742
690.66 21.49 43.99
199044
690.93 21.49 43.91
206346
691.10 21.53 43.92
213647
691.43 21.56 43.89
220953
692.40 21.53 43.87
228255
693.25 21.57 43.80
235557
693.19 21.57 43.75
242860
693.30 21.60 43.77
250161
693.49 21.60 43.71
257463
694.17 21.64 43.72
264766
693.68 21.64 43.66
272067
694.51 21.67 43.67
279369
695.36 21.69 43.67
286671
695.28 21.70 43.63
293974
694.93 21.73 43.60
301275
695.40 21.71 43.57
308576
695.51 21.74 43.55
315878
695.62 21.74 43.52
323179
695.59 21.74 43.51
330482
696.22 21.78 43.49
337783
696.67 21.78 43.47
345085
696.12 21.80 43.42
352392
697.38 21.81 43.41
359693
698.18 21.82 43.40
366995
698.38 21.84 43.40
374296
697.79 21.84 43.37
381599
698.39 21.84 43.37
388900
699.07 21.85 43.32
396201
699.13 21.85 43.32
403504
699.92 21.88 43.27
410805
701.42 21.90 43.30
418108
702.49 21.90 43.26
425409
702.78 21.88 43.26
432711
704.02 21.93 43.24
440013
705.06 21.91 43.24
447314
704.49 21.91 43.17
454618
705.55 21.94 43.17
461919
706.14 21.94 43.10
469221
706.97 21.94 43.19
476522
709.00 21.97 43.15
483823
711.10 21.98 43.13
491129
710.69 21.97 43.10
498430
710.91 21.98 43.12
505733
711.28 22.03 43.07
513034
710.49 22.03 43.10
520337
710.96 22.03 43.07
527639
712.22 22.01 43.02
534940
712.64 22.01 43.05
542242
713.02 22.03 43.01
549543
713.58 22.03 43.02
556847
714.55 22.04 42.99
564148
714.52 22.05 42.99
571450
714.59 22.07 42.97
578753
713.59 22.07 42.97
586054
713.89 22.08 42.99
593356
714.55 22.07 42.94
600657
714.78 22.08 42.91
607961
716.01 22.10 42.93
615262
716.39 22.08 42.91
622567
716.77 22.08 43.01
629870
717.34 22.12 42.91
637171
716.41 22.11 42.92
644473
717.40 22.12 42.93
651774
717.90 22.11 42.93
659078
718.97 22.11 42.89
666380
719.84 22.12 42.92
673681
719.97 22.11 42.87
680984
720.88 22.14 42.82
688285
721.11 22.14 42.85
695587
722.53 22.15 42.80
702888
723.13 22.14 42.86
710190
723.83 22.14 42.83
717493
724.04 22.17 42.86
724794
724.65 22.15 42.83
732096
725.73 22.17 42.85
739419
726.06 22.17 42.85
746721
727.26 22.17 42.83
754027
728.68 22.17 42.77
761328
729.47 22.18 42.75
768631
731.35 22.18 42.77
775940
732.01 22.19 42.75
783242
732.01 22.19 42.73
790543
733.78 22.19 42.74
797845
734.62 22.19 42.74
805147
734.66 22.19 42.73
812448
733.91 22.19 42.69
819750
733.38 22.19 42.74
827053
733.43 22.22 42.67
834355
733.61 22.22 42.69
841657
732.43 22.22 42.68
848959
732.38 22.22 42.69
856261
732.04 22.24 42.69
863562
731.51 22.22 42.64
870864
731.40 22.25 42.68
878167
731.18 22.24 42.68
885472
731.20 22.24 42.67
892774
732.29 22.25 42.69
900075
733.06 22.25 42.66
907378
734.74 22.24 42.68
914679
734.88 22.24 42.63
921981
735.93 22.27 42.63
929284
735.95 22.25 42.65
936586
737.58 22.27 42.62
943888
738.53 22.27 42.66
951189
741.26 22.28 42.60
958491
742.33 22.27 42.63
965794
743.48 22.27 42.61
973095
743.74 22.29 42.65
980398
745.46 22.28 42.62
987699
746.22 22.28 42.62
995001
746.99 22.28 42.61
1002303
747.78 22.29 42.63
1009604
748.48 22.29 42.61
1016906
747.82 22.31 42.59
1024211
748.80 22.31 42.60
1031514
749.05 22.29 42.61
1038815
749.09 22.31 42.56
1046118
748.96 22.31 42.53
1053420
749.77 22.31 42.58
1060721
750.98 22.34 42.58
1068023
751.02 22.31 42.55
1075325
751.32 22.29 42.54
1082628
753.39 22.31 42.60
1089930
757.02 22.31 42.56
1097231
759.28 22.32 42.55
1104534
759.78 22.34 42.54
1111835
760.02 22.31 42.53
1119137
761.33 22.32 42.53
1126439
761.40 22.34 42.53
1133742
762.40 22.34 42.53
1141045
764.46 22.34 42.47
1148349
765.76 22.35 42.54
1155652
766.64 22.32 42.58
1162953
767.29 22.34 42.56
1170255
767.65 22.32 42.48
1177559
767.87 22.34 42.40
1184860
767.65 22.34 42.43
1192162
768.46 22.32 42.49
1199463
768.93 22.35 42.51
1206766
769.05 22.35 42.49
1214067
770.08 22.32 42.53
1221368
770.85 22.35 42.51
1228670
770.18 22.36 42.51
1235973
770.33 22.35 42.51
1243275
770.19 22.35 42.46
1250576
770.43 22.35 42.46
1257879
770.73 22.36 42.48
1265181
770.83 22.35 42.48
1272482
772.48 22.36 42.36
1279789
772.71 22.35 42.29
1287090
772.53 22.35 42.22
1294393
773.38 22.35 42.17
1301695
772.31 22.36 42.25
1308996
770.59 22.35 42.23
1316299
768.81 22.38 42.20
1323600
767.39 22.36 42.17
1330903
764.97 22.35 42.19
1338204
763.14 22.35 42.17
1345507
759.07 22.36 42.18
1352809
754.85 22.35 42.17
1360111
750.64 22.35 42.15
1367413
747.92 22.34 42.09
1374714
746.39 22.35 42.04
1382017
743.00 22.35 41.97
1389320
738.39 22.36 41.96
1396621
735.10 22.35 41.98
1403923
730.85 22.35 41.99
1411228
729.05 22.36 41.99
1418530
727.73 22.36 41.96
1425831
723.37 22.35 41.88
1433133
721.80 22.36 41.94
1440436
719.57 22.36 41.97
1447737
717.94 22.35 41.94
1455039
716.92 22.35 41.88
1462341
715.87 22.35 41.86
1469643
714.62 22.38 41.83
1476945
712.69 22.34 41.82
1484248
711.60 22.35 41.79
1491550
709.89 22.35 41.86
1498851
709.74 22.35 41.85
1506154
709.81 22.36 41.79
1513456
710.35 22.35 41.83
1520757
709.93 22.34 41.75
1528060
708.27 22.36 41.78
1535365
708.83 22.36 41.82
1542668
708.24 22.34 41.82
1549990
709.36 22.32 41.85
1557293
708.73 22.32 41.82
1564595
708.74 22.35 41.88
1571897
708.69 22.35 41.95
1579199
710.66 22.35 41.93
1586500
712.06 22.35 41.95
1593803
712.07 22.35 41.85
1601105
712.78 22.32 41.79
1608407
712.49 22.34 41.79
1615709
711.60 22.34 41.76
1623011
710.75 22.35 41.76
1630313
709.38 22.36 41.80
1637614
708.43 22.34 41.89
1644917
708.37 22.34 41.93
1652219
708.84 22.35 41.97
1659521
709.82 22.35 42.05
1666834
711.01 22.34 41.96
1674135
711.43 22.35 41.88
1681437
711.61 22.35 41.85
1688738
711.11 22.32 41.82
1696041
713.04 22.35 41.83
1703344
711.21 22.32 41.84
1710646
710.14 22.32 41.77
1717948
709.67 22.35 41.79
1725249
708.16 22.32 41.79
1732552
706.74 22.34 41.71
1739854
704.00 22.34 41.73
1747155
702.89 22.35 41.71
1754459
701.70 22.35 41.76
1761760
701.93 22.34 41.74
1769062
702.07 22.34 41.75
1776363
700.97 22.34 41.76
1783665
700.95 22.34 41.77
1790967
699.32 22.35 41.70
1798272
700.16 22.34 41.70
1805575
699.52 22.34 41.76
1812876
700.21 22.34 41.75
1820179
700.29 22.34 41.70
1827481
699.48 22.34 41.70
1834782
699.41 22.34 41.68
1842085
700.11 22.32 41.62
1849387
699.54 22.32 41.56
1856689
698.20 22.34 41.59
1863990
697.49 22.32 41.64
1871292
697.11 22.34 41.68
1878594
698.18 22.34 41.68
1885895
697.27 22.32 41.74
1893197
696.36 22.35 41.83
1900499
696.77 22.34 41.90
1907802
697.25 22.34 41.82
1915105
698.27 22.34 41.70
1922409
698.38 22.32 41.66
1929711
696.56 22.34 41.65
1937013
697.26 22.32 41.66
1944315
697.10 22.34 41.66
1951624
696.96 22.32 41.66
1958925
696.49 22.34 41.60
1966228
695.81 22.34 41.59
1973529
695.43 22.35 41.58
1980831
693.97 22.34 41.66
1988133
692.74 22.32 41.61
1995436
692.54 22.31 41.57
2002739
693.03 22.35 41.53
2010040
693.40 22.35 41.47
2017342
692.24 22.36 41.43
2024643
691.67 22.35 41.43
2031946
689.86 22.35 41.43
2039248
687.07 22.35 41.41
2046550
683.65 22.35 41.45
2053856
680.79 22.36 41.45
2061157
