720.78 20.67 44.37
897
721.63 20.69 44.34
2946
719.09 20.70 44.29
4970
717.10 20.73 44.23
6993
718.11 20.76 44.20
9017
715.30 20.81 44.16
11040
713.05 20.81 44.15
13063
715.72 20.83 44.08
15086
716.12 20.84 44.02
17110
714.48 20.87 44.00
19133
716.43 20.90 44.03
21156
717.64 20.93 43.96
23179
719.16 20.97 43.92
25454
721.51 21.01 43.82
32756
723.80 21.08 43.77
40057
727.07 21.12 43.62
47358
728.75 21.18 43.59
54661
730.46 21.22 43.57
61964
736.29 21.26 43.45
69265
739.16 21.31 43.39
76566
743.79 21.35 43.29
83871
748.17 21.39 43.21
91174
751.19 21.41 43.17
98476
753.10 21.46 43.09
105777
750.22 21.48 42.98
113080
751.03 21.49 42.98
120382
750.53 21.53 42.95
127683
751.65 21.56 42.94
134984
752.37 21.59 42.90
142287
752.64 21.62 42.85
149590
754.25 21.65 42.83
156891
755.88 21.66 42.77
164193
756.07 21.67 42.71
171495
756.08 21.70 42.68
178797
756.05 21.73 42.66
186099
756.33 21.74 42.66
193400
757.75 21.72 42.64
200704
758.94 21.78 42.64
208006
760.36 21.78 42.59
215310
761.71 21.80 42.57
222611
763.34 21.83 42.50
229916
764.20 21.83 42.53
237218
765.62 21.85 42.50
244520
766.83 21.85 42.46
251822
768.69 21.90 42.42
259123
769.44 21.90 42.43
266425
770.34 21.92 42.41
273728
770.62 21.93 42.35
281029
771.94 21.96 42.33
288330
772.25 21.96 42.32
295633
773.81 21.97 42.28
302936
774.01 21.97 42.27
310237
775.26 22.03 42.25
317539
775.59 22.01 42.25
324841
776.53 22.03 42.23
332144
777.34 22.05 42.21
339445
778.01 22.04 42.18
346749
778.41 22.07 42.13
354053
777.99 22.07 42.15
361355
777.95 22.05 42.13
368657
779.86 22.11 42.12
375958
780.75 22.11 42.04
383260
781.50 22.13 42.05
390563
780.52 22.14 41.98
397864
780.78 22.14 41.98
405166
781.69 22.15 41.97
412468
781.29 22.15 41.95
419771
782.04 22.18 41.95
427072
782.04 22.20 41.93
434373
783.00 22.21 41.88
441676
784.19 22.24 41.87
448978
785.14 22.21 41.86
456281
786.05 22.24 41.86
463582
786.47 22.22 41.83
470884
787.16 22.22 41.82
478187
789.03 22.28 41.82
485491
788.73 22.27 41.79
492792
788.55 22.27 41.80
500093
788.87 22.29 41.77
507397
788.94 22.31 41.76
514700
790.20 22.31 41.74
522001
791.57 22.29 41.73
529302
794.28 22.31 41.71
536604
794.86 22.31 41.70
543907
796.39 22.32 41.69
551208
797.55 22.29 41.70
558510
798.61 22.34 41.74
565813
799.99 22.34 41.70
573115
802.38 22.34 41.68
580416
804.25 22.36 41.64
587717
807.12 22.36 41.64
595020
808.18 22.35 41.64
602322
809.23 22.36 41.64
609624
811.06 22.38 41.61
616929
812.56 22.38 41.62
624231
813.31 22.41 41.61
631534
815.99 22.42 41.61
638835
816.95 22.39 41.54
646164
817.39 22.43 41.50
653466
818.32 22.42 41.51
660768
817.85 22.43 41.49
668070
818.74 22.45 41.50
675372
818.66 22.43 41.52
682673
819.54 22.43 41.49
689975
820.02 22.45 41.48
697278
818.84 22.48 41.50
704579
819.60 22.46 41.49
711880
818.83 22.48 41.47
719182
818.60 22.46 41.43
726486
818.75 22.46 41.47
733794
818.85 22.48 41.45
741096
820.24 22.48 41.46
748401
821.45 22.49 41.49
755704
822.58 22.48 41.42
763005
823.79 22.52 41.39
770307
825.88 22.52 41.47
777610
826.00 22.51 41.45
784912
828.52 22.52 41.47
792213
830.53 22.52 41.40
799514
831.79 22.52 41.39
806818
834.14 22.55 41.37
814120
836.21 22.55 41.39
821422
838.15 22.54 41.38
828724
839.81 22.55 41.42
836025
841.33 22.56 41.44
843327
842.51 22.55 41.43
850630
846.09 22.55 41.42
857931
848.33 22.56 41.43
865232
849.91 22.56 41.39
872536
851.42 22.55 41.43
879838
854.05 22.56 41.37
887143
855.69 22.58 41.36
894444
858.05 22.58 41.34
901746
859.02 22.59 41.34
909049
858.92 22.56 41.33
916350
859.59 22.56 41.37
923652
860.79 22.58 41.40
930954
861.99 22.58 41.36
938257
863.27 22.58 41.36
945558
863.20 22.58 41.32
952859
863.95 22.59 41.36
960162
864.92 22.58 41.32
967464
865.85 22.61 41.35
974766
865.96 22.61 41.34
982068
867.62 22.61 41.33
989369
868.89 22.61 41.30
996671
868.72 22.62 41.34
1003974
870.22 22.62 41.38
1011275
871.64 22.62 41.38
1018580
872.30 22.61 41.35
1025883
874.72 22.61 41.35
1033186
880.27 22.63 41.34
1040487
882.77 22.61 41.34
1047788
885.24 22.63 41.34
1055091
886.42 22.61 41.27
1062394
888.55 22.63 41.34
1069696
890.23 22.65 41.30
1076997
891.81 22.66 41.33
1084299
890.63 22.65 41.30
1091602
891.73 22.63 41.28
1098903
890.79 22.66 41.26
1106205
892.16 22.65 41.27
1113507
890.39 22.65 41.25
1120809
890.36 22.66 41.27
1128112
889.84 22.63 41.31
1135413
890.41 22.65 41.27
1142718
892.13 22.66 41.27
1150020
891.47 22.68 41.27
1157323
893.10 22.66 41.25
1164624
893.67 22.66 41.28
1171926
893.71 22.68 41.29
1179229
894.07 22.68 41.30
1186531
895.94 22.68 41.30
1193832
895.44 22.66 41.25
1201134
895.14 22.66 41.25
1208436
896.52 22.68 41.08
1215738
896.41 22.69 41.13
1223041
896.49 22.69 41.15
1230342
895.41 22.66 41.01
1237644
893.63 22.68 41.03
1244947
893.89 22.66 41.09
1252248
892.83 22.66 40.88
1259549
890.92 22.68 40.60
1266852
889.40 22.65 40.57
1274158
872.45 22.66 40.46
1281460
833.79 22.63 40.38
1288761
805.65 22.66 40.21
1296064
795.18 22.65 40.17
1303366
789.65 22.63 40.08
1310669
776.35 22.66 40.02
1317970
766.45 22.65 39.98
1325272
760.77 22.68 40.08
1332575
757.53 22.65 40.23
1339877
753.60 22.65 40.33
1347178
754.26 22.65 40.52
1354479
756.47 22.68 40.64
1361782
759.29 22.68 40.63
1369084
762.10 22.66 40.60
1376387
765.37 22.68 40.61
1383688
768.52 22.66 40.56
1390990
769.57 22.66 40.61
1398293
773.05 22.65 40.63
1405597
776.26 22.68 40.64
1412899
779.33 22.66 40.61
1420201
783.44 22.66 40.61
1427531
786.05 22.66 40.64
1434832
788.81 22.66 40.64
1442134
792.46 22.66 40.60
1449437
794.10 22.66 40.56
1456740
798.27 22.66 40.57
1464041
800.61 22.65 40.62
1471342
803.91 22.68 40.63
1478643
805.35 22.68 40.56
1485946
805.75 22.65 40.52
1493249
804.09 22.66 40.52
1500551
803.40 22.66 40.59
1507852
803.90 22.65 40.60
1515154
804.07 22.68 40.57
1522457
803.50 22.65 40.52
1529761
804.42 22.66 40.49
1537063
805.94 22.68 40.49
1544366
806.58 22.68 40.48
1551669
807.17 22.65 40.47
1558970
807.16 22.69 40.43
1566271
807.07 22.66 40.40
1573574
806.51 22.68 40.42
1580876
805.98 22.66 40.40
1588177
805.32 22.65 40.45
1595480
804.62 22.65 40.40
1602782
804.31 22.65 40.50
1610085
804.95 22.68 40.48
1617386
805.81 22.69 40.52
1624694
806.00 22.68 40.56
1631996
806.56 22.68 40.50
1639299
807.06 22.68 40.50
1646602
807.38 22.68 40.49
1653903
806.85 22.68 40.46
1661207
806.55 22.66 40.39
1668510
805.53 22.66 40.33
1675812
804.77 22.68 40.35
1683115
804.55 22.66 40.34
1690416
804.47 22.65 40.39
1697719
804.36 22.66 40.48
1705021
805.20 22.66 40.48
1712323
805.19 22.65 40.45
1719624
805.86 22.66 40.48
1726926
807.59 22.66 40.50
1734230
807.24 22.68 40.53
1741531
806.66 22.66 40.51
1748832
806.55 22.68 40.45
1756135
805.51 22.70 40.52
1763437
806.04 22.66 40.50
1770738
806.20 22.65 40.49
1778040
805.99 22.65 40.45
1785341
805.59 22.66 40.45
1792648
805.28 22.68 40.44
1799950
806.43 22.68 40.45
1807251
805.93 22.68 40.44
1814553
804.57 22.66 40.40
1821855
803.73 22.66 40.38
1829158
802.33 22.69 40.42
1836460
802.06 22.69 40.41
1843761
802.58 22.68 40.41
1851064
802.56 22.66 40.41
1858366
803.03 22.68 40.35
1865667
802.70 22.68 40.42
1872969
802.33 22.69 40.35
1880271
801.81 22.68 40.35
1887575
801.94 22.70 40.35
1894876
801.55 22.68 40.33
1902177
801.25 22.68 40.32
1909479
801.00 22.69 40.31
1916785
801.25 22.69 40.31
1924086
801.25 22.68 40.29
1931388
800.47 22.68 40.23
1938691
801.02 22.72 40.23
1945994
800.85 22.70 40.26
1953295
800.38 22.69 40.26
1960596
799.45 22.69 40.22
1967897
798.72 22.69 40.22
1975200
797.37 22.70 40.24
1982503
797.99 22.72 40.20
1989805
797.12 22.69 40.20
1997106
795.78 22.73 40.19
2004409
795.20 22.70 40.22
2011711
794.52 22.72 40.28
2019013
794.04 22.70 40.24
2026314
794.15 22.72 40.16
2033616
794.53 22.73 40.18
2040920
794.28 22.70 40.16
2048224
792.98 22.72 40.13
2055526
792.79 22.70 40.12
2062828
792.32 22.72 40.08
2070130
790.58 22.72 40.02
2077432
791.08 22.72 40.04
2084733
790.07 22.73 40.03
2092037
789.63 22.72 40.00
2099339
