509.38 20.29 45.94
947
509.44 20.33 45.83
2984
513.10 20.35 45.82
5009
521.59 20.39 45.78
7033
524.72 20.42 45.68
9058
533.15 20.44 45.68
11082
539.45 20.50 45.70
13107
548.34 20.50 45.65
15131
553.15 20.57 45.54
17156
561.21 20.57 45.48
19431
581.06 20.66 45.24
26733
591.99 20.76 45.06
34036
595.07 20.86 44.87
41337
595.60 20.93 44.82
48640
597.43 20.99 44.69
55942
603.21 21.08 44.48
63244
605.20 21.16 44.40
70546
604.98 21.21 44.32
77847
607.87 21.28 44.21
85148
608.61 21.30 44.18
92450
610.07 21.39 44.10
99756
611.74 21.43 43.97
107058
611.87 21.49 43.95
114361
613.22 21.53 43.83
121662
614.91 21.56 43.72
128965
615.76 21.61 43.67
136266
615.98 21.67 43.59
143567
614.47 21.70 43.55
150871
614.69 21.75 43.43
158172
615.83 21.78 43.37
165475
616.42 21.82 43.32
172777
617.24 21.85 43.22
180079
616.85 21.88 43.20
187381
617.49 21.92 43.16
194684
617.71 21.95 43.04
201986
618.38 22.01 43.00
209288
618.98 22.04 42.93
216590
619.85 22.04 42.87
223891
620.03 22.09 42.86
231197
620.42 22.12 42.80
238498
620.39 22.16 42.76
245800
620.35 22.15 42.72
253104
620.00 22.19 42.62
260405
620.14 22.20 42.59
267708
620.35 22.23 42.58
275009
621.01 22.26 42.50
282310
621.94 22.27 42.46
289613
621.66 22.29 42.37
296914
621.18 22.30 42.36
304218
621.00 22.36 42.31
311520
620.89 22.37 42.24
318821
620.83 22.40 42.24
326124
620.53 22.39 42.24
333425
620.75 22.40 42.16
340726
620.63 22.42 42.14
348029
620.66 22.44 42.13
355331
620.75 22.44 42.13
362637
620.42 22.46 42.12
369940
621.27 22.47 42.03
377241
622.13 22.46 42.02
384543
622.11 22.49 41.98
391846
623.63 22.49 41.97
399149
624.03 22.53 41.96
406451
625.55 22.51 41.94
413752
625.65 22.53 41.94
421054
625.61 22.51 41.97
428356
626.62 22.57 41.89
435657
627.07 22.57 41.83
442960
628.02 22.57 41.85
450263
628.46 22.59 41.92
457565
629.02 22.60 41.85
464867
629.83 22.60 41.85
472168
630.92 22.61 41.81
479470
631.31 22.60 41.78
486772
632.33 22.60 41.71
494074
633.41 22.60 41.69
501380
634.39 22.60 41.74
508683
636.25 22.61 41.80
515984
636.74 22.61 41.74
523287
637.19 22.61 41.69
530589
637.63 22.61 41.74
537891
638.78 22.59 41.73
545193
639.40 22.63 41.69
552495
641.51 22.59 41.69
559796
641.91 22.61 41.72
567099
642.47 22.59 41.71
574400
642.68 22.57 41.67
581703
643.62 22.59 41.75
589005
643.98 22.60 41.74
596307
645.00 22.59 41.69
603610
645.36 22.59 41.72
610912
646.76 22.59 41.71
618213
646.74 22.60 41.68
625515
647.06 22.57 41.70
632820
647.10 22.59 41.68
640122
647.26 22.60 41.65
647426
647.59 22.57 41.60
654727
648.36 22.57 41.65
662029
649.56 22.56 41.61
669333
650.08 22.54 41.63
676634
649.50 22.53 41.60
683936
649.01 22.53 41.61
691238
648.81 22.50 41.65
698541
648.61 22.53 41.70
705844
648.77 22.51 41.73
713145
648.98 22.49 41.74
720447
649.69 22.50 41.76
727750
649.93 22.49 41.81
735051
650.15 22.46 41.82
742354
651.12 22.49 41.82
749656
651.64 22.47 41.86
756957
653.24 22.46 41.86
764281
655.29 22.47 41.89
771582
656.63 22.47 41.88
778886
657.86 22.44 41.89
786195
658.26 22.42 41.91
793496
658.83 22.44 41.87
800799
659.62 22.43 41.93
808101
659.71 22.42 41.87
815404
660.16 22.42 41.86
822706
660.65 22.43 41.89
830007
660.83 22.36 41.88
837309
661.67 22.39 41.87
844611
662.47 22.39 41.88
851913
662.43 22.39 41.93
859215
661.93 22.37 41.91
866518
662.76 22.37 41.95
873820
662.88 22.34 41.95
881122
662.93 22.36 41.98
888425
662.07 22.36 41.99
895729
662.21 22.36 41.99
903032
662.84 22.34 41.99
910333
662.41 22.34 41.96
917635
662.77 22.36 42.01
924938
663.25 22.34 42.02
932239
663.37 22.33 42.05
939542
663.71 22.32 42.06
946844
665.38 22.33 42.08
954146
666.03 22.32 42.10
961448
666.65 22.29 42.10
968752
666.77 22.29 42.13
976053
667.86 22.32 42.09
983355
667.20 22.29 42.09
990657
668.59 22.29 42.14
997958
669.33 22.27 42.14
1005260
669.61 22.26 42.17
1012562
670.29 22.27 42.21
1019865
670.68 22.27 42.18
1027168
671.09 22.26 42.17
1034472
671.66 22.26 42.17
1041775
672.82 22.26 42.18
1049076
673.49 22.25 42.21
1056377
674.68 22.26 42.25
1063681
675.31 22.23 42.21
1070982
675.76 22.25 42.20
1078285
676.05 22.23 42.17
1085587
676.09 22.25 42.22
1092889
675.89 22.22 42.19
1100191
676.88 22.22 42.18
1107494
677.06 22.20 42.23
1114796
677.21 22.25 42.22
1122099
677.97 22.20 42.30
1129400
678.30 22.20 42.32
1136701
678.11 22.23 42.01
1144004
674.76 22.20 41.72
1151305
658.15 22.19 41.62
1158611
604.76 22.17 41.64
1165915
589.76 22.17 41.70
1173216
588.02 22.15 41.76
1180518
589.97 22.19 41.80
1187825
599.00 22.16 41.88
1195126
600.53 22.15 42.04
1202429
603.84 22.13 42.12
1209731
605.84 22.15 41.73
1217032
601.73 22.13 41.41
1224335
585.52 22.12 40.96
1231636
498.70 22.08 40.97
1238939
482.27 22.08 41.15
1246241
477.68 22.07 41.02
1253542
473.26 22.05 41.09
1260846
478.34 22.04 41.33
1268147
484.95 21.99 41.39
1275449
486.33 21.99 41.34
1282751
489.33 21.97 41.22
1290056
491.55 21.95 41.50
1297358
494.77 21.94 41.46
1304662
496.59 21.91 41.28
1311963
496.94 21.92 41.27
1319266
494.03 21.90 41.03
1326568
489.08 21.87 40.98
1333869
485.80 21.88 40.94
1341172
482.03 21.82 40.93
1348473
482.06 21.81 41.10
1355774
479.20 21.80 40.95
1363078
475.83 21.78 40.91
1370379
474.32 21.75 41.12
1377682
474.54 21.74 41.18
1384984
475.52 21.74 41.29
1392285
477.14 21.73 41.29
1399588
477.49 21.70 41.26
1406892
477.12 21.68 41.15
1414193
476.32 21.67 41.24
1421499
475.07 21.68 41.20
1428800
472.52 21.67 41.09
1436101
470.72 21.64 41.25
1443404
471.96 21.60 41.26
1450705
472.05 21.64 41.25
1458009
470.84 21.60 41.05
1465311
468.10 21.56 41.15
1472612
467.93 21.56 41.44
1479915
468.41 21.53 41.41
1487218
468.56 21.54 41.64
1494519
469.00 21.52 41.70
1501822
470.89 21.53 41.86
1509124
473.47 21.54 42.06
1516425
481.48 21.56 42.04
1523728
505.14 21.53 42.07
1531029
500.08 21.56 41.93
1538332
499.81 21.52 41.81
1545638
492.72 21.50 41.82
1552940
490.35 21.47 41.89
1560243
486.56 21.47 41.93
1567544
484.81 21.47 41.98
1574845
481.62 21.47 41.99
1582148
480.02 21.49 41.95
1589449
478.92 21.49 41.94
1596770
477.09 21.47 42.01
1604073
477.14 21.45 41.92
1611374
477.69 21.47 41.92
1618677
478.40 21.46 42.02
1625979
479.04 21.43 41.94
1633282
478.46 21.40 41.93
1640584
478.03 21.46 41.80
1647886
475.88 21.40 41.83
1655187
474.54 21.43 41.94
1662489
474.89 21.43 42.02
1669791
475.53 21.43 42.12
1677104
476.06 21.40 42.24
1684407
477.07 21.40 42.24
1691708
478.64 21.40 42.50
1699011
480.71 21.40 42.34
1706313
483.16 21.39 42.20
1713615
484.23 21.40 42.14
1720918
485.40 21.40 42.14
1728220
486.14 21.38 42.14
1735521
486.68 21.39 42.23
1742824
487.99 21.39 42.07
1750125
488.45 21.40 41.91
1757426
489.66 21.39 41.90
1764729
491.07 21.38 42.05
1772030
492.19 21.38 41.98
1779334
491.69 21.35 41.89
1786636
490.20 21.35 41.82
1793938
488.25 21.38 41.84
1801240
485.73 21.32 41.82
1808546
476.50 21.33 41.91
1815847
472.54 21.33 42.08
1823151
472.62 21.33 42.35
1830452
479.00 21.36 42.56
1837753
480.33 21.38 42.24
1845056
479.27 21.36 42.02
1852357
479.07 21.39 41.88
1859660
477.68 21.38 41.98
1866962
478.01 21.39 42.04
1874265
478.33 21.39 42.21
1881567
478.30 21.43 42.17
1888871
478.50 21.42 42.03
1896172
478.33 21.40 41.91
1903475
477.47 21.42 41.80
1910776
476.66 21.42 41.74
1918077
475.55 21.43 41.76
1925381
473.04 21.45 41.55
1932685
471.22 21.45 41.55
1939988
469.95 21.43 41.57
1947290
467.50 21.40 41.53
1954592
465.72 21.39 41.75
1961894
463.52 21.42 41.70
1969196
460.95 21.40 41.67
1976498
460.30 21.40 41.67
1983800
458.94 21.39 41.67
1991102
460.01 21.40 41.67
1998405
459.16 21.36 41.62
2005707
458.80 21.38 41.81
2013008
460.82 21.38 41.85
2020312
460.81 21.40 41.80
2027615
460.61 21.40 41.51
2034916
