379.51 19.89 49.01
1157
379.83 19.94 48.91
3206
377.83 19.97 48.90
5228
376.13 20.01 48.86
7251
376.46 20.01 48.81
9275
376.06 20.02 48.78
11297
376.49 20.07 48.72
13321
377.81 20.08 48.64
15344
379.81 20.11 48.58
17368
381.00 20.13 48.52
19391
381.79 20.18 48.51
21413
383.09 20.16 48.45
23437
383.99 20.21 48.42
25460
384.89 20.22 48.39
27483
384.96 20.26 48.25
29506
385.73 20.28 48.20
31781
391.00 20.35 48.07
39085
396.55 20.40 47.89
46385
399.80 20.47 47.80
53686
400.35 20.53 47.69
60989
404.79 20.59 47.58
68294
409.06 20.64 47.50
75595
413.14 20.70 47.40
82896
415.29 20.74 47.31
90199
416.98 20.78 47.19
97502
418.63 20.80 47.11
104803
419.25 20.84 46.98
112104
421.89 20.91 46.95
119405
422.85 20.94 46.86
126707
422.47 20.97 46.86
134009
421.56 20.99 46.76
141312
421.34 21.05 46.75
148613
420.23 21.05 46.62
155915
419.82 21.08 46.59
163217
419.65 21.14 46.48
170519
420.46 21.14 46.42
177820
420.76 21.18 46.41
185122
421.33 21.19 46.35
192424
421.09 21.19 46.32
199730
421.73 21.25 46.26
207031
421.61 21.26 46.23
214333
422.25 21.29 46.22
221636
422.91 21.32 46.15
228937
424.11 21.34 46.08
236238
424.72 21.34 46.03
243540
425.29 21.36 45.99
250844
425.99 21.42 45.95
258145
427.99 21.42 45.94
265446
428.39 21.45 45.87
272749
428.08 21.48 45.83
280051
428.35 21.48 45.81
287352
429.65 21.49 45.78
294653
429.48 21.53 45.72
301957
430.01 21.53 45.75
309259
430.63 21.56 45.64
316560
431.47 21.57 45.64
323861
433.25 21.60 45.59
331167
433.73 21.62 45.57
338469
434.20 21.63 45.53
345771
435.65 21.65 45.52
353072
435.79 21.66 45.45
360375
436.73 21.69 45.42
367677
437.41 21.69 45.38
374978
437.59 21.73 45.37
382279
437.38 21.74 45.35
389580
436.78 21.72 45.26
396882
437.12 21.74 45.28
404185
438.09 21.74 45.22
411487
438.64 21.77 45.15
418788
438.36 21.80 45.10
426090
438.03 21.80 45.10
433392
439.15 21.83 45.09
440693
438.04 21.84 45.11
447994
438.20 21.84 45.05
455298
439.04 21.85 45.05
462600
439.41 21.87 44.99
469905
440.61 21.85 44.96
477206
441.10 21.89 44.96
484508
440.58 21.89 44.96
491811
440.86 21.90 44.90
499112
441.01 21.92 44.85
506414
440.64 21.92 44.87
513716
441.42 21.96 44.87
521018
441.15 21.96 44.90
528319
441.38 21.97 44.85
535620
442.55 21.97 44.83
542923
444.06 21.99 44.79
550225
443.81 22.00 44.73
557527
445.09 22.01 44.74
564828
446.81 22.01 44.69
572130
447.39 22.01 44.79
579433
449.76 22.04 44.82
586734
452.32 22.05 44.72
594035
454.17 22.05 44.67
601339
456.05 22.04 44.63
608643
456.78 22.08 44.61
615945
458.47 22.10 44.61
623246
460.18 22.08 44.53
630547
462.36 22.10 44.60
637877
463.62 22.11 44.56
645179
464.95 22.11 44.57
652480
466.65 22.13 44.56
659782
470.90 22.15 44.55
667084
476.49 22.14 44.54
674386
482.35 22.17 44.52
681689
486.91 22.15 44.50
688990
489.12 22.17 44.49
696292
490.21 22.18 44.48
703595
493.63 22.18 44.45
710896
493.05 22.18 44.48
718197
493.77 22.21 44.42
725508
494.20 22.20 44.41
732813
494.27 22.20 44.36
740114
492.86 22.20 44.32
747415
492.93 22.22 44.29
754718
492.87 22.24 44.28
762020
493.27 22.24 44.26
769321
494.78 22.24 44.33
776623
495.75 22.24 44.29
783924
495.91 22.25 44.25
791227
495.74 22.25 44.25
798529
494.95 22.25 44.23
805830
495.45 22.27 44.21
813131
495.19 22.28 44.15
820434
493.90 22.29 44.17
827737
493.23 22.27 44.16
835038
492.60 22.29 44.17
842339
492.19 22.28 44.14
849642
491.22 22.31 44.17
856944
490.29 22.28 44.10
864245
488.86 22.31 44.01
871549
488.31 22.31 44.07
878853
487.16 22.35 44.03
886155
486.57 22.32 44.06
893456
485.98 22.34 44.02
900757
486.53 22.35 44.04
908060
486.91 22.32 44.06
915362
486.44 22.32 43.98
922663
487.85 22.34 43.99
929965
488.46 22.35 43.95
937267
487.22 22.36 43.99
944570
486.94 22.35 43.94
951874
486.71 22.36 43.97
959175
486.21 22.38 44.01
966476
485.98 22.36 43.97
973778
486.40 22.36 43.94
981082
487.18 22.38 43.94
988383
488.79 22.38 43.95
995684
490.67 22.41 43.96
1002989
491.77 22.38 43.88
1010292
492.66 22.39 43.90
1017593
493.49 22.38 43.86
1024894
494.18 22.41 43.85
1032198
494.26 22.41 43.86
1039500
494.97 22.42 43.85
1046801
496.56 22.41 43.79
1054103
498.26 22.42 43.78
1061405
498.87 22.42 43.77
1068708
498.89 22.43 43.74
1076009
499.30 22.43 43.80
1083311
498.66 22.43 43.76
1090613
498.85 22.43 43.76
1097916
499.65 22.43 43.77
1105217
499.47 22.45 43.77
1112518
500.24 22.43 43.78
1119819
500.02 22.45 43.80
1127122
500.18 22.46 43.75
1134429
502.66 22.45 43.76
1141730
504.03 22.46 43.78
1149031
505.40 22.49 43.79
1156333
507.64 22.49 43.78
1163636
509.00 22.48 43.72
1170937
510.89 22.46 43.71
1178238
511.39 22.49 43.67
1185542
512.54 22.49 43.71
1192844
513.81 22.48 43.67
1200145
513.91 22.51 43.66
1207446
515.21 22.48 43.67
1214749
516.28 22.48 43.64
1222051
516.16 22.52 43.62
1229352
518.06 22.49 43.66
1236654
517.95 22.49 43.66
1243956
519.57 22.52 43.62
1251259
519.74 22.51 43.64
1258563
521.70 22.52 43.62
1265864
522.38 22.54 43.57
1273166
522.56 22.51 43.60
1280468
521.86 22.52 43.55
1287771
521.35 22.54 43.53
1295073
520.67 22.52 43.51
1302374
520.65 22.54 43.51
1309676
519.88 22.49 43.46
1316978
518.23 22.52 43.42
1324280
517.35 22.52 43.40
1331581
516.60 22.52 43.40
1338884
515.20 22.51 43.39
1346186
514.51 22.51 43.39
1353488
513.62 22.54 43.43
1360789
513.12 22.52 43.38
1368091
511.63 22.52 43.27
1375394
511.24 22.51 43.19
1382696
509.59 22.54 43.18
1390001
507.29 22.54 43.17
1397302
505.23 22.54 43.11
1404605
503.18 22.54 43.13
1411907
499.36 22.54 43.14
1419236
495.60 22.54 43.13
1426537
492.61 22.52 43.10
1433839
491.97 22.54 43.06
1441142
488.91 22.52 43.10
1448443
485.95 22.52 43.13
1455745
482.91 22.55 43.07
1463047
480.69 22.55 43.08
1470350
478.32 22.54 43.06
1477651
476.30 22.54 43.07
1484952
471.60 22.54 43.00
1492253
467.82 22.56 43.06
1499556
462.28 22.52 43.09
1506859
456.01 22.55 43.11
1514160
454.10 22.52 43.15
1521459
451.04 22.55 43.15
1528761
449.32 22.54 43.13
1536064
449.52 22.54 43.08
1543365
448.75 22.54 43.12
1550666
448.40 22.55 43.08
1557969
447.80 22.54 43.11
1565272
446.31 22.54 43.13
1572573
446.61 22.52 43.15
1579874
447.59 22.55 43.10
1587177
448.42 22.55 43.13
1594479
448.35 22.55 43.12
1601780
448.23 22.54 43.12
1609081
450.89 22.55 43.07
1616393
452.06 22.58 43.06
1623695
452.97 22.56 43.07
1630996
452.12 22.55 43.07
1638298
452.27 22.56 43.00
1645602
452.42 22.55 43.00
1652904
451.63 22.56 43.02
1660208
450.02 22.58 42.96
1667509
448.43 22.56 42.93
1674810
447.47 22.56 42.96
1682112
446.67 22.59 42.96
1689415
445.36 22.58 42.88
1696716
444.11 22.56 42.80
1704017
442.43 22.58 42.77
1711321
439.94 22.58 42.73
1718623
439.67 22.58 42.78
1725924
438.18 22.61 42.80
1733225
437.98 22.56 42.80
1740528
436.34 22.59 42.78
1747830
435.37 22.56 42.79
1755131
434.21 22.58 42.74
1762433
433.60 22.58 42.73
1769736
432.28 22.59 42.70
1777041
431.54 22.58 42.70
1784342
430.03 22.58 42.71
1791644
428.63 22.61 42.64
1798952
428.49 22.59 42.65
1806255
427.61 22.58 42.63
1813556
427.39 22.59 42.58
1820857
425.90 22.58 42.62
1828158
425.73 22.59 42.56
1835461
425.62 22.59 42.59
1842763
425.41 22.59 42.61
1850064
424.89 22.62 42.59
1857367
423.51 22.61 42.56
1864669
422.92 22.62 42.55
1871972
422.41 22.59 42.55
1879273
421.96 22.59 42.48
1886574
421.51 22.61 42.50
1893876
420.30 22.61 42.47
1901182
418.99 22.59 42.48
1908484
417.87 22.59 42.50
1915785
417.27 22.59 42.52
1923088
416.99 22.61 42.49
1930390
415.31 22.59 42.46
1937691
414.29 22.59 42.49
1944992
413.86 22.59 42.43
1952295
412.93 22.61 42.43
1959598
411.70 22.61 42.47
1966899
410.18 22.59 42.49
1974200
408.88 22.61 42.48
1981506
409.51 22.59 42.44
1988809
408.41 22.56 42.44
1996110
408.14 22.56 42.46
2003411
407.77 22.58 42.46
2010713
408.10 22.58 42.45
2018016
407.88 22.61 42.40
2025318
407.82 22.58 42.40
2032623
407.40 22.58 42.38
2039924
405.93 22.59 42.36
2047226
405.48 22.59 42.36
2054530
404.73 22.58 42.35
2061831
403.59 22.59 42.33
2069132
402.29 22.59 42.34
2076434
401.82 22.56 42.34
2083736
400.21 22.55 42.32
2091037
398.62 22.59 42.29
2098339
397.83 22.56 42.35
2105641
