356.86 20.47 47.78
5924
544.61 20.49 47.68
8004
533.49 20.50 47.71
10028
557.25 20.59 47.50
1238
559.64 20.60 47.48
3262
564.34 20.63 47.47
5286
562.53 20.63 47.40
7311
562.71 20.66 47.37
9335
565.80 20.66 47.35
11360
568.67 20.67 47.30
13384
570.78 20.67 47.28
17410
569.73 20.70 47.28
19433
571.08 20.73 47.23
21455
572.59 20.73 47.23
23479
573.75 20.73 47.17
25502
576.36 20.78 47.17
27526
579.48 20.77 47.12
29550
580.11 20.78 47.10
31575
579.52 20.80 47.06
33599
580.54 20.80 47.06
35623
583.72 20.84 47.01
37652
584.91 20.84 47.01
39676
585.60 20.84 47.04
41701
586.88 20.90 47.01
45726
586.39 20.88 46.94
47749
587.25 20.88 46.97
49772
588.40 20.88 46.95
51795
590.14 20.91 46.93
54070
593.60 20.95 46.99
61371
596.66 20.97 46.91
68673
599.15 21.04 46.80
75975
601.20 21.05 46.70
83276
604.08 21.06 46.65
90579
604.71 21.09 46.63
97881
604.90 21.12 46.50
105182
604.83 21.18 46.48
112485
605.94 21.21 46.43
119786
606.98 21.25 46.35
127087
606.87 21.28 46.32
134389
608.31 21.30 46.24
141694
608.99 21.32 46.25
148997
609.46 21.33 46.16
156300
610.78 21.35 46.09
163601
611.26 21.38 46.06
170903
612.16 21.39 46.00
178206
612.80 21.45 45.97
185507
613.67 21.46 45.92
192809
613.91 21.50 45.84
200111
615.32 21.52 45.79
207413
615.76 21.54 45.70
214715
616.67 21.56 45.64
222016
617.83 21.58 45.65
229319
618.86 21.60 45.66
236621
619.59 21.64 45.61
243922
619.65 21.67 45.54
251226
619.96 21.68 45.53
258527
620.53 21.70 45.50
265828
621.49 21.73 45.45
273134
622.23 21.75 45.34
280435
623.30 21.77 45.33
287737
625.10 21.77 45.30
295040
625.64 21.82 45.19
302342
626.25 21.84 45.17
309644
627.31 21.84 45.17
316946
628.45 21.87 45.09
324248
628.78 21.91 45.11
331550
629.25 21.91 45.05
338851
630.02 21.95 45.02
346152
630.86 21.95 44.97
353456
632.35 21.98 44.98
360757
632.98 21.99 44.91
368059
633.92 22.01 44.87
375362
634.36 22.04 44.85
382663
635.97 22.07 44.80
389965
637.23 22.08 44.80
397268
638.85 22.08 44.74
404573
639.63 22.11 44.75
411876
641.05 22.12 44.63
419177
643.16 22.15 44.51
426478
643.01 22.15 44.54
433781
644.26 22.17 44.51
441082
644.81 22.20 44.49
448385
644.81 22.22 44.47
455687
645.23 22.25 44.36
462989
645.00 22.25 44.36
470291
645.05 22.27 44.33
477592
645.18 22.26 44.24
484893
645.79 22.30 44.24
492196
644.43 22.29 44.28
499497
644.32 22.33 44.22
506800
644.46 22.32 44.18
514103
646.41 22.36 44.09
521404
646.09 22.37 44.09
528706
646.44 22.40 44.09
536012
646.26 22.39 44.04
543313
647.34 22.43 44.03
550616
646.50 22.43 44.00
557918
646.29 22.43 43.98
565222
646.66 22.46 43.91
572524
646.39 22.46 43.93
579826
647.14 22.50 43.91
587128
646.89 22.50 43.88
594430
647.85 22.51 43.87
601733
648.15 22.51 43.82
609035
647.99 22.51 43.83
616336
648.56 22.53 43.78
623637
649.26 22.54 43.77
630940
649.25 22.56 43.71
638241
649.59 22.54 43.67
645543
650.83 22.59 43.71
652847
651.50 22.57 43.72
660148
651.03 22.59 43.71
667450
651.54 22.57 43.68
674756
652.81 22.59 43.65
682057
654.18 22.63 43.64
689378
656.06 22.61 43.64
696679
656.05 22.61 43.68
703981
655.74 22.63 43.62
711284
658.60 22.66 43.60
718593
660.02 22.63 43.57
725895
661.61 22.66 43.54
733198
662.88 22.66 43.54
740499
662.59 22.67 43.57
747801
662.82 22.67 43.48
755102
662.83 22.68 43.51
762404
662.30 22.68 43.45
769707
663.60 22.71 43.47
777008
664.79 22.68 43.41
784311
665.54 22.70 43.48
791613
665.35 22.70 43.45
798914
665.95 22.70 43.40
806220
666.10 22.71 43.37
813523
667.74 22.71 43.39
820825
669.11 22.72 43.37
828127
670.85 22.75 43.31
835428
671.64 22.74 43.39
842731
672.46 22.74 43.31
850033
673.64 22.75 43.30
857334
673.35 22.75 43.31
864637
673.74 22.78 43.29
871940
674.92 22.77 43.27
879241
675.26 22.78 43.25
886544
676.47 22.79 43.18
893845
677.73 22.77 43.25
901146
678.49 22.77 43.20
908449
679.11 22.78 43.21
915750
680.31 22.78 43.16
923053
680.85 22.78 43.17
930356
682.20 22.77 43.22
937660
683.79 22.79 43.19
944962
684.48 22.77 43.22
952265
685.68 22.77 43.13
959566
686.12 22.79 43.19
966870
687.49 22.78 43.13
974171
688.91 22.78 43.15
981472
690.51 22.78 43.16
988775
691.14 22.75 43.14
996076
690.97 22.78 43.10
1003378
691.64 22.79 43.10
1010681
692.14 22.75 43.09
1017982
692.95 22.78 43.06
1025285
694.37 22.78 43.07
1032587
694.42 22.78 43.12
1039888
694.93 22.77 43.01
1047190
692.48 22.78 42.55
1054492
683.46 22.75 42.70
1061794
566.11 22.72 42.52
1069101
515.56 22.68 42.15
1076402
511.27 22.68 42.12
1083705
508.45 22.63 42.25
1091007
506.30 22.61 42.15
1098308
502.75 22.60 42.16
1105611
502.43 22.56 42.22
1112912
501.38 22.50 42.24
1120214
503.79 22.49 42.37
1127517
502.66 22.47 42.36
1134818
500.72 22.47 42.28
1142120
498.31 22.47 42.29
1149423
495.44 22.44 42.42
1156724
492.86 22.43 42.40
1164027
492.13 22.40 42.48
1171330
487.11 22.36 42.50
1178631
487.01 22.37 42.60
1185934
486.79 22.33 42.72
1193235
486.24 22.34 42.91
1200539
486.29 22.32 43.11
1207842
489.50 22.32 43.25
1215143
495.30 22.32 43.32
1222446
504.85 22.32 43.34
1229749
514.64 22.29 43.19
1237050
514.90 22.32 42.98
1244353
508.09 22.30 42.72
1251654
500.87 22.30 42.69
1258955
499.83 22.27 42.86
1266257
500.34 22.29 43.03
1273560
501.22 22.26 43.10
1280862
505.15 22.23 43.21
1288165
509.77 22.25 43.15
1295466
514.33 22.25 43.29
1302768
535.63 22.25 43.45
1310071
590.58 22.26 43.40
1317372
604.96 22.26 43.26
1324676
598.59 22.27 43.16
1331980
596.37 22.32 42.98
1339281
583.71 22.26 42.84
1346584
575.80 22.25 43.03
1353885
573.30 22.25 43.12
1361188
572.69 22.26 43.18
1368491
571.68 22.26 43.18
1375792
573.13 22.27 43.23
1383095
575.21 22.29 43.23
1390397
575.92 22.29 42.92
1397699
575.64 22.29 42.92
1405001
571.64 22.29 42.69
1412302
567.30 22.33 42.72
1419606
562.11 22.26 42.63
1426908
552.20 22.27 42.49
1434210
520.11 22.27 42.60
1441512
497.66 22.27 42.54
1448815
481.20 22.29 42.27
1456119
480.90 22.30 42.32
1463421
478.68 22.26 42.33
1470724
478.09 22.25 42.50
1478025
479.11 22.26 42.47
1485327
479.73 22.23 42.44
1492628
478.74 22.20 42.49
1499931
477.76 22.23 42.55
1507233
474.02 22.20 42.49
1514535
470.86 22.15 42.47
1521838
467.72 22.12 42.35
1529139
463.29 22.12 42.34
1536457
459.25 22.08 42.38
1543760
458.48 22.08 42.49
1551062
458.30 22.04 42.57
1558365
458.75 22.07 42.59
1565667
460.06 22.04 42.67
1572968
461.10 22.04 42.77
1580271
462.79 22.02 42.79
1587577
463.54 22.02 42.83
1594878
464.36 21.99 42.80
1602181
465.23 22.01 42.75
1609490
467.21 22.02 42.83
1616791
467.74 21.99 42.92
1624093
471.63 21.99 42.95
1631395
475.78 21.99 42.97
1638697
478.04 21.98 42.91
1646001
480.46 21.97 42.88
1653302
481.04 21.97 42.87
1660604
480.15 21.94 42.86
1667906
479.02 21.94 42.80
1675207
477.34 21.90 42.70
1682509
474.77 21.90 42.73
1689810
473.30 21.88 42.81
1697114
471.14 21.88 42.83
1704416
470.39 21.87 42.84
1711718
469.90 21.85 42.77
1719018
468.30 21.82 42.85
1726320
467.02 21.77 42.81
1733621
466.28 21.77 42.94
1740924
465.75 21.77 43.04
1748226
466.76 21.71 43.18
1755529
467.57 21.74 43.36
1762831
469.99 21.71 43.29
1770132
471.12 21.71 43.31
1777435
472.32 21.70 43.45
1784737
473.25 21.67 43.28
1792038
474.81 21.68 43.41
1799342
476.53 21.68 43.39
1806643
478.66 21.67 43.45
1813944
480.16 21.65 43.34
1821247
480.09 21.64 43.27
1828548
479.84 21.63 43.27
1835850
479.22 21.64 43.15
1843156
477.37 21.65 43.20
1850458
476.15 21.63 43.22
1857761
475.70 21.63 43.19
1865064
477.05 21.64 43.26
1872365
476.81 21.60 43.22
1879668
477.13 21.57 43.20
1886969
476.44 21.60 43.17
1894270
475.84 21.57 43.18
1901574
474.89 21.56 43.25
1908875
474.66 21.54 43.30
1916177
474.29 21.53 43.31
1923480
474.21 21.50 43.49
1930781
475.04 21.52 43.43
1938083
