669.91 19.66 50.11
897
661.78 19.69 50.09
2936
654.68 19.71 50.03
4961
653.64 19.75 50.00
8986
653.11 19.79 49.93
11009
648.39 19.82 49.89
13032
645.01 19.82 49.84
15055
647.51 19.88 49.79
17078
648.20 19.88 49.70
19101
646.87 19.92 49.67
21125
647.76 19.95 49.60
23147
647.40 19.95 49.54
25172
647.92 19.99 49.49
27196
649.35 20.02 49.44
29220
648.50 20.05 49.42
31496
650.67 20.10 49.26
38798
655.08 20.20 49.08
46099
655.28 20.26 48.97
53401
657.78 20.34 48.79
60702
661.10 20.37 48.74
68004
660.67 20.43 48.61
75311
661.15 20.50 48.49
82612
661.95 20.51 48.41
89914
662.82 20.57 48.32
97215
663.88 20.60 48.21
104517
665.64 20.64 48.16
111819
666.35 20.68 48.07
119120
666.58 20.71 48.04
126424
666.31 20.74 47.95
133725
666.77 20.77 47.91
141027
667.25 20.78 47.88
148329
668.22 20.82 47.77
155630
667.73 20.85 47.73
162933
669.70 20.87 47.64
170234
670.42 20.91 47.65
177537
671.47 20.94 47.60
184838
671.81 20.95 47.60
192139
672.66 20.95 47.51
199441
673.21 20.98 47.44
206745
674.99 20.99 47.41
214048
674.97 21.03 47.40
221349
675.94 21.02 47.34
228652
677.02 21.06 47.32
235954
678.23 21.11 47.27
243255
679.30 21.09 47.21
250558
680.06 21.12 47.17
257858
680.65 21.15 47.17
265161
682.51 21.16 47.17
272463
684.03 21.19 47.12
279764
685.16 21.19 47.05
287067
687.16 21.20 47.01
294368
689.43 21.22 47.00
301671
690.51 21.23 46.99
308972
692.40 21.25 46.95
316272
693.85 21.26 46.92
323575
695.82 21.28 46.90
330876
697.03 21.30 46.86
338182
698.88 21.32 46.83
345483
700.88 21.32 46.85
352785
703.49 21.35 46.80
360088
704.52 21.35 46.68
367389
710.41 21.39 46.72
374691
711.23 21.38 46.65
381992
712.69 21.39 46.63
389295
713.31 21.39 46.61
396597
713.42 21.42 46.57
403898
715.12 21.42 46.55
411201
715.30 21.43 46.49
418502
715.43 21.46 46.59
425804
716.47 21.45 46.46
433107
716.96 21.49 46.44
440409
717.69 21.49 46.45
447711
718.95 21.49 46.42
455012
720.34 21.52 46.36
462315
721.23 21.53 46.35
469616
723.69 21.52 46.32
476920
724.32 21.53 46.32
484222
723.05 21.54 46.31
491524
722.54 21.53 46.24
498827
722.25 21.56 46.23
506128
723.26 21.54 46.26
513430
724.60 21.59 46.22
520732
726.40 21.57 46.18
528033
725.68 21.59 46.19
535335
726.37 21.60 46.13
542637
726.88 21.61 46.16
549940
726.75 21.61 46.12
557242
726.83 21.63 46.13
564543
726.18 21.61 46.05
571845
726.82 21.63 46.09
579146
728.13 21.66 46.08
586448
728.12 21.66 46.04
593751
729.14 21.64 46.03
601052
730.11 21.69 45.99
608357
731.10 21.66 46.00
615658
732.92 21.71 45.98
622960
734.94 21.70 45.97
630262
737.19 21.71 45.97
637564
739.13 21.71 45.96
644867
742.35 21.71 45.94
652168
744.89 21.73 45.90
659470
747.25 21.71 45.92
666772
747.68 21.74 45.88
674074
748.59 21.74 45.85
681376
748.61 21.76 45.84
688677
747.28 21.77 45.86
695980
748.23 21.77 45.81
703282
747.29 21.77 45.82
710584
747.44 21.77 45.83
717905
748.10 21.77 45.75
725207
749.75 21.77 45.73
732509
750.51 21.80 45.79
739813
750.21 21.80 45.72
747123
750.52 21.81 45.67
754424
751.38 21.82 45.70
761726
751.31 21.80 45.71
769029
750.52 21.82 45.66
776330
750.32 21.81 45.65
783632
750.53 21.82 45.62
790933
751.41 21.82 45.66
798236
751.92 21.84 45.61
805537
752.96 21.82 45.62
812839
753.54 21.85 45.63
820142
755.23 21.85 45.62
827443
754.82 21.87 45.60
834746
756.75 21.87 45.56
842047
757.42 21.88 45.58
849349
757.73 21.85 45.52
856651
757.77 21.88 45.57
863952
758.21 21.93 45.56
871255
759.11 21.90 45.58
878560
760.34 21.88 45.49
885862
760.38 21.91 45.51
893163
761.71 21.90 45.49
900465
762.82 21.91 45.50
907768
763.29 21.91 45.54
915069
764.01 21.91 45.55
922372
765.69 21.91 45.51
929673
766.47 21.94 45.49
936975
767.18 21.94 45.47
944276
768.71 21.94 45.45
951577
768.85 21.93 45.47
958880
769.93 21.96 45.43
966181
769.44 21.97 45.43
973484
771.53 21.97 45.42
980785
773.02 21.96 45.40
988087
774.16 21.96 45.42
995389
775.23 21.96 45.38
1002691
775.33 21.97 45.42
1009996
776.14 21.97 45.41
1017297
777.90 21.97 45.36
1024601
778.91 21.98 45.38
1031902
779.65 21.98 45.32
1039204
780.59 21.97 45.34
1046507
780.22 21.98 45.34
1053808
781.31 21.98 45.34
1061110
781.28 22.00 45.34
1068411
782.32 22.01 45.31
1075715
783.11 22.03 45.29
1083017
783.34 22.00 45.30
1090318
783.84 22.01 45.31
1097620
785.63 22.01 45.27
1104922
785.61 22.04 45.30
1112224
787.29 22.03 45.25
1119526
788.40 22.03 45.28
1126828
789.21 22.01 45.29
1134134
790.96 22.00 45.28
1141435
792.80 22.03 45.33
1148738
791.67 22.03 45.31
1156039
792.47 22.04 45.28
1163341
792.58 22.03 45.28
1170643
792.98 22.03 45.27
1177945
793.88 22.07 45.20
1185247
794.23 22.05 45.25
1192548
795.16 22.05 45.23
1199851
796.06 22.04 45.15
1207152
796.69 22.05 45.11
1214453
796.68 22.04 45.07
1221755
796.84 22.03 45.08
1229057
796.67 22.05 45.13
1236360
797.18 22.05 45.06
1243661
797.32 22.07 45.11
1250963
796.70 22.08 45.13
1258265
797.16 22.04 45.07
1265569
796.44 22.07 45.03
1272872
795.59 22.05 44.98
1280174
794.97 22.05 44.98
1287476
793.96 22.05 44.90
1294777
793.25 22.07 44.85
1302080
791.47 22.07 44.88
1309382
789.01 22.05 44.79
1316683
785.57 22.07 44.75
1323985
766.93 22.07 44.76
1331287
752.21 22.08 44.70
1338590
748.30 22.07 44.72
1345891
747.64 22.08 44.72
1353192
744.77 22.08 44.74
1360494
741.60 22.07 44.67
1367795
739.14 22.08 44.77
1375097
736.31 22.07 44.74
1382398
733.23 22.07 44.73
1389701
730.21 22.07 44.73
1397007
726.91 22.04 44.73
1404308
725.27 22.05 44.66
1411611
722.90 22.07 44.78
1418912
720.69 22.08 44.77
1426214
721.27 22.07 44.79
1433516
720.69 22.05 44.83
1440818
721.93 22.08 44.81
1448120
722.58 22.07 44.88
1455422
722.10 22.08 44.82
1462724
722.32 22.07 44.78
1470025
721.78 22.08 44.72
1477327
721.08 22.05 44.71
1484628
720.57 22.07 44.65
1491932
720.19 22.08 44.71
1499234
718.69 22.07 44.68
1506535
717.81 22.07 44.78
1513838
718.34 22.07 44.83
1521142
718.90 22.07 44.78
1528444
719.83 22.07 44.72
1535766
721.94 22.08 44.73
1543068
723.40 22.07 44.72
1550371
725.71 22.07 44.67
1557672
726.80 22.08 44.67
1564975
728.34 22.08 44.78
1572276
729.53 22.08 44.80
1579578
731.12 22.07 44.72
1586879
734.48 22.10 44.60
1594180
737.37 22.08 44.70
1601482
740.63 22.10 44.61
1608783
740.07 22.08 44.43
1616087
739.49 22.10 44.48
1623388
737.74 22.10 44.46
1630690
737.29 22.08 44.46
1637992
736.42 22.10 44.38
1645300
736.25 22.08 44.44
1652606
735.14 22.07 44.48
1659908
735.09 22.08 44.46
1667210
734.32 22.07 44.45
1674513
732.95 22.08 44.47
1681814
732.10 22.08 44.46
1689116
730.48 22.08 44.55
1696417
729.88 22.08 44.50
1703719
729.10 22.08 44.49
1711021
728.42 22.08 44.56
1718323
727.93 22.08 44.59
1725625
727.74 22.08 44.49
1732926
727.71 22.08 44.54
1740228
726.12 22.10 44.43
1747529
726.74 22.08 44.44
1754832
726.11 22.08 44.44
1762135
724.52 22.10 44.40
1769436
723.65 22.08 44.33
1776739
723.67 22.08 44.36
1784043
723.02 22.08 44.37
1791345
723.16 22.08 44.31
1798648
721.78 22.10 44.31
1805949
719.75 22.07 44.29
1813252
718.06 22.08 44.27
1820553
715.97 22.10 44.18
1827856
713.74 22.08 44.24
1835157
710.72 22.07 44.27
1842459
707.61 22.07 44.28
1849761
706.68 22.05 44.22
1857062
703.75 22.05 44.18
1864366
702.34 22.07 44.24
1871667
700.15 22.07 44.22
1878969
698.31 22.08 44.20
1886271
696.35 22.07 44.22
1893573
695.52 22.10 44.26
1900875
695.21 22.07 44.27
1908179
694.19 22.08 44.26
1915482
692.83 22.08 44.19
1922783
693.05 22.08 44.20
1930086
692.13 22.08 44.20
1937388
691.51 22.08 44.20
1944689
692.22 22.08 44.24
1951991
691.84 22.08 44.20
1959293
691.33 22.07 44.26
1966596
691.13 22.10 44.23
1973897
691.45 22.07 44.20
1981198
690.10 22.10 44.15
1988500
688.35 22.10 44.16
1995801
686.93 22.10 44.18
2003103
684.16 22.07 44.14
2010404
683.41 22.10 44.14
2017708
682.35 22.08 44.10
2025010
681.85 22.10 44.06
2032311
680.42 22.07 44.04
2039617
679.80 22.08 44.05
2046918
679.20 22.08 44.07
2054220
