133.96 19.67 44.69
1017
128.99 19.71 44.61
3082
125.88 19.75 44.63
5106
126.55 19.78 44.59
7132
125.76 19.81 44.51
9156
127.46 19.84 44.48
11181
130.03 19.85 44.44
13205
130.65 19.89 44.42
15229
132.00 19.91 44.36
17506
137.06 20.01 44.16
24808
140.16 20.08 44.06
32111
143.22 20.15 43.89
39412
147.04 20.23 43.74
46713
149.55 20.30 43.64
54016
150.07 20.36 43.53
61318
150.55 20.42 43.48
68619
156.65 20.47 43.34
75921
157.44 20.53 43.27
83223
160.13 20.54 43.20
90525
161.30 20.61 43.15
97827
162.80 20.66 42.98
105132
165.00 20.70 42.95
112435
165.68 20.71 42.96
119737
166.92 20.76 42.80
127038
167.08 20.81 42.77
134340
167.06 20.86 42.69
141641
167.46 20.87 42.69
148943
167.01 20.87 42.57
156244
166.87 20.91 42.56
163547
167.08 20.95 42.52
170848
166.86 20.95 42.47
178150
167.01 21.01 42.43
185453
166.44 21.01 42.40
192754
165.71 21.05 42.34
200055
166.06 21.05 42.26
207358
167.31 21.08 42.31
214661
168.00 21.11 42.28
221963
169.47 21.12 42.17
229264
169.79 21.15 42.18
236570
169.53 21.15 42.14
243872
169.57 21.18 42.09
251174
170.26 21.19 42.07
258476
170.57 21.22 42.02
265778
170.35 21.25 42.03
273081
170.65 21.28 41.98
280382
171.01 21.29 41.93
287684
171.69 21.29 41.87
294986
172.14 21.31 41.88
302289
172.57 21.35 41.83
309591
173.82 21.35 41.85
316893
174.18 21.36 41.80
324195
175.72 21.39 41.75
331498
176.35 21.38 41.81
338799
177.22 21.41 41.80
346100
177.70 21.44 41.77
353403
178.72 21.42 41.83
360706
180.80 21.45 41.74
368011
182.32 21.45 41.70
375312
185.26 21.48 41.66
382614
191.78 21.46 41.61
389916
192.85 21.49 41.63
397219
196.52 21.50 41.58
404520
197.59 21.52 41.49
411822
200.90 21.52 41.52
419124
199.82 21.55 41.51
426427
198.26 21.53 41.45
433728
199.05 21.57 41.42
441029
197.79 21.56 41.39
448332
196.06 21.59 41.38
455635
196.43 21.63 41.34
462937
196.66 21.62 41.33
470238
196.01 21.63 41.30
477540
195.51 21.63 41.31
484843
195.25 21.63 41.26
492144
194.59 21.67 41.22
499446
194.50 21.65 41.22
506752
193.40 21.66 41.16
514055
192.94 21.67 41.20
521356
192.20 21.70 41.18
528657
192.67 21.70 41.13
535959
192.83 21.70 41.14
543261
192.44 21.72 41.08
550564
192.91 21.73 41.09
557865
192.85 21.77 41.04
565167
192.75 21.73 41.05
572470
192.87 21.76 41.02
579772
193.53 21.77 41.00
587074
193.85 21.78 41.00
594375
193.54 21.78 40.99
601677
193.11 21.81 40.98
608980
192.45 21.80 40.94
616282
191.45 21.81 40.91
623583
191.36 21.80 40.84
630886
191.96 21.83 40.85
638192
192.99 21.81 40.85
645493
193.98 21.83 40.91
652794
193.92 21.83 40.86
660098
194.05 21.85 40.89
667400
194.39 21.85 40.85
674701
194.76 21.85 40.89
682003
195.59 21.85 40.86
689304
195.02 21.85 40.85
696606
195.40 21.90 40.82
703936
196.61 21.90 40.83
711238
197.39 21.90 40.82
718539
197.95 21.90 40.77
725841
198.45 21.90 40.78
733145
199.42 21.94 40.75
740446
200.12 21.93 40.74
747747
200.02 21.96 40.67
755050
200.93 21.96 40.67
762352
201.50 21.96 40.67
769657
201.81 21.96 40.69
776958
202.60 21.99 40.66
784262
201.93 21.97 40.61
791564
201.94 21.97 40.58
798873
202.37 21.99 40.56
806174
202.23 21.97 40.53
813476
201.72 21.99 40.53
820780
200.83 22.01 40.51
828081
200.16 22.04 40.52
835383
200.25 22.01 40.50
842684
200.42 22.01 40.50
849986
199.81 22.03 40.45
857289
198.78 22.04 40.52
864590
199.06 22.03 40.48
871891
198.54 22.03 40.45
879195
197.66 22.05 40.47
886497
195.80 22.05 40.48
893799
194.24 22.04 40.43
901103
195.64 22.07 40.44
908406
195.18 22.05 40.40
915708
195.16 22.05 40.41
923010
194.63 22.08 40.40
930312
193.59 22.07 40.39
937614
193.33 22.10 40.40
944917
192.71 22.10 40.40
952218
192.93 22.10 40.38
959519
193.64 22.13 40.35
966822
194.30 22.11 40.44
974125
194.68 22.10 40.33
981427
195.22 22.11 40.32
988728
195.83 22.10 40.32
996029
196.89 22.10 40.30
1003331
197.31 22.13 40.33
1010634
197.89 22.13 40.31
1017935
199.10 22.10 40.35
1025238
200.43 22.13 40.31
1032540
201.63 22.13 40.31
1039846
203.28 22.13 40.35
1047148
204.93 22.14 40.32
1054449
206.06 22.15 40.31
1061751
206.02 22.14 40.28
1069054
207.02 22.13 40.32
1076356
207.06 22.14 40.27
1083658
207.15 22.15 40.32
1090961
208.20 22.15 40.27
1098263
208.41 22.18 40.29
1105564
208.60 22.15 40.27
1112866
210.05 22.17 40.25
1120168
210.59 22.17 40.21
1127472
211.13 22.18 40.22
1134774
212.13 22.17 40.20
1142075
212.62 22.21 40.25
1149377
212.53 22.18 40.22
1156680
214.12 22.20 40.18
1163984
214.88 22.21 40.20
1171287
216.55 22.20 40.18
1178588
216.95 22.21 40.14
1185891
215.92 22.20 40.18
1193193
216.69 22.20 40.15
1200495
217.31 22.21 40.14
1207796
218.14 22.21 40.07
1215099
219.02 22.25 40.11
1222402
219.21 22.22 40.12
1229704
218.74 22.24 40.20
1237005
219.08 22.22 40.18
1244308
219.81 22.21 40.14
1251610
220.20 22.22 40.11
1258911
220.07 22.22 40.15
1266213
220.65 22.24 40.10
1273516
220.85 22.25 40.03
1280819
221.00 22.21 39.96
1288120
220.58 22.24 39.95
1295425
219.63 22.27 39.70
1302727
218.99 22.24 39.61
1310030
217.44 22.27 39.51
1317331
213.73 22.25 39.46
1324634
175.03 22.27 39.48
1331935
159.16 22.27 39.47
1339237
157.93 22.27 39.63
1346540
163.79 22.28 39.66
1353841
167.11 22.28 39.65
1361143
167.78 22.29 39.49
1368445
167.04 22.29 39.49
1375749
167.30 22.29 39.40
1383050
166.14 22.29 39.43
1390351
165.35 22.29 39.46
1397654
165.83 22.31 39.43
1404956
164.61 22.31 39.38
1412258
162.90 22.31 39.29
1419559
163.26 22.29 39.28
1426860
163.07 22.31 39.26
1434163
161.63 22.31 39.19
1441464
161.12 22.31 39.15
1448765
158.56 22.32 39.15
1456067
156.90 22.31 39.09
1463369
155.43 22.35 39.10
1470672
154.09 22.32 39.04
1477974
153.18 22.31 39.03
1485302
151.61 22.32 39.02
1492604
150.30 22.36 38.96
1499908
148.30 22.31 38.89
1507209
147.31 22.32 38.87
1514511
144.93 22.34 38.90
1521813
143.85 22.34 38.97
1529116
141.08 22.34 38.92
1536417
138.62 22.36 38.95
1543718
137.09 22.36 39.00
1551025
137.09 22.35 39.00
1558328
136.37 22.34 38.98
1565629
136.01 22.38 39.01
1572930
136.75 22.38 38.99
1580233
137.54 22.35 38.89
1587536
138.01 22.35 38.86
1594838
137.15 22.35 38.89
1602139
137.68 22.38 38.93
1609441
137.60 22.35 38.90
1616743
137.59 22.39 38.94
1624046
137.71 22.38 39.06
1631347
138.11 22.38 39.09
1638648
138.87 22.36 38.94
1645952
139.26 22.41 38.88
1653255
140.06 22.39 38.79
1660556
140.31 22.38 38.77
1667857
139.50 22.39 38.75
1675160
139.23 22.39 38.70
1682466
139.27 22.41 38.71
1689767
138.84 22.41 38.73
1697076
137.89 22.41 38.68
1704379
137.39 22.42 38.70
1711682
136.50 22.41 38.73
1718983
135.47 22.39 38.68
1726284
135.10 22.38 38.66
1733586
134.49 22.41 38.61
1740889
134.14 22.42 38.65
1748192
134.08 22.41 38.65
1755493
133.28 22.45 38.81
1762795
132.94 22.42 38.66
1770097
132.01 22.41 38.68
1777400
132.23 22.41 38.78
1784701
132.18 22.43 38.80
1792004
132.78 22.42 38.86
1799306
133.98 22.42 38.85
1806612
135.58 22.41 38.73
1813914
136.31 22.43 38.67
1821215
136.96 22.43 38.66
1828518
136.88 22.43 38.66
1835821
137.92 22.43 38.73
1843122
139.07 22.43 38.71
1850424
138.88 22.43 38.63
1857725
139.43 22.46 38.58
1865028
139.03 22.43 38.59
1872330
137.88 22.45 38.62
1879631
137.95 22.42 38.69
1886934
138.61 22.45 38.70
1894236
139.08 22.43 38.76
1901539
139.09 22.45 38.62
1908840
138.88 22.46 38.63
1916141
139.62 22.45 38.63
1923444
139.72 22.45 38.58
1930746
139.53 22.45 38.58
1938052
139.23 22.45 38.60
1945353
138.67 22.43 38.55
1952656
137.74 22.43 38.54
1959958
136.98 22.43 38.53
1967259
137.22 22.45 38.51
1974561
137.44 22.45 38.48
1981870
137.13 22.46 38.53
1989173
137.05 22.45 38.48
1996474
136.93 22.48 38.44
2003775
135.83 22.45 38.45
2011077
135.03 22.46 38.43
2018379
134.08 22.48 38.44
2025681
133.57 22.46 38.52
2032984
133.64 22.48 38.60
2040285
134.30 22.46 38.64
2047588
134.44 22.49 38.65
2054890
134.42 22.48 38.68
2062191
135.52 22.48 38.60
2069496
136.68 22.48 38.60
2076800
137.59 22.46 38.60
2084102
138.75 22.46 38.60
2091403
139.39 22.48 38.67
2098705
