568.06 19.44 45.82
1258
551.55 19.48 45.80
3310
551.17 19.52 45.72
7335
553.92 19.54 45.68
9359
549.60 19.57 45.64
11381
548.20 19.62 45.57
13405
551.01 19.62 45.56
15428
552.21 19.64 45.52
17702
551.17 19.78 45.30
25004
553.57 19.83 45.10
32306
551.92 19.92 44.89
39607
548.20 20.00 44.73
46908
547.30 20.08 44.62
54210
548.97 20.13 44.48
61512
549.45 20.20 44.35
68814
548.23 20.24 44.21
76115
549.39 20.30 44.16
83418
548.58 20.31 44.09
90720
547.69 20.39 44.01
98022
547.39 20.41 43.99
105324
548.30 20.47 43.86
112628
547.99 20.51 43.82
119931
547.23 20.52 43.77
127234
549.08 20.58 43.67
134535
549.13 20.60 43.70
141838
549.76 20.62 43.60
149139
550.48 20.65 43.50
156441
550.62 20.68 43.48
163748
551.12 20.70 43.43
171049
551.41 20.72 43.39
178353
552.13 20.72 43.34
185654
553.35 20.77 43.32
192956
553.70 20.80 43.29
200258
554.20 20.81 43.26
207559
554.13 20.85 43.23
214861
553.45 20.87 43.20
222163
553.65 20.88 43.14
229466
554.05 20.90 43.11
236767
553.64 20.92 43.10
244073
552.41 20.94 43.03
251375
552.64 20.95 43.02
258677
552.80 20.97 42.97
265979
553.00 20.98 42.96
273281
552.70 21.02 42.96
280584
553.48 21.02 42.92
287886
553.76 21.05 42.87
295188
554.71 21.05 42.83
302490
554.57 21.06 42.82
309791
555.04 21.09 42.77
317094
554.94 21.09 42.79
324396
554.48 21.13 42.75
331697
554.21 21.11 42.74
338999
553.76 21.12 42.70
346300
553.34 21.16 42.69
353603
554.27 21.18 42.62
360904
554.05 21.18 42.57
368207
554.92 21.20 42.59
375513
556.10 21.22 42.52
382815
556.93 21.23 42.51
390117
557.71 21.25 42.49
397418
557.63 21.23 42.49
404721
558.20 21.28 42.43
412022
557.93 21.28 42.47
419324
557.87 21.29 42.41
426628
558.29 21.30 42.41
433929
558.64 21.33 42.44
441231
558.77 21.30 42.37
448533
560.15 21.36 42.35
455835
559.52 21.33 42.31
463136
560.22 21.35 42.29
470438
560.88 21.36 42.29
477742
561.70 21.36 42.25
485043
562.60 21.39 42.24
492345
563.50 21.40 42.22
499647
563.62 21.42 42.22
506952
563.57 21.42 42.20
514254
563.19 21.42 42.20
521555
563.52 21.40 42.16
528858
563.91 21.43 42.15
536160
563.26 21.43 42.15
543462
563.85 21.45 42.12
550763
564.64 21.46 42.11
558065
565.79 21.48 42.08
565368
568.32 21.50 42.06
572669
570.18 21.50 42.08
579972
571.80 21.54 42.05
587274
572.34 21.52 42.05
594576
574.81 21.52 42.03
601877
575.61 21.52 42.05
609179
576.27 21.54 42.03
616482
577.66 21.54 42.02
623783
578.70 21.56 41.99
631086
578.32 21.53 41.98
638388
579.58 21.56 41.95
645693
580.72 21.59 41.99
652995
580.54 21.59 41.95
660297
580.42 21.59 41.93
667599
580.72 21.59 41.89
674902
580.91 21.60 41.90
682204
580.29 21.60 41.84
689505
580.41 21.60 41.87
696808
582.09 21.63 41.86
704110
583.89 21.61 41.82
711412
583.84 21.63 41.85
718714
583.37 21.64 41.85
726016
583.47 21.64 41.81
733319
583.78 21.66 41.77
740620
585.40 21.66 41.79
747922
586.03 21.69 41.79
755225
587.40 21.64 41.77
762549
588.44 21.67 41.79
769851
589.88 21.70 41.79
777156
590.76 21.70 41.74
784458
591.55 21.71 41.72
791761
593.00 21.73 41.76
799063
594.30 21.71 41.74
806365
595.82 21.70 41.71
813666
595.69 21.71 41.76
820976
596.37 21.71 41.72
828277
597.28 21.73 41.71
835578
598.03 21.73 41.69
842881
598.53 21.73 41.67
850183
598.58 21.74 41.68
857485
599.03 21.74 41.68
864786
599.86 21.74 41.64
872089
600.14 21.76 41.65
879391
601.13 21.76 41.62
886693
601.19 21.77 41.65
893996
602.48 21.77 41.64
901297
602.98 21.77 41.62
908603
603.98 21.77 41.60
915905
604.27 21.80 41.63
923206
604.23 21.77 41.62
930509
606.12 21.81 41.60
937810
606.39 21.81 41.56
945114
607.20 21.81 41.55
952415
607.28 21.80 41.61
959716
608.14 21.82 41.59
967018
608.63 21.82 41.55
974319
609.48 21.82 41.53
981622
609.52 21.81 41.55
988923
608.63 21.81 41.59
996227
608.07 21.85 41.53
1003529
607.49 21.84 41.56
1010830
607.62 21.84 41.53
1018133
607.89 21.84 41.52
1025434
608.01 21.87 41.56
1032736
609.45 21.85 41.54
1040043
610.33 21.87 41.51
1047344
610.84 21.87 41.50
1054647
610.61 21.87 41.50
1061948
611.55 21.87 41.51
1069251
611.25 21.87 41.44
1076552
611.23 21.88 41.47
1083853
611.04 21.85 41.46
1091155
611.98 21.88 41.47
1098458
611.40 21.91 41.47
1105760
612.50 21.90 41.46
1113061
613.18 21.88 41.46
1120364
614.02 21.91 41.47
1127666
615.28 21.91 41.47
1134968
616.04 21.90 41.47
1142270
617.59 21.88 41.41
1149573
618.96 21.90 41.47
1156875
620.21 21.91 41.48
1164176
622.00 21.90 41.45
1171481
622.76 21.93 41.42
1178783
624.41 21.94 41.42
1186085
625.18 21.96 41.46
1193388
625.26 21.93 41.35
1200689
624.79 21.94 41.39
1207992
624.08 21.93 41.37
1215294
624.37 21.94 41.37
1222595
624.92 21.93 41.35
1229898
625.94 21.96 41.42
1237199
625.62 21.96 41.39
1244503
626.43 21.96 41.42
1251805
626.90 21.96 41.36
1259106
627.56 21.97 41.39
1266409
628.21 21.96 41.40
1273710
628.89 21.98 41.36
1281013
630.03 21.97 41.34
1288314
631.28 21.96 41.33
1295616
631.40 21.98 41.34
1302922
633.50 21.97 41.36
1310223
634.35 22.00 41.32
1317526
636.11 21.97 41.27
1324827
636.94 22.00 41.31
1332129
637.76 22.00 41.30
1339432
636.70 22.01 41.27
1346734
637.34 22.01 41.29
1354036
637.11 22.01 41.30
1361338
636.07 22.01 41.30
1368640
636.17 22.00 41.28
1375941
636.39 22.01 41.24
1383242
637.11 22.01 41.27
1390545
637.90 22.03 41.25
1397847
638.58 22.01 41.29
1405150
638.54 22.01 41.29
1412451
638.85 22.01 41.24
1419753
639.81 22.04 41.26
1427059
639.95 22.03 41.25
1434360
639.66 22.07 41.22
1441664
639.91 22.04 41.25
1448965
641.31 22.04 41.22
1456268
640.97 22.04 41.23
1463575
641.76 22.04 41.19
1470877
641.88 22.03 41.21
1478179
644.57 22.04 41.22
1485480
644.68 22.05 41.24
1492784
646.33 22.05 41.23
1500085
647.25 22.04 41.23
1507388
649.61 22.04 41.23
1514690
650.99 22.05 41.17
1521991
651.16 22.04 41.20
1529294
651.91 22.07 41.22
1536595
652.40 22.07 41.19
1543899
653.32 22.05 41.22
1551201
655.35 22.07 41.20
1558506
656.14 22.08 41.23
1565808
656.58 22.10 41.20
1573132
658.21 22.07 41.20
1580434
659.26 22.08 41.13
1587736
660.00 22.10 41.18
1595038
659.64 22.11 41.15
1602341
661.15 22.08 41.16
1609643
661.30 22.10 41.13
1616945
662.04 22.08 41.13
1624247
662.08 22.10 41.11
1631549
662.17 22.10 41.12
1638851
663.74 22.10 41.15
1646153
663.99 22.12 41.14
1653455
663.81 22.11 41.12
1660758
663.41 22.12 41.12
1668060
663.95 22.10 41.10
1675361
664.68 22.11 41.11
1682663
666.65 22.11 41.07
1689969
666.79 22.12 41.00
1697270
664.83 22.14 41.02
1704572
663.58 22.12 40.96
1711881
662.86 22.14 40.87
1719184
660.69 22.17 40.85
1726486
656.99 22.17 40.82
1733787
654.15 22.15 40.89
1741090
649.12 22.15 40.94
1748391
648.39 22.15 40.96
1755695
646.06 22.14 40.94
1762996
644.27 22.15 40.88
1770297
644.66 22.15 40.81
1777600
642.91 22.18 40.78
1784901
641.55 22.17 40.69
1792203
642.13 22.18 40.68
1799505
640.92 22.15 40.66
1806808
640.20 22.17 40.72
1814114
637.73 22.15 40.69
1821415
637.19 22.17 40.65
1828718
634.39 22.17 40.61
1836019
630.30 22.17 40.61
1843322
618.69 22.18 40.68
1850625
611.60 22.18 40.75
1857927
612.51 22.18 40.80
1865229
615.28 22.21 40.82
1872530
616.54 22.17 40.85
1879833
622.65 22.21 40.83
1887134
625.14 22.19 40.83
1894436
627.46 22.19 40.74
1901740
631.77 22.18 40.78
1909041
633.02 22.18 40.69
1916344
635.26 22.18 40.77
1923645
637.47 22.21 40.73
1930947
638.56 22.19 40.69
1938250
639.85 22.21 40.79
1945555
639.68 22.21 40.77
1952858
639.35 22.21 40.72
1960159
640.60 22.21 40.73
1967462
640.84 22.21 40.77
1974763
642.37 22.24 40.76
1982064
643.61 22.22 40.77
1989367
645.00 22.24 40.73
1996668
645.57 22.21 40.68
2003971
646.02 22.22 40.55
2011273
646.78 22.25 40.49
2018575
645.53 22.24 40.42
2025878
643.43 22.24 40.43
2033179
641.85 22.24 40.50
2040481
640.48 22.25 40.53
2047782
639.42 22.21 40.38
2055086
637.91 22.22 40.34
2062387
636.12 22.24 40.35
2069688
