376.31 19.92 44.39
3490
386.04 19.91 44.31
5571
388.12 19.96 44.28
7596
389.92 19.98 44.19
9621
391.24 20.04 44.14
11645
394.74 20.08 44.09
13670
396.14 20.09 43.99
15694
399.85 20.12 44.02
19719
402.73 20.15 43.95
21993
411.75 20.25 43.73
29295
418.00 20.35 43.63
36597
423.72 20.42 43.50
43898
429.81 20.49 43.42
51200
434.28 20.56 43.39
58503
447.16 20.63 43.23
65804
466.80 20.67 43.17
73107
477.36 20.71 43.07
80409
480.82 20.76 43.04
87710
482.32 20.81 42.94
95013
482.10 20.87 42.88
102315
482.78 20.93 42.74
109620
484.74 20.97 42.72
116922
486.15 21.02 42.60
124224
486.06 21.06 42.52
131526
485.52 21.08 42.47
138829
486.48 21.12 42.41
146130
486.68 21.16 42.37
153434
485.75 21.19 42.32
160737
485.63 21.23 42.24
168038
486.76 21.25 42.21
175341
487.85 21.32 42.16
182642
487.96 21.33 42.10
189943
487.82 21.38 42.01
197246
488.16 21.38 41.92
204548
488.27 21.39 41.90
211851
489.36 21.40 41.85
219154
490.99 21.45 41.82
226455
490.92 21.47 41.79
233758
491.51 21.52 41.75
241064
492.02 21.53 41.69
248367
492.72 21.56 41.67
255669
492.26 21.57 41.63
262971
492.23 21.58 41.59
270272
492.76 21.63 41.57
277575
493.11 21.65 41.54
284876
493.24 21.68 41.49
292179
493.24 21.70 41.43
299482
492.28 21.71 41.39
306784
492.62 21.71 41.42
314086
492.79 21.74 41.39
321388
493.31 21.78 41.36
328689
493.88 21.78 41.31
335992
494.78 21.81 41.29
343293
495.80 21.82 41.22
350597
495.73 21.84 41.23
357899
495.23 21.87 41.19
365200
496.23 21.88 41.15
372506
496.75 21.91 41.16
379809
498.48 21.94 41.13
387110
498.28 21.94 41.09
394414
499.21 21.97 41.02
401715
500.23 21.98 40.98
409017
500.17 21.98 40.99
416319
499.58 21.99 40.96
423620
500.88 22.01 40.97
430923
500.25 22.02 40.93
438225
499.65 22.07 40.92
445528
500.24 22.08 40.89
452830
501.19 22.09 40.88
460133
502.01 22.11 40.78
467434
502.46 22.11 40.81
474737
502.67 22.13 40.74
482038
504.33 22.12 40.72
489339
504.98 22.13 40.69
496643
506.20 22.15 40.68
503948
506.82 22.16 40.65
511250
506.90 22.16 40.68
518553
508.38 22.19 40.63
525854
510.20 22.20 40.62
533157
510.77 22.20 40.59
540460
510.96 22.23 40.61
547761
511.20 22.23 40.56
555064
510.35 22.23 40.50
562365
510.67 22.25 40.51
569667
511.51 22.26 40.48
576969
511.69 22.29 40.44
584271
510.71 22.29 40.47
591574
510.51 22.32 40.41
598877
510.79 22.32 40.41
606178
510.64 22.32 40.46
613481
511.48 22.33 40.39
620784
512.21 22.33 40.39
628085
512.89 22.34 40.38
635388
513.79 22.36 40.32
642693
513.91 22.36 40.28
649995
514.92 22.39 40.25
657297
515.96 22.37 40.29
664599
516.31 22.39 40.29
671901
516.95 22.37 40.26
679204
516.99 22.39 40.25
686505
517.75 22.40 40.25
693809
517.84 22.43 40.23
701110
517.18 22.44 40.23
708411
517.59 22.43 40.20
715714
518.86 22.44 40.17
723015
518.93 22.44 40.16
730318
519.43 22.46 40.14
737620
519.74 22.44 40.13
744923
519.61 22.47 40.10
752225
519.68 22.49 40.13
759528
519.87 22.49 40.12
766829
519.69 22.50 40.09
774135
519.97 22.47 40.10
781456
520.54 22.47 40.04
788758
520.69 22.51 40.07
796060
521.39 22.50 40.06
803361
521.67 22.51 40.08
810664
522.20 22.50 40.03
817974
522.93 22.53 40.02
825276
523.33 22.50 39.97
832578
523.76 22.51 40.01
839880
524.60 22.53 40.04
847181
525.95 22.54 39.97
854484
526.22 22.54 39.97
861786
525.24 22.54 39.95
869088
525.77 22.56 39.94
876391
526.13 22.56 39.98
883692
526.78 22.56 39.94
890995
527.78 22.56 39.92
898298
528.28 22.57 39.96
905603
528.75 22.56 39.94
912906
529.17 22.56 39.92
920207
530.03 22.56 39.91
927509
530.76 22.57 39.91
934811
531.83 22.56 39.92
942113
533.18 22.56 39.90
949415
532.38 22.56 39.90
956719
533.33 22.57 39.91
964020
534.59 22.57 39.87
971323
534.92 22.59 39.94
978624
535.58 22.59 39.94
985925
536.01 22.60 39.94
993228
536.70 22.57 39.87
1000529
536.68 22.59 39.87
1007833
537.06 22.61 39.90
1015136
538.18 22.59 39.92
1022437
538.64 22.59 39.88
1029740
539.54 22.59 39.94
1037046
540.56 22.59 39.88
1044347
541.92 22.59 39.94
1051651
542.92 22.57 39.90
1058952
543.08 22.57 39.91
1066254
543.72 22.56 39.92
1073557
544.38 22.59 39.92
1080858
544.71 22.60 39.93
1088161
545.26 22.59 39.92
1095464
545.75 22.57 39.90
1102766
545.89 22.57 39.91
1110069
546.94 22.57 39.91
1117370
547.28 22.57 39.91
1124671
547.62 22.57 39.88
1131974
548.10 22.56 39.87
1139275
548.88 22.56 39.88
1146578
549.23 22.56 39.87
1153882
549.46 22.54 39.84
1161183
550.00 22.56 39.87
1168489
550.89 22.56 39.87
1175792
551.86 22.51 39.85
1183093
552.07 22.54 39.91
1190396
552.16 22.56 39.92
1197698
553.32 22.53 39.91
1205000
553.90 22.54 39.94
1212303
554.54 22.54 39.97
1219604
555.61 22.53 39.89
1226907
555.70 22.54 39.94
1234209
556.81 22.54 39.88
1241510
558.16 22.53 39.92
1248814
558.57 22.53 39.88
1256117
558.15 22.50 39.93
1263418
557.56 22.50 39.93
1270721
557.81 22.50 39.92
1278022
558.80 22.50 40.01
1285323
559.22 22.50 39.96
1292626
559.80 22.47 39.99
1299932
561.26 22.49 39.97
1307234
561.60 22.49 39.97
1314537
562.21 22.47 40.00
1321838
563.00 22.47 39.97
1329141
563.80 22.49 40.02
1336442
563.47 22.46 40.03
1343744
563.81 22.46 40.00
1351047
565.06 22.47 40.02
1358349
565.63 22.46 40.01
1365651
566.12 22.46 40.00
1372954
566.49 22.49 40.03
1380255
566.65 22.47 40.03
1387558
567.28 22.46 39.99
1394861
567.83 22.49 40.08
1402163
567.29 22.47 40.03
1409465
567.21 22.44 40.04
1416767
566.84 22.46 40.00
1424071
565.90 22.44 39.97
1431374
565.71 22.46 39.94
1438675
565.23 22.44 40.03
1445979
565.88 22.47 40.02
1453282
566.63 22.46 40.01
1460583
567.49 22.43 40.07
1467886
568.39 22.44 40.03
1475187
568.16 22.44 40.04
1482488
568.50 22.44 40.04
1489792
569.01 22.44 40.00
1497093
568.88 22.44 40.00
1504396
568.46 22.43 40.04
1511699
568.14 22.43 40.03
1519000
568.42 22.44 40.07
1526303
568.75 22.44 40.10
1533605
568.89 22.43 40.07
1540908
569.15 22.43 40.04
1548210
569.58 22.44 40.11
1555515
570.58 22.43 40.06
1562817
570.81 22.44 40.07
1570119
571.54 22.44 40.00
1577421
572.62 22.44 40.00
1584723
572.26 22.44 40.03
1592027
572.28 22.46 40.01
1599328
572.72 22.46 40.01
1606631
573.04 22.44 40.01
1613952
571.99 22.47 40.00
1621253
572.34 22.47 39.99
1628556
572.06 22.46 40.01
1635857
572.61 22.47 40.06
1643160
572.71 22.49 40.00
1650463
573.02 22.49 39.99
1657764
573.64 22.50 40.02
1665068
575.29 22.51 40.05
1672371
575.82 22.54 40.05
1679672
575.44 22.53 39.99
1686978
574.88 22.53 40.02
1694279
574.82 22.53 39.96
1701581
574.82 22.54 40.04
1708891
575.20 22.56 40.00
1716193
575.64 22.57 39.96
1723495
575.45 22.56 39.97
1730798
574.90 22.57 39.91
1738099
574.84 22.57 39.91
1745402
575.34 22.60 39.90
1752706
575.64 22.60 39.86
1760007
575.91 22.61 39.87
1767310
577.02 22.60 39.87
1774611
576.84 22.63 39.83
1781912
577.49 22.61 39.80
1789215
577.67 22.63 39.73
1796517
578.46 22.64 39.75
1803820
578.67 22.67 39.77
1811126
578.84 22.64 39.81
1818428
580.07 22.66 39.78
1825730
580.50 22.68 39.77
1833033
580.56 22.68 39.78
1840334
581.98 22.68 39.82
1847638
581.89 22.70 39.74
1854939
582.76 22.72 39.76
1862241
582.91 22.70 39.71
1869543
583.01 22.75 39.66
1876845
583.94 22.74 39.63
1884147
583.56 22.75 39.62
1891450
583.35 22.77 39.62
1898752
583.44 22.77 39.62
1906055
582.96 22.77 39.60
1913357
583.49 22.78 39.61
1920659
583.74 22.78 39.56
1927962
583.89 22.79 39.62
1935263
583.69 22.78 39.59
1942568
583.76 22.77 39.59
1949871
584.35 22.79 39.56
1957173
584.88 22.78 39.58
1964475
585.39 22.77 39.59
1971778
586.25 22.78 39.59
1979079
586.35 22.79 39.56
1986382
586.43 22.77 39.60
1993684
586.70 22.78 39.56
2000987
588.22 22.78 39.56
2008289
589.23 22.75 39.53
2015591
590.10 22.78 39.50
2022892
590.08 22.77 39.47
2030195
590.12 22.78 39.48
2037496
590.43 22.77 39.46
2044800
