711.85 28.79 37.63 1016	
713.25 28.80 37.58 5058	
714.91 28.82 37.55 7081	
716.70 28.80 37.54 9105	
718.23 28.84 37.57 11128	
719.36 28.83 37.69 13151	
720.90 28.86 37.68 15174	
722.82 28.84 37.57 17198	
724.55 28.90 37.52 19221	
724.96 28.87 37.47 21246	
726.70 28.90 37.29 23271	
728.03 28.91 37.51 25295	
728.86 28.93 37.61 27320	
730.98 28.91 37.45 29344	
733.42 28.94 37.39 31369	
733.27 28.94 37.39 33393	
735.66 28.98 37.99 38182	
738.59 29.00 37.98 44731	
741.53 29.02 37.68 51279	
742.16 29.04 37.39 57828	
743.98 29.07 37.19 64379	
744.28 29.08 37.12 70928	
744.00 29.12 37.08 77476	
743.58 29.12 36.98 84025	
743.19 29.14 36.96 90573	
743.48 29.15 36.82 97122	
742.85 29.15 36.80 103670	
742.98 29.18 36.76 110220	
742.50 29.15 36.79 116767	
743.18 29.21 36.84 123314	
744.52 29.21 36.81 129861	
744.14 29.21 36.78 136409	
743.98 29.22 36.72 142956	
742.39 29.24 36.74 149504	
742.04 29.21 37.03 156051	
741.61 29.24 36.88 162597	
741.88 29.25 36.77 169145	
740.75 29.24 36.71 175692	
740.69 29.27 36.70 182243	
740.67 29.25 36.67 188790	
739.84 29.25 36.65 195338	
740.24 29.25 36.67 201884	
740.63 29.28 36.67 208432	
740.65 29.28 36.67 214980	
741.52 29.31 36.63 221529	
741.82 29.28 36.60 228077	
741.10 29.31 36.57 234626	
740.26 29.29 36.55 241174	
740.08 29.31 36.57 247723	
740.37 29.29 36.57 254271	
741.04 29.31 36.53 260819	
741.21 29.31 36.55 267368	
741.79 29.34 36.57 273916	
741.84 29.31 36.57 280465	
742.94 29.35 36.54 287013	
743.51 29.34 36.52 293562	
744.35 29.35 36.53 300113	
744.93 29.34 36.50 306662	
746.37 29.35 36.49 313210	
746.69 29.35 36.46 319759	
747.08 29.32 36.50 326307	
746.67 29.35 36.53 332856	
747.01 29.35 36.44 339403	
747.65 29.35 36.49 345951	
748.19 29.32 36.50 352498	
749.15 29.38 36.49 359045	
749.11 29.36 36.53 365592	
749.47 29.38 36.55 372140	
749.61 29.36 36.50 378687	
750.01 29.38 36.47 385234	
750.13 29.38 36.49 391781	
750.51 29.38 36.45 398328	
751.37 29.38 36.46 404876	
751.63 29.39 36.42 411423	
751.59 29.39 36.43 417971	
751.49 29.42 36.42 424521	
751.89 29.41 36.46 431069	
752.33 29.41 36.43 437617	
753.53 29.38 36.40 444166	
754.62 29.42 36.42 450714	
754.92 29.42 36.36 457263	
755.23 29.41 36.36 463811	
755.33 29.41 36.40 470360	
755.59 29.41 36.35 476907	
756.22 29.41 36.35 483457	
756.32 29.43 36.32 490005	
757.28 29.42 36.33 496553	
757.23 29.42 36.32 503102	
757.34 29.42 36.31 509650	
758.07 29.43 36.31 516199	
759.00 29.42 36.33 522747	
759.45 29.45 36.31 529296	
760.77 29.43 36.31 535844	
760.63 29.45 36.31 542396	
760.97 29.43 36.26 548952	
762.16 29.45 36.32 555513	
763.74 29.43 36.25 562061	
763.75 29.43 36.26 568608	
763.90 29.43 36.23 575155	
763.06 29.45 36.20 581702	
763.81 29.43 36.19 588250	
763.74 29.49 36.22 594797	
762.59 29.46 36.21 601344	
761.65 29.46 36.18 607891	
760.98 29.45 36.19 614438	
759.83 29.46 36.21 620986	
758.26 29.48 36.15 627533	
757.87 29.49 36.18 634081	
756.61 29.49 36.16 640628	
756.75 29.46 36.16 647176	
756.80 29.48 36.11 653723	
755.86 29.48 36.11 660275	
754.85 29.50 36.12 666823	
754.53 29.48 36.06 673372	
754.13 29.48 36.11 679920	
754.17 29.49 36.15 686469	
754.20 29.49 36.09 693017	
754.63 29.50 36.06 699566	
753.94 29.52 36.09 706114	
754.17 29.49 36.09 712664	
753.95 29.50 36.05 719212	
754.36 29.52 36.04 725761	
753.72 29.50 36.05 732309	
753.80 29.50 36.05 738857	
752.49 29.50 36.06 745406	
752.36 29.49 36.06 751954	
751.81 29.49 36.05 758503	
751.63 29.52 36.21 765051	
750.25 29.50 36.21 771606	
751.34 29.50 36.16 778153	
751.84 29.54 36.27 784704	
751.06 29.52 36.27 791251	
751.08 29.53 36.40 797799	
752.49 29.53 36.42 804345	
753.45 29.52 36.31 810893	
753.07 29.54 36.14 817440	
753.68 29.50 36.69 823987	
753.06 29.53 36.78 830534	
753.07 29.52 36.58 837082	
754.12 29.54 36.32 843628	
755.27 29.54 36.14 850176	
755.19 29.53 36.23 856723	
755.64 29.54 36.26 863270	
755.93 29.56 36.35 869818	
755.73 29.53 36.37 876364	
756.27 29.54 36.64 882913	
757.36 29.53 36.46 889461	
758.35 29.53 36.31 896010	
759.46 29.53 36.30 902562	
762.68 29.53 36.82 909111	
763.81 29.54 37.70 912894	
765.43 29.56 37.52 914918	
767.58 29.53 37.26 916941	
772.31 29.56 37.15 918965	
777.50 29.50 37.06 920988	
789.43 29.54 36.97 923012	
836.31 29.56 36.93 925035	
851.37 29.54 36.87 927057	
844.78 29.54 36.83 929082	
850.02 29.53 36.84 931106	
846.80 29.56 37.06 933131	
849.84 29.54 36.95 936914	
848.42 29.54 36.70 943463	
850.28 29.57 36.65 950012	
847.16 29.56 36.61 956561	
840.95 29.57 36.60 963109	
840.15 29.57 36.54 969661	
839.35 29.57 36.58 976209	
836.49 29.59 36.55 982758	
835.07 29.56 36.54 989306	
833.99 29.60 36.53 995855	
832.91 29.57 36.57 1002403	
831.90 29.56 36.55 1008952	
831.92 29.54 36.56 1015500	
832.03 29.59 36.53 1022049	
830.30 29.57 36.51 1028597	
829.23 29.57 36.52 1035146	
829.88 29.56 36.54 1041694	
830.22 29.59 36.54 1048243	
829.48 29.59 36.51 1054790	
827.96 29.54 36.56 1061338	
827.96 29.56 36.49 1067885	
827.82 29.56 36.55 1074432	
828.69 29.56 36.54 1080979	
827.97 29.57 36.61 1087529	
828.25 29.57 36.65 1094077	
829.47 29.56 36.68 1100624	
831.09 29.56 36.74 1107172	
832.58 29.53 36.72 1113718	
833.87 29.54 36.70 1120266	
835.90 29.53 36.74 1126813	
836.91 29.54 36.70 1133361	
837.96 29.54 36.74 1139908	
839.84 29.54 36.68 1146455	
841.49 29.56 36.70 1153003	
843.86 29.56 36.77 1159552	
846.01 29.54 36.83 1166100	
847.05 29.52 36.82 1172649	
848.43 29.54 36.81 1179198	
850.69 29.54 36.81 1185746	
851.76 29.56 36.83 1192295	
853.89 29.53 36.86 1198843	
855.91 29.56 36.83 1205395	
858.09 29.54 36.81 1211943	
857.58 29.54 36.86 1218492	
857.81 29.54 36.93 1225040	
859.20 29.53 36.93 1231589	
861.81 29.54 36.95 1238137	
862.10 29.54 36.93 1244686	
863.61 29.54 36.96 1251235	
864.06 29.53 36.94 1257784	
865.61 29.53 36.91 1264332	
867.06 29.53 36.93 1270879	
867.69 29.56 36.96 1277426	
868.58 29.54 37.00 1283988	
869.51 29.52 37.01 1290535	
870.64 29.53 37.02 1297090	
871.18 29.50 37.01 1303638	
872.43 29.52 36.97 1310184	
873.07 29.50 37.06 1316734	
874.79 29.52 37.03 1323282	
876.03 29.56 37.06 1329829	
877.16 29.54 37.09 1336377	
878.98 29.53 37.09 1342924	
879.45 29.53 37.13 1349471	
880.59 29.50 37.17 1356018	
882.19 29.50 37.19 1362566	
883.86 29.53 37.28 1369114	
885.28 29.52 37.23 1375663	
886.22 29.53 37.15 1382211	
888.39 29.52 37.29 1388761	
889.44 29.52 37.38 1395309	
891.39 29.53 37.53 1401858	
893.27 29.52 37.57 1408406	
896.28 29.53 37.55 1414955	
898.03 29.50 37.52 1421503	
899.52 29.52 37.44 1428051	
901.85 29.52 37.38 1434603	
904.25 29.53 37.37 1441152	
905.89 29.54 37.38 1447700	
906.83 29.53 37.37 1454248	
908.08 29.54 37.44 1460798	
909.26 29.52 37.42 1467346	
909.90 29.53 37.47 1473895	
909.39 29.53 37.45 1480443	
910.31 29.54 37.44 1486991	
911.42 29.53 37.42 1493537	
913.05 29.53 37.44 1500085	
913.41 29.52 37.45 1506632	
914.18 29.52 37.48 1513180	
914.78 29.52 37.44 1519727	
915.86 29.54 37.40 1526274	
916.05 29.53 37.48 1532821	
916.99 29.53 37.44 1539368	
916.89 29.53 37.47 1545916	
917.36 29.52 37.48 1552466	
918.51 29.53 37.50 1559014	
919.05 29.53 37.39 1565561	
919.97 29.53 37.44 1572108	
920.87 29.53 37.41 1578655	
920.89 29.54 37.41 1585203	
921.44 29.54 37.54 1591750	
922.76 29.56 37.62 1598299	
923.92 29.56 37.62 1604847	
926.03 29.54 37.69 1611396	
927.24 29.53 37.69 1617944	
928.95 29.53 37.69 1624493	
930.15 29.53 37.70 1631041	
931.49 29.53 37.71 1637590	
932.60 29.50 37.73 1644138	
934.34 29.54 37.74 1650686	
936.73 29.53 37.73 1657235	
937.98 29.52 37.71 1663788	
939.79 29.53 37.80 1670336	
941.39 29.54 37.98 1676884	
943.35 29.52 38.03 1683433	
945.96 29.53 38.05 1689981	
946.85 29.52 37.96 1696530	
947.88 29.54 37.92 1703078	
948.81 29.56 37.85 1709625	
950.62 29.54 37.80 1716172	
952.02 29.54 37.74 1722720	
953.08 29.56 37.79 1729267	
953.85 29.54 37.82 1735814	
955.45 29.53 37.88 1742361	
957.65 29.54 37.88 1748909	
961.14 29.54 38.07 1755456	
963.52 29.53 38.17 1762002	
966.13 29.53 38.12 1768550	
968.35 29.57 38.10 1775097	
970.87 29.53 38.04 1781648	
972.03 29.53 37.96 1788195	
972.96 29.54 37.99 1794742	
974.26 29.57 37.91 1801289	
975.98 29.54 37.95 1807837	
977.11 29.54 38.01 1814385	
979.75 29.56 38.04 1820934	
979.77 29.54 38.07 1827482	
980.60 29.54 38.04 1834031	
982.27 29.54 38.04 1840579	
982.55 29.53 38.11 1847128	
984.03 29.56 38.13 1853676	
985.93 29.56 38.19 1860225	
987.52 29.54 38.23 1866773	
988.94 29.56 38.17 1873323	
989.93 29.56 38.17 1879871	
991.32 29.56 38.20 1886419	
992.71 29.56 38.17 1892968	
994.39 29.53 38.25 1899520	
996.65 29.54 38.30 1906068	
998.20 29.56 38.38 1912616	
1000.37 29.54 38.45 1919165	
1000.93 29.54 38.43 1925712	
1002.56 29.54 38.42 1932260	
1004.42 29.56 38.36 1938807	
1006.31 29.54 38.34 1945355	
1008.51 29.57 38.33 1951902	
1009.46 29.59 38.33 1958449	
1010.55 29.56 38.39 1964996	
1011.01 29.57 38.35 1971544	
1012.05 29.53 38.39 1978091	
1013.39 29.56 38.38 1984638	
1014.78 29.56 38.39 1991186	
1017.43 29.57 38.36 1997733	
1020.55 29.56 38.42 2004280	
1024.40 29.59 38.40 2010831	
1026.37 29.59 38.38 2017378	
1027.09 29.57 38.44 2023925	
1029.06 29.57 38.52 2030473	
1030.77 29.56 38.54 2037022	
1033.60 29.57 38.45 2043571	
1034.88 29.59 38.39 2050119	
1034.90 29.57 38.39 2056682	
1035.26 29.59 38.48 2063230	
1036.94 29.57 38.44 2069779	
1037.59 29.57 38.51 2076327	
1038.80 29.59 38.60 2082877	
1040.74 29.56 38.56 2089425	
1041.56 29.57 38.65 2095981	
1043.64 29.57 38.64 2102530	
1045.53 29.59 38.54 2109078	
1047.62 29.57 38.51 2115627	
1048.78 29.57 38.45 2122178	
1049.95 29.57 38.45 2128727	
1050.69 29.57 38.48 2135276	
1051.43 29.57 38.51 2141825	
1052.62 29.56 38.56 2148373	
1053.50 29.57 38.59 2154923	
1054.48 29.57 38.57 2161470	
1056.13 29.59 38.58 2168016	
1056.41 29.59 38.55 2174564	
1056.86 29.59 38.48 2181111	
1056.65 29.60 38.53 2187659	
1056.69 29.59 38.58 2194206	
1057.23 29.59 38.61 2200754	
1058.15 29.60 38.71 2207300	
1059.31 29.59 38.86 2213848	
1059.80 29.60 38.84 2220395	
1061.20 29.56 38.89 2226942	
1062.70 29.60 38.90 2233493	
1063.92 29.60 38.95 2240040	
1066.27 29.60 38.96 2246588	
1068.33 29.59 38.93 2253135	
1070.38 29.60 38.84 2259684	
1072.87 29.59 38.86 2266232	
1073.17 29.62 38.89 2272781	
1075.29 29.59 38.95 2279329	
1077.65 29.62 38.99 2285878	
1079.73 29.62 38.94 2292427	
1081.68 29.60 38.89 2298976	
1082.91 29.59 38.87 2305524	
1084.25 29.62 38.79 2312073	
1085.49 29.60 38.80 2318621	
1085.06 29.60 38.86 2325170	
1085.90 29.59 38.84 2331718	
1086.51 29.59 38.87 2338267	
1087.11 29.60 38.92 2344819	
1088.96 29.60 38.99 2351368	
1091.26 29.60 39.04 2357916	
1092.64 29.60 39.08 2364465	
1094.91 29.62 39.11 2371013	
1095.83 29.60 39.12 2377562	
1097.84 29.62 39.11 2384109	
1098.10 29.62 39.02 2390657	
1100.08 29.59 38.99 2397204	
1101.26 29.59 38.98 2403751	
1103.59 29.62 38.99 2410298	
1105.51 29.62 38.96 2416845	
1106.40 29.59 38.95 2423393	
1107.30 29.60 38.96 2429940	
1107.68 29.60 38.92 2436488	
1108.81 29.62 38.94 2443034	
1108.55 29.63 38.94 2449582	
1108.95 29.62 38.98 2456132	
1109.09 29.59 39.05 2462680	
1109.59 29.63 39.14 2469227	
1110.33 29.62 39.18 2475774	
1111.61 29.63 39.20 2482322	
1112.03 29.63 39.16 2488870	
1112.86 29.59 39.09 2495419	
1113.15 29.62 39.11 2501967	
1113.61 29.64 39.14 2508516	
1114.43 29.60 39.18 2515064	
1116.33 29.62 39.20 2521613	
1118.63 29.63 39.21 2528161	
1119.89 29.63 39.19 2534711	
1120.47 29.62 39.18 2541259	
1120.13 29.62 39.13 2547808	
1122.26 29.64 39.14 2554356	
1123.91 29.63 39.20 2560905	
1125.24 29.63 39.26 2567456	
1125.37 29.63 39.27 2574005	
1125.61 29.63 39.30 2580554	
1127.04 29.62 39.33 2587103	
1128.60 29.62 39.21 2593651	
1129.53 29.63 39.30 2600200	
1130.66 29.62 39.33 2606748	
1131.35 29.62 39.34 2613303	
1132.27 29.64 39.33 2619850	
1133.36 29.64 39.35 2626397	
1134.36 29.62 39.39 2632944	
1136.59 29.63 39.38 2639492	
1138.01 29.63 39.30 2646039	
1138.73 29.62 39.30 2652587	
1139.87 29.62 39.37 2659134	
1140.78 29.66 39.38 2665680	
1142.67 29.62 39.36 2672228	
1143.82 29.63 39.36 2678778	
1145.51 29.64 39.39 2685326	
1148.23 29.64 39.35 2691873	
1148.85 29.63 39.27 2698421	
1149.99 29.64 39.27 2704968	
1149.99 29.63 39.21 2711515	
1150.61 29.64 39.26 2718062	
1152.71 29.63 39.27 2724610	
1153.61 29.63 39.33 2731158	
1153.62 29.63 39.45 2737707	
1153.94 29.64 39.52 2744255	
1154.08 29.66 39.49 2750803	
1154.09 29.63 39.48 2757352	
1154.65 29.63 39.46 2763900	
1154.83 29.62 39.47 2770450	
1155.25 29.64 39.45 2776998	
1155.12 29.64 39.52 2783547	
1156.23 29.63 39.46 2790098	
1157.69 29.64 39.49 2796647	
1158.51 29.63 39.43 2803195	
1159.61 29.64 39.38 2809744	
1161.23 29.66 39.48 2816293	
1161.58 29.64 39.46 2822842	
1162.14 29.66 39.54 2829405	
1163.69 29.63 39.49 2835953	
1163.71 29.67 39.48 2842502	
1163.55 29.63 39.46 2849049	
1164.85 29.64 39.46 2855597	
1165.22 29.64 39.55 2862143	
1165.25 29.66 39.60 2868690	
1165.59 29.66 39.63 2875238	
1165.99 29.63 39.72 2881785	
1166.74 29.64 39.81 2888333	
1168.02 29.66 39.99 2894886	
1168.76 29.66 40.00 2901438	
1171.42 29.66 40.03 2907985	
1174.14 29.64 40.00 2914532	
1177.33 29.66 40.02 2921079	
1179.95 29.67 39.95 2927627	
1183.20 29.63 39.94 2934174	
1185.26 29.66 39.95 2940722	
1189.17 29.67 40.04 2947269	
1192.04 29.67 40.04 2953818	
1194.57 29.67 40.07 2960366	
1196.32 29.64 40.11 2966915	
1199.44 29.66 40.11 2973463	
1202.80 29.67 40.08 2980012	
1204.91 29.66 40.09 2986560	
1208.48 29.67 40.11 2993108	
1211.84 29.63 40.15 2999657	
1213.88 29.67 40.23 3006206	
1217.69 29.66 40.24 3012758	
1219.77 29.66 40.30 3019307	
1221.53 29.66 40.34 3025855	
1224.72 29.67 40.28 3032403	
1226.09 29.66 40.40 3038952	
1226.87 29.67 40.40 3045500	
1229.11 29.67 40.36 3052050	
1231.06 29.69 40.36 3058598	
1232.75 29.69 40.36 3065147	
1233.98 29.67 40.24 3071695	
1236.17 29.67 40.24 3078243	
1238.26 29.67 40.21 3084789	
1238.91 29.67 40.23 3091337	
1240.98 29.69 40.24 3097884	
1241.97 29.69 40.23 3104432	
1241.79 29.70 40.26 3110979	
1243.58 29.66 40.25 3117527	
1244.80 29.67 40.30 3124077	
1246.03 29.67 40.33 3130625	
1247.48 29.67 40.34 3137172	
1248.58 29.66 40.37 3143719	
1249.34 29.69 40.39 3150266	
1248.48 29.69 40.43 3156813	
1249.21 29.67 40.46 3163361	
1250.78 29.70 40.48 3169908	
1251.52 29.67 40.46 3176455	
1252.84 29.67 40.47 3183003	
1254.82 29.71 40.43 3189553	
1254.53 29.70 40.46 3196101	
1254.97 29.69 40.45 3202650	
1255.67 29.70 40.42 3209198	
1256.79 29.70 40.45 3215747	
1257.33 29.67 40.47 3222295	
1258.63 29.69 40.52 3228844	
1260.61 29.70 40.55 3235392	
1261.28 29.67 40.62 3241938	
1262.47 29.70 40.65 3248487	
1264.63 29.67 40.68 3255035	
1266.59 29.67 40.71 3261584	
1267.19 29.69 40.66 3268132	
1268.35 29.67 40.63 3274682	
1270.53 29.70 40.66 3281230	
1272.84 29.67 40.65 3287779	
1274.45 29.69 40.71 3294327	
1275.95 29.69 40.71 3300876	
1277.19 29.67 40.72 3307423	
1278.42 29.70 40.68 3313971	
1279.34 29.69 40.71 3320517	
1281.40 29.69 40.71 3327065	
1281.95 29.73 40.72 3333612	
1283.70 29.70 40.68 3340160	
1283.83 29.70 40.81 3346707	
1283.95 29.70 40.80 3353257	
1285.92 29.71 40.83 3359804	
1287.99 29.69 40.81 3366351	
1287.97 29.71 40.75 3372899	
1288.51 29.70 40.78 3379446	
1289.21 29.71 40.73 3385994	
1289.14 29.71 40.75 3392540	
1290.32 29.71 40.71 3399088	
1290.58 29.70 40.74 3405638	
1290.51 29.71 40.80 3412187	
1291.87 29.73 40.76 3418735	
1292.46 29.70 40.74 3425284	
1294.17 29.71 41.09 3431832	
1295.76 29.69 41.16 3438381	
1298.02 29.71 41.24 3444929	
1301.01 29.71 41.15 3451478	
1303.66 29.71 41.22 3458026	
1306.50 29.73 41.25 3464579	
1312.73 29.70 41.29 3471127	
1331.13 29.70 41.35 3477676	
1337.36 29.69 41.29 3484224	
1339.14 29.71 41.16 3490772	
1338.60 29.71 41.11 3497320	
1338.36 29.71 41.11 3503868	
1337.51 29.70 41.07 3510417	
1335.68 29.71 41.09 3516965	
1330.96 29.71 41.06 3523514	
1328.28 29.71 41.12 3530062	
1325.29 29.71 41.14 3536610	
1322.37 29.71 41.14 3543157	
1321.25 29.71 41.19 3549704	
1321.75 29.71 41.24 3556251	
1320.02 29.71 41.25 3562799	
1320.37 29.69 41.22 3569345	
1320.18 29.70 41.29 3575896	
1321.81 29.71 41.31 3582443	
1321.25 29.70 41.29 3588990	
1321.23 29.73 41.36 3595538	
1321.27 29.73 41.34 3602101	
1322.16 29.73 41.34 3608648	
1323.64 29.71 41.32 3615195	
1324.04 29.73 41.31 3621742	
1326.84 29.74 41.37 3628290	
1327.02 29.73 41.38 3634837	
1328.20 29.71 41.37 3641384	
1330.02 29.73 41.43 3647933	
1333.88 29.74 41.47 3654481	
1335.31 29.73 41.49 3661030	
1339.36 29.74 41.49 3667578	
1342.54 29.71 41.47 3674127	
1347.71 29.71 41.50 3680675	
1347.51 29.73 41.59 3687228	
1350.24 29.73 41.59 3693784	
1352.18 29.73 41.62 3700332	
1355.08 29.73 41.56 3706881	
1356.40 29.74 41.55 3713429	
1358.74 29.71 41.50 3719977	
1361.75 29.74 41.52 3726526	
1363.33 29.73 41.50 3733075	
1365.98 29.74 41.52 3739624	
1367.79 29.74 41.53 3746172	
1370.91 29.74 41.50 3752721	
1371.16 29.74 41.59 3759269	
1372.37 29.73 41.62 3765819	
1373.58 29.76 41.64 3772367	
1375.36 29.73 41.65 3778915	
1375.54 29.74 41.65 3785461	
1376.36 29.74 41.60 3792009	
1377.53 29.73 41.62 3798560	
1377.85 29.74 41.64 3805107	
1379.13 29.77 41.72 3811654	
1380.31 29.73 41.66 3818202	
1381.72 29.73 41.71 3824749	
1382.97 29.76 41.72 3831297	
1384.88 29.74 41.74 3837844	
1385.07 29.74 41.76 3844391	
1386.92 29.74 41.75 3850939	
1387.97 29.76 41.72 3857486	
1391.53 29.73 41.69 3864033	
1393.68 29.76 41.75 3870580	
1394.81 29.76 41.69 3877128	
1396.32 29.76 41.75 3883676	
1398.14 29.77 41.81 3890225	
1398.19 29.76 41.85 3896773	
1399.29 29.76 41.87 3903323	
1399.96 29.74 41.88 3909874	
1400.47 29.74 41.90 3916423	
1401.03 29.76 41.91 3922972	
1401.03 29.74 41.94 3929521	
1400.99 29.74 41.93 3936069	
1402.38 29.76 41.94 3942618	
1403.25 29.76 41.88 3949166	
1405.21 29.73 41.87 3955716	
1405.79 29.74 41.87 3962264	
1407.57 29.74 41.87 3968813	
1409.26 29.76 41.88 3975361	
1410.13 29.74 41.82 3981910	
1411.16 29.76 41.85 3988458	
1412.07 29.76 41.85 3995008	
1413.07 29.74 41.87 4001555	
1413.86 29.74 41.93 4008101	
1414.94 29.76 41.90 4014650	
1416.50 29.77 41.90 4021200	
1417.57 29.77 41.99 4027747	
1419.44 29.74 41.97 4034295	
1421.35 29.76 41.94 4040843	
1423.54 29.76 41.98 4047390	
1426.13 29.77 42.05 4053937	
1427.29 29.74 42.09 4060484	
1429.92 29.76 42.04 4067032	
1432.45 29.76 42.13 4073579	
1433.49 29.77 42.12 4080126	
1434.64 29.73 42.08 4086674	
1435.83 29.76 42.10 4093221	
1438.57 29.76 42.12 4099769	
1440.48 29.79 42.15 4106317	
1439.66 29.77 42.16 4112866	
1440.63 29.76 42.19 4119414	
1441.35 29.77 42.15 4125964	
1442.24 29.77 42.16 4132515	
1442.84 29.77 42.13 4139064	
1443.59 29.76 42.18 4145612	
1444.20 29.77 42.13 4152161	
1445.56 29.77 42.15 4158710	
1445.83 29.77 42.19 4165259	
1444.90 29.77 42.15 4171807	
1445.70 29.76 42.18 4178356	
1445.59 29.79 42.19 4184904	
1446.02 29.77 42.18 4191453	
1445.69 29.74 42.14 4198001	
1446.42 29.80 42.12 4204551	
1447.29 29.79 42.24 4211099	
1447.26 29.77 42.15 4217647	
1446.86 29.77 42.15 4224193	
1446.61 29.76 42.18 4230740	
1447.77 29.76 42.18 4237288	
1448.60 29.77 42.16 4243840	
1448.69 29.76 42.16 4250386	
1449.05 29.77 42.16 4256933	
1449.70 29.74 42.19 4263481	
1450.25 29.77 42.23 4270028	
1449.70 29.79 42.22 4276576	
1449.93 29.79 42.22 4283123	
1449.91 29.74 42.26 4289671	
1449.79 29.77 42.31 4296218	
1449.87 29.79 42.35 4302766	
1450.41 29.80 42.40 4309313	
1452.18 29.77 42.38 4315860	
1453.20 29.79 42.35 4322409	
1454.62 29.80 42.34 4328957	
1456.86 29.76 42.35 4335506	
1457.68 29.79 42.32 4342054	
1457.46 29.79 42.35 4348604	
1458.93 29.79 42.37 4355155	
1459.09 29.79 42.34 4361704	
1461.04 29.79 42.30 4368252	
1460.91 29.77 42.31 4374817	
1461.61 29.79 42.30 4381366	
1462.05 29.79 42.27 4387914	
1463.01 29.79 42.27 4394463	
1463.56 29.79 42.28 4401011	
1463.96 29.77 42.29 4407560	
1464.09 29.77 42.26 4414108	
1464.55 29.77 42.25 4420658	
1464.30 29.80 42.25 4427206	
1464.54 29.79 42.31 4433755	
1465.58 29.77 42.25 4440302	
1465.52 29.80 42.31 4446850	
1465.50 29.77 42.22 4453396	
1467.13 29.77 42.21 4459943	
1468.94 29.79 42.18 4466494	
1468.99 29.79 42.21 4473041	
1469.47 29.77 42.19 4479589	
1469.49 29.77 42.26 4486136	
1470.06 29.79 42.30 4492691	
1470.05 29.79 42.27 4499238	
1470.31 29.80 42.31 4505786	
1470.51 29.77 42.32 4512333	
1471.64 29.77 42.29 4518881	
1471.22 29.79 42.28 4525428	
1471.80 29.77 42.26 4531976	
1472.68 29.77 42.26 4538522	
1472.61 29.79 42.27 4545071	
1473.48 29.80 42.29 4551617	
1473.49 29.81 42.25 4558167	
1473.70 29.79 42.31 4564715	
1474.64 29.79 42.32 4571264	
1475.57 29.80 42.39 4577815	
1477.89 29.79 42.44 4584365	
1480.14 29.80 42.50 4590913	
1482.00 29.83 42.50 4597462	
1483.70 29.80 42.49 4604010	
1484.92 29.81 42.50 4610558	
1485.39 29.79 42.51 4617107	
1487.17 29.79 42.50 4623655	
1488.42 29.80 42.49 4630204	
1489.76 29.80 42.56 4636753	
1491.40 29.79 42.57 4643302	
1493.58 29.80 42.59 4649850	
1494.11 29.79 42.59 4656399	
1495.11 29.80 42.59 4662947	
1496.06 29.80 42.55 4669496	
1497.45 29.80 42.55 4676045	
1499.75 29.80 42.47 4682593	
1501.44 29.80 42.56 4689143	
1502.28 29.80 42.53 4695690	
1504.48 29.81 42.58 4702237	
1505.98 29.83 42.59 4708785	
1507.16 29.80 42.71 4715332	
1508.40 29.79 42.78 4721880	
1510.61 29.79 42.84 4728427	
1512.42 29.77 42.89 4734974	
1514.43 29.80 42.87 4741522	
1516.97 29.81 42.84 4748069	
1518.19 29.80 42.76 4754617	
1520.81 29.80 42.78 4761163	
1522.84 29.80 42.78 4767711	
1525.00 29.79 42.76 4774258	
1525.91 29.79 42.87 4780806	
1528.74 29.80 42.94 4787353	
1531.42 29.80 43.06 4793902	
1536.72 29.81 43.05 4800453	
1544.06 29.80 43.09 4807003	
1549.55 29.83 43.12 4813551	
1555.67 29.81 43.03 4820100	
1560.86 29.81 43.15 4826648	
1563.17 29.81 43.12 4833197	
1568.24 29.83 43.10 4839745	
1571.86 29.83 43.12 4846294	
1574.24 29.83 43.07 4852842	
1578.29 29.81 43.09 4859392	
1584.51 29.81 43.17 4865940	
1587.74 29.80 43.15 4872488	
1592.21 29.81 43.13 4879037	
1598.14 29.81 43.10 4885585	
1597.71 29.80 43.09 4892134	
1598.74 29.80 43.03 4898683	
1595.94 29.80 43.04 4905232	
1597.84 29.81 43.05 4911780	
1595.78 29.81 43.01 4918327	
1593.90 29.80 42.97 4924874	
1594.61 29.83 42.96 4931421	
1593.07 29.81 43.05 4937968	
1592.89 29.81 43.09 4944516	
1593.70 29.80 43.13 4951063	
1594.79 29.83 43.15 4957611	
1594.99 29.81 43.12 4964158	
1594.87 29.81 43.10 4970704	
1596.02 29.81 43.13 4977252	
1596.90 29.80 43.12 4983799	
1598.99 29.81 43.12 4990347	
1598.45 29.84 43.10 4996894	
1598.28 29.80 43.09 5003442	
1598.92 29.81 43.07 5009988	
1599.36 29.83 43.00 5016536	
1598.35 29.83 42.97 5023083	
1598.27 29.83 42.99 5029634	
1599.08 29.81 42.91 5036181	
1599.57 29.83 42.97 5042729	
1599.27 29.83 42.97 5049278	
1599.44 29.81 42.99 5055826	
1599.28 29.84 42.99 5062376	
1599.83 29.81 42.99 5068924	
1599.48 29.81 43.01 5075473	
1598.93 29.81 42.99 5082021	
1598.94 29.83 43.09 5088570	
1598.97 29.80 43.06 5095118	
1599.57 29.80 43.01 5101667	
1598.68 29.83 43.05 5108215	
1598.94 29.83 43.03 5114764	
1600.10 29.83 43.07 5121313	
1601.45 29.81 43.03 5127862	
1602.17 29.83 43.12 5134410	
1602.75 29.81 43.05 5140962	
1602.32 29.83 43.12 5147526	
1603.22 29.84 43.09 5154074	
1603.92 29.84 43.06 5160622	
1603.67 29.83 43.06 5167169	
1605.13 29.84 43.13 5173716	
1604.92 29.84 43.12 5180264	
1605.70 29.83 43.10 5186811	
1605.36 29.80 43.15 5193359	
1605.10 29.84 43.13 5199906	
1605.75 29.83 43.13 5206453	
1606.54 29.84 43.18 5213000	
1605.89 29.81 43.19 5219548	
1606.06 29.83 43.19 5226095	
1607.13 29.84 43.19 5232643	
1607.64 29.83 43.22 5239190	
1608.76 29.81 43.21 5245736	
1609.18 29.84 43.18 5252288	
1610.34 29.86 43.15 5258835	
1610.48 29.83 43.17 5265384	
1612.72 29.84 43.24 5271932	
1612.47 29.83 43.25 5278482	
1612.90 29.83 43.26 5285030	
1613.81 29.83 43.23 5291586	
1614.49 29.84 43.24 5298135	
1614.75 29.84 43.24 5304683	
1615.62 29.83 43.19 5311232	
1615.21 29.83 43.21 5317780	
1615.11 29.83 43.23 5324328	
1615.37 29.83 43.17 5330878	
1616.03 29.83 43.21 5337426	
1615.06 29.86 43.27 5343975	
1614.53 29.83 43.29 5350523	
1613.95 29.83 43.17 5357072	
1613.61 29.84 43.24 5363623	
1613.04 29.84 43.26 5370173	
1615.18 29.83 43.38 5376721	
1616.11 29.87 43.40 5383270	
1615.80 29.83 43.44 5389818	
1616.72 29.81 43.45 5396366	
1618.96 29.86 43.39 5402913	
1618.88 29.81 43.41 5409461	
1621.12 29.86 43.47 5416008	
1622.58 29.83 43.54 5422555	
1624.04 29.84 43.53 5429102	
1624.25 29.84 43.47 5435650	
1623.37 29.84 43.46 5442197	
1622.57 29.84 43.51 5448744	
1623.60 29.84 43.59 5455292	
1623.88 29.84 43.75 5461838	
1625.15 29.84 43.79 5468386	
1627.75 29.84 43.86 5474936	
1630.04 29.86 44.04 5481484	
1639.88 29.84 44.04 5488031	
1645.46 29.84 43.94 5494579	
1657.94 29.86 43.96 5501125	
1654.68 29.84 43.56 5507675	
1645.65 29.84 42.45 5514223	
1614.64 29.86 41.41 5520772	
1375.95 29.84 40.83 5527320	
1235.67 29.87 40.41 5533869	
1144.35 29.84 39.85 5540417	
963.18 29.83 39.66 5546966	
954.76 29.84 39.60 5553514	
927.99 29.84 39.51 5560062	
896.80 29.83 39.44 5566611	
853.52 29.86 39.37 5573160	
811.56 29.86 39.40 5579709	
788.84 29.87 39.31 5586260	
774.21 29.84 39.27 5592809	
769.78 29.84 39.31 5599357	
763.02 29.84 39.21 5605906	
756.19 29.86 39.14 5612454	
750.55 29.84 39.12 5619008	
744.44 29.83 39.03 5625555	
741.49 29.84 39.03 5632103	
740.50 29.83 39.00 5638650	
737.28 29.81 38.94 5645198	
734.64 29.84 38.96 5651744	
733.35 29.81 38.87 5658292	
731.80 29.83 38.87 5664839	
729.30 29.84 38.71 5671387	
727.91 29.83 38.72 5677933	
725.10 29.83 38.69 5684481	
724.19 29.83 38.69 5691028	
723.17 29.81 38.65 5697575	
722.76 29.83 38.56 5704126	
721.76 29.83 38.68 5710673	
721.89 29.83 38.66 5717220	
720.14 29.80 38.62 5723774	
719.02 29.80 38.59 5730323	
717.72 29.81 38.55 5736871	
716.27 29.80 38.49 5743420	
714.79 29.83 38.46 5749968	
711.50 29.83 38.40 5756517	
709.81 29.81 38.36 5763065	
708.64 29.83 38.33 5769614	
706.54 29.83 38.34 5776162	
704.75 29.81 38.31 5782711	
703.06 29.81 38.33 5789259	
702.25 29.80 38.25 5795808	
701.76 29.81 38.27 5802356	
701.64 29.81 38.24 5808905	
699.56 29.81 38.28 5815456	
698.62 29.81 38.25 5822005	
698.00 29.83 38.26 5828554	
697.57 29.80 38.22 5835103	
696.71 29.81 38.24 5841651	
696.25 29.81 38.27 5848200	
696.00 29.81 38.19 5854746	
696.13 29.81 38.11 5861294	
695.83 29.81 38.15 5867841	
695.77 29.80 38.15 5874388	
695.71 29.81 38.15 5880935	
695.98 29.81 38.14 5887482	
696.74 29.81 38.08 5894030	
696.56 29.83 38.10 5900576	
695.51 29.83 38.13 5907124	
695.78 29.83 38.08 5913671	
696.29 29.83 38.08 5920234	
696.13 29.81 38.11 5926780	
695.87 29.81 38.08 5933331	
696.16 29.80 38.06 5939878	
696.64 29.81 38.07 5946426	
697.58 29.81 38.05 5952973	
699.21 29.81 38.02 5959522	
699.54 29.79 38.03 5966070	
699.26 29.80 37.98 5972619	
698.55 29.80 37.99 5979167	
699.14 29.79 37.99 5985716	
698.92 29.80 38.01 5992264	
698.77 29.77 38.02 5998813	
698.52 29.80 38.01 6005361	
699.55 29.80 38.01 6011910	
699.56 29.79 38.02 6018458	
699.33 29.81 38.05 6025007	
699.41 29.80 38.06 6031555	
700.01 29.79 38.05 6038104	
700.70 29.81 38.07 6044652	
700.68 29.81 38.05 6051204	
702.17 29.81 38.09 6057753	
703.14 29.81 38.08 6064302	
704.59 29.79 38.08 6070855	
705.46 29.79 38.06 6077403	
706.02 29.80 38.06 6083950	
705.94 29.81 38.03 6090505	
705.36 29.80 38.05 6097052	
705.06 29.83 38.02 6103599	
704.68 29.81 38.02 6110146	
704.90 29.79 38.02 6116694	
705.46 29.80 37.99 6123240	
705.52 29.81 37.96 6129787	
704.85 29.79 37.99 6136335	
703.42 29.76 37.99 6142882	
702.75 29.77 37.96 6149429	
703.52 29.80 38.01 6155976	
703.25 29.79 38.01 6162527	
703.17 29.79 37.96 6169074	
703.03 29.79 37.99 6175622	
701.65 29.79 37.99 6182169	
700.60 29.77 38.00 6188718	
700.04 29.81 37.96 6195266	
701.13 29.77 38.06 6201815	
701.16 29.79 38.01 6208363	
700.15 29.79 38.06 6214912	
701.13 29.79 38.05 6221460	
701.16 29.80 38.05 6228008	
700.94 29.79 38.17 6234557	
702.26 29.79 38.18 6241105	
703.52 29.77 38.16 6247654	
705.42 29.79 38.18 6254202	
706.48 29.79 38.28 6260751	
708.33 29.79 38.28 6267299	
709.89 29.80 38.30 6273848	
712.17 29.79 38.28 6280399	
715.25 29.77 38.34 6286948	
718.27 29.79 38.31 6293496	
721.85 29.77 38.32 6300045	
726.08 29.79 38.33 6306593	
729.76 29.81 38.23 6313141	
729.83 29.80 38.17 6319688	
730.09 29.79 38.17 6326236	
730.54 29.76 38.09 6332782	
728.92 29.79 38.09 6339330	
727.38 29.80 38.11 6345877	
726.43 29.80 38.08 6352424	
723.90 29.77 38.10 6358971	
719.98 29.80 38.06 6365518	
718.26 29.79 38.05 6372066	
715.58 29.79 38.02 6378613	
713.00 29.79 38.11 6385160	
711.24 29.77 38.08 6391707	
710.02 29.79 38.08 6398258	
708.98 29.77 38.06 6404805	
707.10 29.79 38.06 6411353	
707.36 29.79 38.05 6417899	
706.74 29.77 38.06 6424446	
706.78 29.80 38.08 6430995	
705.01 29.76 38.07 6437543	
704.35 29.79 38.09 6444092	
703.44 29.77 38.00 6450640	
702.77 29.80 38.03 6457189	
703.27 29.79 38.03 6463737	
703.84 29.80 37.98 6470286	
703.06 29.77 37.93 6476834	
703.85 29.80 37.95 6483383	
703.51 29.79 37.92 6489931	
702.97 29.79 37.86 6496480	
703.18 29.80 37.86 6503028	
703.65 29.77 37.87 6509580	
704.03 29.76 37.85 6516128	
704.29 29.77 37.86 6522677	
704.10 29.79 37.89 6529225	
704.22 29.77 37.86 6535775	
705.47 29.79 37.87 6542323	
705.67 29.79 37.89 6548871	
705.84 29.79 37.86 6555419	
706.78 29.79 37.86 6561967	
707.29 29.80 37.89 6568514	
707.66 29.77 37.86 6575062	
708.78 29.77 37.86 6581608	
708.82 29.77 37.90 6588155	
709.89 29.76 37.89 6594703	
709.99 29.77 37.81 6601250	
709.87 29.77 37.86 6607797	
710.11 29.77 37.86 6614344	
711.19 29.77 37.81 6620892	
711.18 29.77 37.83 6627442	
711.85 29.77 37.90 6633990	
712.40 29.80 37.84 6640536	
713.78 29.79 37.90 6647084	
714.63 29.77 37.84 6653631	
716.10 29.77 37.84 6660177	
717.41 29.76 37.84 6666725	
718.87 29.79 37.92 6673272	
720.27 29.77 37.84 6679821	
720.31 29.76 37.85 6686385	
720.92 29.77 37.87 6692933	
720.24 29.76 37.84 6699482	
719.35 29.77 37.84 6706030	
719.83 29.76 37.87 6712579	
720.76 29.76 37.85 6719127	
721.01 29.79 37.83 6725676	
720.02 29.76 37.84 6732224	
719.23 29.76 37.81 6738772	
717.74 29.77 37.78 6745324	
717.62 29.79 37.81 6751873	
717.17 29.79 37.77 6758421	
716.24 29.79 37.71 6764969	
714.77 29.77 37.73 6771518	
713.81 29.77 37.68 6778066	
713.31 29.80 37.70 6784615	
711.71 29.79 37.70 6791163	
710.17 29.79 37.67 6797712	
709.04 29.77 37.71 6804260	
709.08 29.79 37.70 6810808	
707.87 29.77 37.68 6817354	
707.46 29.77 37.65 6823902	
706.86 29.79 37.68 6830449	
707.51 29.76 37.74 6836996	
707.36 29.77 37.74 6843543	
707.31 29.77 37.77 6850091	
707.33 29.76 37.80 6856641	
706.85 29.77 37.78 6863188	
707.32 29.80 37.77 6869735	
707.13 29.81 37.77 6876282	
707.52 29.77 37.81 6882830	
708.88 29.79 37.75 6889384	
709.31 29.77 37.81 6895932	
708.95 29.79 37.75 6902478	
709.35 29.76 37.74 6909026	
709.72 29.79 37.75 6915573	
709.26 29.79 37.75 6922120	
708.96 29.77 37.75 6928667	
709.07 29.79 37.74 6935215	
709.71 29.77 37.73 6941763	
709.95 29.80 37.71 6948312	
709.72 29.76 37.69 6954860	
709.34 29.74 37.72 6961409	
708.58 29.76 37.78 6967957	
708.12 29.77 37.78 6974509	
707.98 29.77 37.77 6981057	
707.57 29.79 37.80 6987606	
708.11 29.77 37.81 6994154	
708.34 29.76 37.85 7000702	
709.02 29.77 37.84 7007251	
710.31 29.80 37.81 7013799	
710.88 29.77 37.86 7020348	
711.37 29.79 37.80 7026896	
712.20 29.77 37.80 7033445	
713.84 29.79 37.83 7039993	
714.94 29.77 37.87 7046542	
715.80 29.74 37.82 7053090	
716.83 29.79 37.86 7059639	
716.64 29.76 37.85 7066187	
718.15 29.77 37.86 7072735	
719.81 29.77 37.83 7079282	
720.83 29.77 37.84 7085830	
722.38 29.79 37.84 7092380	
723.04 29.77 37.84 7098927	
724.17 29.76 37.84 7105474	
724.98 29.77 37.81 7112022	
726.30 29.76 37.85 7118568	
726.04 29.77 37.80 7125115	
726.60 29.79 37.77 7131663	
726.76 29.77 37.78 7138209	
727.19 29.79 37.78 7144757	
727.17 29.77 37.80 7151303	
727.30 29.77 37.80 7157851	
727.59 29.80 37.83 7164398	
727.39 29.79 37.81 7170945	
727.32 29.77 37.84 7177492	
729.25 29.80 37.79 7184039	
730.34 29.76 37.83 7190588	
730.55 29.79 37.83 7197136	
730.56 29.77 37.83 7203696	
730.48 29.77 37.80 7210248	
730.38 29.77 37.83 7216798	
729.87 29.77 37.89 7223349	
730.14 29.76 37.89 7229900	
730.47 29.79 37.81 7236451	
731.06 29.76 37.83 7243001	
731.61 29.76 37.87 7249553	
733.17 29.76 37.83 7256103	
734.37 29.76 37.85 7262654	
735.70 29.77 37.90 7269206	
736.74 29.77 37.86 7275756	
737.18 29.77 37.89 7282307	
