796.39 28.24 38.50 1046	
797.37 28.26 38.44 3086	
788.52 28.30 38.41 5108	
787.05 28.32 38.33 7132	
785.15 28.32 38.26 9155	
788.56 28.36 38.27 11179	
788.90 28.43 38.24 13207	
784.68 28.44 38.16 15232	
784.94 28.47 38.14 17256	
782.42 28.50 38.04 19280	
780.59 28.50 37.97 21305	
778.27 28.53 37.93 23329	
779.36 28.55 37.80 25354	
780.84 28.59 37.84 27378	
780.82 28.61 37.85 29403	
778.73 28.63 37.84 31427	
777.44 28.69 37.78 35452	
776.17 28.70 37.78 37475	
774.45 28.70 37.64 39498	
750.06 28.78 41.17 44285	
750.55 28.83 39.44 49078	
751.67 28.83 38.90 51102	
750.99 28.88 38.43 53127	
750.22 28.91 38.13 55151	
750.50 28.91 38.17 57176	
748.85 28.92 38.13 59201	
749.19 28.94 38.02 63225	
748.59 28.97 37.93 65249	
712.91 29.01 38.54 70036	
723.17 29.09 37.97 76584	
734.78 29.12 37.54 83133	
737.48 29.16 37.37 89682	
743.83 29.21 37.15 96230	
742.91 29.24 37.01 102779	
738.93 29.26 36.96 109328	
737.14 29.32 36.90 115876	
736.58 29.33 36.78 122424	
731.89 29.36 36.74 128971	
729.97 29.41 36.89 135522	
731.13 29.43 36.79 142068	
729.48 29.42 36.68 148616	
729.07 29.49 36.55 155163	
727.38 29.48 36.52 161712	
724.73 29.52 36.47 168260	
724.70 29.53 36.52 174809	
724.05 29.56 36.40 181357	
722.62 29.54 36.38 187906	
723.79 29.56 36.37 194454	
724.80 29.59 36.32 201003	
727.20 29.62 36.31 207550	
726.95 29.63 36.26 214096	
727.04 29.62 36.23 220644	
727.00 29.66 36.17 227191	
727.42 29.67 36.17 233738	
727.21 29.67 36.13 240285	
726.91 29.69 36.09 246833	
727.19 29.70 36.11 253380	
726.54 29.72 36.09 259933	
727.22 29.73 36.07 266481	
726.32 29.74 36.08 273030	
724.78 29.73 36.05 279578	
724.48 29.76 36.07 286127	
723.49 29.76 36.07 292674	
722.65 29.77 36.00 299222	
722.04 29.79 36.03 305769	
722.03 29.80 35.97 312315	
722.15 29.82 36.04 318863	
722.31 29.82 35.95 325410	
722.19 29.83 35.94 331957	
721.71 29.82 35.91 338504	
721.74 29.84 35.91 345053	
722.42 29.84 35.91 351601	
722.57 29.87 35.84 358150	
723.66 29.89 35.86 364698	
724.83 29.87 35.85 371247	
725.38 29.87 35.86 377798	
725.76 29.89 35.80 384347	
725.55 29.90 35.82 390894	
725.70 29.90 35.74 397442	
725.44 29.90 35.75 403988	
724.54 29.91 35.73 410535	
725.38 29.94 35.70 417083	
725.58 29.93 35.73 423630	
727.22 29.97 35.64 430179	
727.73 29.96 35.67 436727	
727.96 29.96 35.64 443276	
727.37 29.97 35.64 449824	
727.13 29.97 35.64 456372	
726.74 30.00 35.59 462920	
726.45 29.99 35.64 469469	
727.08 30.00 35.61 476016	
726.27 29.99 35.55 482564	
725.28 29.99 35.58 489111	
724.59 30.00 35.54 495661	
724.52 30.01 35.50 502208	
724.87 30.03 35.52 508755	
723.84 30.04 35.47 515303	
723.90 30.04 35.44 521850	
723.56 30.05 35.43 528399	
723.80 30.05 35.46 534947	
723.56 30.04 35.40 541496	
724.12 30.08 35.45 548044	
724.30 30.08 35.41 554593	
723.92 30.05 35.37 561141	
723.84 30.07 35.39 567689	
723.71 30.05 35.29 574235	
724.66 30.08 35.35 580783	
724.47 30.07 35.34 587329	
724.13 30.10 35.33 593876	
723.21 30.11 35.35 600424	
723.65 30.10 35.32 606991	
722.84 30.10 35.32 613538	
722.31 30.10 35.30 620098	
722.74 30.13 35.26 626647	
722.24 30.11 35.24 633195	
721.27 30.13 35.27 639744	
721.37 30.14 35.23 646292	
720.80 30.11 35.21 652838	
721.52 30.13 35.22 659386	
721.44 30.14 35.20 665933	
721.73 30.14 35.17 672481	
721.20 30.14 35.20 679027	
721.74 30.15 35.35 685575	
721.99 30.15 35.38 692122	
722.74 30.15 35.31 698671	
722.84 30.17 35.40 705218	
723.66 30.18 35.44 711767	
723.57 30.20 35.51 718315	
723.62 30.17 35.44 724864	
723.81 30.20 35.32 731412	
723.60 30.18 35.27 737964	
723.06 30.20 35.87 744511	
723.06 30.20 35.88 751058	
722.63 30.20 35.56 757605	
723.66 30.20 35.37 764152	
725.05 30.22 35.19 770700	
725.18 30.22 35.27 777247	
725.38 30.22 35.32 783796	
725.86 30.20 35.32 790344	
0.00 30.21 35.89 798893	
803.85 30.22 36.08 802675	
797.81 30.22 36.06 804699	
801.69 30.20 36.14 806722	
802.57 30.20 35.93 808745	
794.87 30.22 35.65 810768	
788.17 30.22 35.47 812793	
789.67 30.22 35.44 814818	
787.96 30.22 35.47 816842	
786.12 30.21 35.50 818870	
92.53 30.22 36.31 822895	
825.21 30.22 36.65 824920	
814.15 30.21 36.52 828452	
850.90 30.21 36.19 835000	
848.12 30.24 35.94 841547	
842.54 30.22 35.69 848096	
838.12 30.25 35.63 854644	
840.12 30.22 35.63 861193	
836.87 30.24 35.60 867741	
833.44 30.25 35.60 874290	
832.83 30.25 35.63 880838	
832.32 30.28 35.63 887387	
831.13 30.28 35.62 893934	
828.76 30.30 35.58 900481	
828.96 30.28 35.58 907028	
831.95 30.28 35.59 913575	
831.78 30.31 35.58 920122	
830.40 30.32 35.51 926669	
831.34 30.31 35.47 933221	
831.19 30.31 35.55 939769	
830.39 30.32 35.52 946318	
829.85 30.34 35.50 952866	
830.32 30.32 35.52 959415	
830.55 30.31 35.53 965963	
831.70 30.31 35.53 972512	
832.09 30.32 35.64 979058	
832.84 30.32 35.71 985606	
834.36 30.35 35.73 992153	
836.16 30.34 35.77 998700	
838.02 30.36 35.69 1005247	
841.05 30.36 35.67 1011794	
843.44 30.35 35.65 1018343	
851.84 30.36 35.68 1024891	
866.28 30.36 35.68 1031440	
873.95 30.41 35.67 1037988	
882.66 30.39 35.71 1044537	
885.81 30.39 35.72 1051088	
892.36 30.36 35.81 1057637	
895.71 30.38 35.85 1064184	
896.97 30.39 35.80 1070731	
897.66 30.39 35.82 1077278	
897.68 30.39 35.82 1083826	
897.16 30.44 35.83 1090373	
895.68 30.42 35.74 1096920	
894.45 30.42 35.78 1103467	
894.26 30.42 35.80 1110016	
893.33 30.44 35.82 1116564	
891.97 30.44 35.88 1123112	
892.16 30.44 35.87 1129661	
893.08 30.44 35.87 1136209	
894.16 30.45 35.80 1142758	
895.33 30.42 35.82 1149306	
894.83 30.47 35.84 1155854	
895.60 30.47 35.82 1162404	
896.80 30.47 35.82 1168951	
896.03 30.45 35.82 1175498	
896.99 30.47 35.82 1182046	
898.96 30.45 35.83 1188593	
901.28 30.47 35.82 1195141	
902.15 30.48 35.83 1201689	
904.32 30.48 35.88 1208238	
904.02 30.50 35.95 1214786	
904.73 30.51 36.09 1221335	
904.60 30.50 36.12 1227883	
906.03 30.51 36.22 1234432	
905.98 30.52 36.31 1240979	
907.43 30.50 36.37 1247526	
909.33 30.52 36.40 1254074	
910.08 30.52 36.34 1260620	
912.19 30.52 36.38 1267168	
913.90 30.54 36.35 1273715	
915.15 30.54 36.35 1280266	
917.40 30.55 36.35 1286814	
919.71 30.56 36.33 1293363	
920.66 30.56 36.37 1299910	
922.54 30.56 36.34 1306477	
923.38 30.56 36.33 1313027	
925.22 30.58 36.37 1319574	
925.36 30.55 36.30 1326123	
926.29 30.58 36.32 1332670	
928.44 30.56 36.39 1339217	
929.20 30.56 36.44 1345765	
928.75 30.59 36.50 1352311	
932.25 30.59 36.51 1358859	
941.98 30.58 36.52 1365406	
946.21 30.58 36.60 1371962	
948.80 30.61 36.59 1378510	
954.00 30.59 36.56 1385059	
955.46 30.59 36.57 1391606	
958.44 30.63 36.55 1398159	
961.36 30.59 36.68 1404707	
963.71 30.59 36.74 1411256	
966.83 30.61 36.77 1417804	
968.62 30.62 36.82 1424352	
970.51 30.62 36.80 1430898	
973.01 30.61 36.81 1437446	
975.01 30.62 36.81 1443993	
977.77 30.62 36.78 1450541	
980.63 30.63 36.78 1457087	
982.69 30.63 36.85 1463635	
984.30 30.65 36.81 1470184	
987.75 30.63 36.82 1476732	
988.98 30.65 36.82 1483281	
990.30 30.65 36.85 1489829	
992.02 30.65 36.89 1496378	
993.37 30.65 36.90 1502926	
995.90 30.66 36.93 1509477	
996.61 30.68 36.96 1516024	
996.68 30.68 36.94 1522572	
997.79 30.69 36.96 1529119	
1000.39 30.66 36.94 1535666	
1003.75 30.71 36.96 1542213	
1005.30 30.66 36.93 1548762	
1006.98 30.66 36.97 1555310	
1007.56 30.68 36.98 1561859	
1008.59 30.68 36.92 1568407	
1010.34 30.69 36.94 1574956	
1011.30 30.68 36.97 1581504	
1012.16 30.69 36.98 1588054	
1013.94 30.71 37.03 1594602	
1014.81 30.71 37.11 1601148	
1016.59 30.71 37.09 1607696	
1017.60 30.69 37.11 1614243	
1019.72 30.71 37.16 1620794	
1020.63 30.71 37.22 1627341	
1022.35 30.72 37.20 1633889	
1024.06 30.71 37.20 1640437	
1027.50 30.72 37.20 1646986	
1028.54 30.73 37.15 1653534	
1029.70 30.71 37.12 1660083	
1032.41 30.72 37.15 1666631	
1036.49 30.73 37.18 1673180	
1040.05 30.72 37.25 1679728	
1043.95 30.73 37.22 1686276	
1045.91 30.72 37.22 1692823	
1047.00 30.72 37.22 1699369	
1049.19 30.73 37.22 1705917	
1055.48 30.75 37.22 1712464	
1062.56 30.73 37.26 1719012	
1064.44 30.75 37.28 1725559	
1066.95 30.75 37.27 1732108	
1067.86 30.75 37.25 1738653	
1072.32 30.72 37.25 1745202	
1073.45 30.76 37.22 1751751	
1077.09 30.75 37.23 1758300	
1078.99 30.75 37.31 1764848	
1081.32 30.76 37.30 1771397	
1081.52 30.78 37.39 1777943	
1081.51 30.75 37.44 1784491	
1082.11 30.78 37.41 1791038	
1082.73 30.78 37.48 1797585	
1083.01 30.75 37.50 1804132	
1086.33 30.78 37.46 1810679	
1089.94 30.78 37.50 1817228	
1092.64 30.76 37.44 1823776	
1094.25 30.76 37.38 1830325	
1095.10 30.78 37.38 1836873	
1096.90 30.76 37.38 1843422	
1098.28 30.82 37.41 1849974	
1100.86 30.81 37.44 1856523	
1102.53 30.79 37.45 1863071	
1104.35 30.81 37.50 1869618	
1107.81 30.81 37.57 1876165	
1110.90 30.79 37.58 1882713	
1112.90 30.81 37.62 1889260	
1111.97 30.82 37.56 1895808	
1115.68 30.81 37.59 1902354	
1117.84 30.79 37.58 1908902	
1118.28 30.82 37.64 1915452	
1119.23 30.81 37.62 1921999	
1120.66 30.82 37.60 1928549	
1121.71 30.83 37.65 1935097	
1120.40 30.81 37.68 1941646	
1123.45 30.83 37.72 1948194	
1124.68 30.82 37.77 1954743	
1126.49 30.82 37.75 1961293	
1128.56 30.83 37.75 1967840	
1128.87 30.85 37.81 1974387	
1129.85 30.82 37.87 1980935	
1131.75 30.85 37.84 1987482	
1134.19 30.85 37.81 1994030	
1136.12 30.83 37.81 2000578	
1136.45 30.85 37.78 2007127	
1138.72 30.83 37.74 2013675	
1140.96 30.85 37.72 2020224	
1141.38 30.82 37.75 2026772	
1142.13 30.85 37.81 2033320	
1142.86 30.86 37.82 2039872	
1143.98 30.83 37.83 2046419	
1145.52 30.85 37.83 2052966	
1145.93 30.86 37.81 2059532	
1147.77 30.86 37.75 2066079	
1147.22 30.85 37.83 2072630	
1148.66 30.85 37.92 2079178	
1150.19 30.87 37.87 2085727	
1151.91 30.86 37.84 2092275	
1152.69 30.86 37.85 2098824	
1152.88 30.87 37.86 2105373	
1153.53 30.89 37.90 2111922	
1152.39 30.89 37.90 2118469	
1154.05 30.89 37.86 2125017	
1154.62 30.87 37.89 2131564	
1155.58 30.86 37.91 2138112	
1156.40 30.89 37.87 2144659	
1157.49 30.87 37.90 2151206	
1157.54 30.89 37.94 2157754	
1159.92 30.87 37.95 2164300	
1160.86 30.90 37.95 2170856	
1161.99 30.87 37.87 2177404	
1161.77 30.90 37.86 2183957	
1161.90 30.92 37.88 2190505	
1162.72 30.92 37.90 2197054	
1163.57 30.87 37.94 2203602	
1165.45 30.89 37.97 2210151	
1166.32 30.92 37.98 2216698	
1166.39 30.92 38.04 2223245	
1169.25 30.87 38.10 2229792	
1169.84 30.89 38.04 2236340	
1169.60 30.92 38.02 2242886	
1170.32 30.90 37.99 2249434	
1169.77 30.90 37.97 2255982	
1170.06 30.93 37.94 2262531	
1170.17 30.89 37.94 2269080	
1172.12 30.90 38.03 2275629	
1173.19 30.92 38.07 2282177	
1174.00 30.92 38.03 2288726	
1173.30 30.93 38.08 2295277	
1173.04 30.92 38.02 2301825	
1175.38 30.93 38.05 2308371	
1176.46 30.92 38.02 2314918	
1178.51 30.92 37.98 2321466	
1182.18 30.94 38.02 2328012	
1186.90 30.92 38.12 2334560	
1186.87 30.93 38.18 2341107	
1186.31 30.92 38.13 2347656	
1187.21 30.93 38.19 2354204	
1187.69 30.94 38.29 2360753	
1188.52 30.93 38.29 2367301	
1190.56 30.93 38.30 2373850	
1192.09 30.96 38.28 2380398	
1193.37 30.93 38.23 2386947	
1194.74 30.93 38.20 2393494	
1197.21 30.93 38.24 2400041	
1198.29 30.94 38.29 2406592	
1198.04 30.93 38.23 2413139	
1199.26 30.93 38.35 2419686	
1199.63 30.96 38.37 2426234	
1199.46 30.94 38.37 2432783	
1200.88 30.94 38.38 2439331	
1202.54 30.94 38.38 2445880	
1203.73 30.94 38.38 2452429	
1206.25 30.94 38.37 2458978	
1208.59 30.94 38.40 2465526	
1210.42 30.97 38.41 2472073	
1210.27 30.94 38.47 2478620	
1211.65 30.99 38.49 2485168	
1212.63 30.97 38.49 2491714	
1212.00 30.97 38.49 2498262	
1210.86 30.96 38.47 2504809	
1212.82 30.94 38.44 2511357	
1212.90 30.96 38.49 2517909	
1213.30 30.97 38.54 2524457	
1216.53 30.96 38.52 2531006	
1216.57 30.97 38.57 2537555	
1218.43 30.96 38.60 2544104	
1220.13 30.97 38.62 2550652	
1223.72 30.97 38.67 2557200	
1225.53 30.99 38.68 2563746	
1228.39 30.99 38.68 2570294	
1232.02 30.97 38.68 2576841	
1236.55 31.00 38.71 2583389	
1239.55 30.99 38.68 2589935	
1249.36 30.99 38.76 2596484	
1255.72 31.02 38.80 2603032	
1261.49 31.00 38.75 2609581	
1265.26 30.97 38.76 2616129	
1270.65 31.00 38.80 2622678	
1271.18 31.00 38.76 2629230	
1276.93 31.00 38.78 2635778	
1276.70 31.02 38.80 2642325	
1278.57 31.03 38.90 2648872	
1278.88 31.00 38.89 2655420	
1279.81 31.03 39.00 2661966	
1280.93 31.00 39.00 2668514	
1281.49 31.00 39.03 2675061	
1282.60 31.02 39.02 2681610	
1285.46 31.03 39.03 2688158	
1288.55 31.02 38.99 2694707	
1292.07 30.99 39.05 2701254	
1297.66 31.02 39.11 2707803	
1300.57 31.02 39.10 2714351	
1305.71 31.02 39.11 2720900	
1309.14 31.03 39.17 2727447	
1308.50 31.03 39.14 2733995	
1312.74 31.02 39.20 2740545	
1312.18 31.00 39.20 2747092	
1314.18 31.05 39.25 2753640	
1315.82 31.02 39.25 2760186	
1317.93 31.05 39.27 2766735	
1320.00 31.05 39.28 2773283	
1322.89 31.03 39.24 2779832	
1322.64 31.02 39.19 2786380	
1322.05 31.05 39.20 2792929	
1322.51 31.05 39.19 2799477	
1322.96 31.05 39.19 2806044	
1320.02 31.06 39.28 2812592	
1320.74 31.03 39.36 2819139	
1322.66 31.06 39.37 2825687	
1322.14 31.03 39.34 2832233	
1322.13 31.05 39.38 2838780	
1321.77 31.05 39.39 2845328	
1329.39 31.06 39.43 2851878	
1335.66 31.06 39.46 2858427	
1340.68 31.06 39.38 2864975	
1348.24 31.05 39.42 2871524	
1351.27 31.06 39.42 2878072	
1346.92 31.05 39.49 2884621	
1349.65 31.05 39.47 2891169	
1352.08 31.05 39.46 2897718	
1352.05 31.06 39.47 2904265	
1353.30 31.07 39.49 2910812	
1355.71 31.07 39.50 2917359	
1358.11 31.07 39.50 2923907	
1358.85 31.06 39.52 2930454	
1363.24 31.07 39.49 2937000	
1364.85 31.07 39.54 2943549	
1367.01 31.09 39.48 2950097	
1369.13 31.07 39.50 2956646	
1369.73 31.06 39.52 2963198	
1373.13 31.07 39.56 2969754	
1376.62 31.06 39.61 2976303	
1379.19 31.07 39.59 2982851	
1382.56 31.10 39.62 2989398	
1383.75 31.09 39.64 2995945	
1387.22 31.06 39.63 3002492	
1390.26 31.09 39.64 3009039	
1392.01 31.07 39.67 3015586	
1392.58 31.07 39.69 3022134	
1394.76 31.07 39.70 3028681	
1396.08 31.07 39.68 3035230	
1396.59 31.09 39.68 3041778	
1398.55 31.09 39.63 3048327	
1399.46 31.09 39.64 3054875	
1400.42 31.09 39.67 3061424	
1401.38 31.10 39.68 3067972	
1403.89 31.10 39.68 3074524	
1405.07 31.09 39.71 3081071	
1405.65 31.09 39.70 3087618	
1405.35 31.09 39.70 3094165	
1406.63 31.10 39.71 3100712	
1408.62 31.07 39.69 3107260	
1406.69 31.12 39.66 3113806	
1407.37 31.10 39.68 3120355	
1407.59 31.10 39.67 3126903	
1407.97 31.10 39.68 3133452	
1407.67 31.12 39.72 3140000	
1408.32 31.10 39.74 3146549	
1407.49 31.12 39.70 3153097	
1406.98 31.10 39.75 3159646	
1407.12 31.10 39.77 3166193	
1407.05 31.12 39.74 3172741	
1406.98 31.10 39.74 3179287	
1406.46 31.12 39.69 3185838	
1408.33 31.13 39.70 3192385	
1408.70 31.13 39.70 3198932	
1406.78 31.10 39.72 3205480	
1406.95 31.10 39.72 3212028	
1406.16 31.10 39.72 3218577	
1406.33 31.13 39.76 3225125	
1405.90 31.13 39.78 3231674	
1405.82 31.12 39.79 3238222	
1405.39 31.12 39.81 3244771	
1405.08 31.13 39.85 3251319	
1406.38 31.14 39.86 3257867	
1406.53 31.10 39.85 3264414	
1406.49 31.12 39.77 3270961	
1407.36 31.13 39.81 3277508	
1408.59 31.14 39.88 3284056	
1410.25 31.14 39.91 3290602	
1410.92 31.14 39.96 3297155	
1412.57 31.13 39.93 3303703	
1414.09 31.14 39.97 3310252	
1415.78 31.13 39.95 3316800	
1415.72 31.16 39.98 3323348	
1416.85 31.13 40.01 3329897	
1418.49 31.14 40.04 3336449	
1419.03 31.16 40.05 3342996	
1420.57 31.14 40.13 3349542	
1421.47 31.14 40.14 3356090	
1421.64 31.13 40.21 3362637	
1423.55 31.14 40.13 3369185	
1426.76 31.14 40.18 3375732	
1427.79 31.16 40.15 3382281	
1428.17 31.13 40.14 3388828	
1429.00 31.16 40.11 3395377	
1431.80 31.14 40.11 3401925	
1431.39 31.14 40.07 3408474	
1431.90 31.16 40.02 3415020	
1432.98 31.17 40.06 3421569	
1432.93 31.17 40.10 3428116	
1431.53 31.14 40.14 3434662	
1432.07 31.14 40.21 3441210	
1433.58 31.16 40.14 3447757	
1434.76 31.14 40.02 3454304	
1434.81 31.16 40.00 3460851	
1435.48 31.16 40.02 3467400	
1436.11 31.16 40.06 3473948	
1436.41 31.16 40.18 3480496	
1436.70 31.17 40.24 3487044	
1437.08 31.14 40.23 3493593	
1437.87 31.17 40.19 3500141	
1436.75 31.17 40.19 3506690	
1439.16 31.17 40.28 3513236	
1437.87 31.14 40.28 3519783	
1437.86 31.19 40.30 3526334	
1436.38 31.17 40.22 3532881	
1435.95 31.16 40.18 3539429	
1435.81 31.16 40.20 3545975	
1436.78 31.19 40.30 3552543	
1436.95 31.17 40.36 3559092	
1438.20 31.19 40.40 3565640	
1438.72 31.19 40.23 3572189	
1439.10 31.17 40.22 3578737	
1437.15 31.17 40.21 3585286	
1436.52 31.19 40.12 3591835	
1434.96 31.20 40.07 3598382	
1435.10 31.17 40.09 3604929	
1436.27 31.19 40.15 3611476	
1435.15 31.19 40.15 3618024	
1435.01 31.17 40.17 3624570	
1434.04 31.16 40.20 3631118	
1434.09 31.19 40.19 3637670	
1434.01 31.19 40.14 3644219	
1434.57 31.20 40.18 3650767	
1434.11 31.20 40.29 3657316	
1434.22 31.20 40.27 3663864	
1435.16 31.19 40.30 3670413	
1435.57 31.20 40.30 3676961	
1434.95 31.21 40.30 3683509	
1436.09 31.19 40.32 3690056	
1437.48 31.20 40.37 3696604	
1438.83 31.20 40.41 3703151	
1440.97 31.19 40.44 3709698	
1443.79 31.21 40.49 3716245	
1444.76 31.19 40.55 3722793	
1446.83 31.19 40.59 3729342	
1451.89 31.23 40.62 3735890	
1459.08 31.21 40.63 3742440	
1460.95 31.23 40.64 3748992	
1468.07 31.20 40.65 3755540	
1472.86 31.20 40.63 3762088	
1478.33 31.24 40.65 3768645	
1478.57 31.21 40.57 3775192	
1481.18 31.21 40.61 3781739	
1485.72 31.21 40.62 3788286	
1488.48 31.21 40.65 3794834	
1490.87 31.20 40.60 3801381	
1492.47 31.21 40.63 3807930	
1494.50 31.21 40.67 3814478	
1495.08 31.21 40.65 3821027	
1494.79 31.21 40.67 3827575	
1496.41 31.21 40.67 3834125	
1497.56 31.24 40.66 3840673	
1498.22 31.23 40.67 3847222	
1500.90 31.23 40.78 3853768	
1503.15 31.23 40.80 3860319	
1507.07 31.23 40.83 3866866	
1511.29 31.24 40.82 3873414	
1517.56 31.24 40.84 3879961	
1527.29 31.23 40.87 3886509	
1542.67 31.24 40.95 3893056	
1555.11 31.24 41.01 3899604	
1560.89 31.23 41.09 3906153	
1561.46 31.24 41.05 3912701	
1569.64 31.24 41.10 3919250	
1573.63 31.23 41.07 3925798	
1573.31 31.23 41.09 3932347	
1574.18 31.26 41.09 3938895	
1575.44 31.26 41.00 3945443	
1576.27 31.26 40.92 3951990	
1576.81 31.26 40.91 3958538	
1575.86 31.26 40.90 3965084	
1573.65 31.24 40.91 3971636	
1571.73 31.27 40.88 3978182	
1571.81 31.26 40.95 3984732	
1570.98 31.27 41.08 3991280	
1570.39 31.27 41.10 3997829	
1570.60 31.26 41.17 4004377	
1571.26 31.26 41.14 4010926	
1572.94 31.26 41.17 4017474	
1574.19 31.26 41.22 4024023	
1570.91 31.26 41.10 4030571	
1571.63 31.24 41.04 4037118	
1571.90 31.26 41.06 4043665	
1573.03 31.26 41.10 4050212	
1572.06 31.29 41.11 4056760	
1571.29 31.27 41.05 4063307	
1570.66 31.27 41.03 4069855	
1569.45 31.27 41.05 4076403	
1569.19 31.29 41.03 4082955	
1568.32 31.27 41.01 4089503	
1568.49 31.29 41.00 4096052	
1568.94 31.27 41.03 4102600	
1568.11 31.26 41.01 4109150	
1567.14 31.29 41.05 4115698	
1567.72 31.27 41.10 4122245	
1567.67 31.29 41.16 4128792	
1567.54 31.30 41.13 4135340	
1568.26 31.29 41.16 4141887	
1569.08 31.27 41.26 4148434	
1570.41 31.29 41.23 4154981	
1571.61 31.27 41.22 4161530	
1571.79 31.26 41.20 4168079	
1573.15 31.29 41.21 4174627	
1573.36 31.29 41.17 4181176	
1573.33 31.30 41.22 4187724	
1574.75 31.29 41.23 4194276	
1574.56 31.27 41.22 4200824	
1573.99 31.30 41.16 4207372	
1573.49 31.29 41.09 4213919	
1572.56 31.29 41.14 4220467	
1573.25 31.30 41.11 4227014	
1573.33 31.29 41.17 4233561	
1572.90 31.27 41.22 4240108	
1573.18 31.30 41.26 4246656	
1572.39 31.29 41.25 4253204	
1573.68 31.29 41.31 4259752	
1575.84 31.31 41.31 4266301	
1575.41 31.31 41.30 4272850	
1576.75 31.29 41.35 4279399	
1577.45 31.30 41.34 4285947	
1578.91 31.30 41.35 4292496	
1579.80 31.31 41.43 4299062	
1580.51 31.31 41.44 4305613	
1581.68 31.30 41.44 4312160	
1582.09 31.29 41.48 4318707	
1584.49 31.33 41.50 4325255	
1588.65 31.29 41.53 4331802	
1592.60 31.30 41.50 4338351	
1593.97 31.30 41.53 4344899	
1595.62 31.31 41.56 4351448	
1596.96 31.30 41.61 4357996	
1601.32 31.33 41.60 4364545	
1611.73 31.33 41.59 4371093	
1617.44 31.30 41.60 4377641	
1624.15 31.31 41.64 4384189	
1625.32 31.33 41.73 4390736	
1634.62 31.36 41.73 4397284	
1637.87 31.33 41.74 4403831	
1641.97 31.33 41.87 4410379	
1644.64 31.34 41.91 4416929	
1648.96 31.33 41.90 4423476	
1651.71 31.31 41.82 4430024	
1651.52 31.34 41.75 4436574	
1654.21 31.33 41.80 4443122	
1656.88 31.33 41.87 4449671	
1659.06 31.33 41.83 4456219	
1660.43 31.33 41.82 4462768	
1664.51 31.33 41.78 4469316	
1664.38 31.33 41.79 4475864	
1666.06 31.34 41.79 4482410	
1664.95 31.36 41.78 4488957	
1665.25 31.34 41.78 4495505	
1665.77 31.36 41.78 4502052	
1668.07 31.37 41.74 4508600	
1668.78 31.34 41.74 4515148	
1668.50 31.36 41.64 4521697	
1668.30 31.36 41.68 4528249	
1667.80 31.37 41.68 4534798	
1668.59 31.36 41.78 4541346	
1669.89 31.36 41.73 4547895	
1671.38 31.36 41.80 4554443	
1671.41 31.36 41.81 4560992	
1672.21 31.37 41.85 4567546	
1671.49 31.34 41.87 4574093	
1672.84 31.36 41.85 4580640	
1674.34 31.37 41.90 4587188	
1676.11 31.37 41.89 4593735	
1678.01 31.36 41.94 4600283	
1678.26 31.36 41.82 4606831	
1681.19 31.37 41.86 4613380	
1681.84 31.36 41.85 4619928	
1682.83 31.38 41.80 4626477	
1683.51 31.37 41.74 4633025	
1684.20 31.36 41.70 4639577	
1684.80 31.37 41.68 4646125	
1683.85 31.34 41.65 4652673	
1684.39 31.37 41.67 4659220	
1683.45 31.38 41.66 4665767	
1682.95 31.37 41.64 4672314	
1683.98 31.37 41.68 4678861	
1683.98 31.37 41.71 4685409	
1683.14 31.37 41.68 4691956	
1681.49 31.36 41.58 4698505	
1680.88 31.34 41.51 4705053	
1678.46 31.38 41.50 4711602	
1677.34 31.37 41.67 4718150	
1677.24 31.38 41.64 4724699	
1675.91 31.40 41.64 4731247	
1673.25 31.38 41.64 4737796	
1671.28 31.40 41.67 4744343	
1671.20 31.37 41.68 4750894	
1669.51 31.36 41.64 4757441	
1668.42 31.38 41.66 4763988	
1667.47 31.38 41.64 4770536	
1665.46 31.37 41.63 4777083	
1664.09 31.40 41.61 4783632	
1662.74 31.40 41.66 4790180	
1662.25 31.38 41.63 4796729	
1661.92 31.40 41.63 4803277	
1660.25 31.38 41.63 4809826	
1661.40 31.40 41.68 4816374	
1662.05 31.38 41.75 4822922	
1660.85 31.40 41.72 4829469	
1659.74 31.38 41.75 4836017	
1660.76 31.37 41.74 4842564	
1660.82 31.41 41.69 4849111	
1662.64 31.40 41.67 4855658	
1663.41 31.41 41.69 4862209	
1664.89 31.42 41.65 4868757	
1666.28 31.41 41.71 4875307	
1665.65 31.41 41.70 4881855	
1665.44 31.42 41.65 4888403	
1665.75 31.40 41.66 4894952	
1666.14 31.41 41.67 4901500	
1665.83 31.41 41.67 4908049	
1666.83 31.38 41.68 4914596	
1664.89 31.41 41.69 4921144	
1665.72 31.40 41.75 4927691	
1666.52 31.42 41.82 4934239	
1669.07 31.42 41.89 4940785	
1671.56 31.41 41.93 4947333	
1674.28 31.41 41.97 4953881	
1677.16 31.41 41.99 4960430	
1681.51 31.42 42.01 4966979	
1685.01 31.42 41.94 4973531	
1689.94 31.40 41.95 4980079	
1692.79 31.42 41.89 4986628	
1695.00 31.42 41.88 4993176	
1696.67 31.42 41.89 4999724	
1698.65 31.42 41.97 5006271	
1700.38 31.41 41.94 5012817	
1701.29 31.41 41.89 5019365	
1701.21 31.40 41.94 5025912	
1702.38 31.41 41.98 5032460	
1702.95 31.41 41.91 5039008	
1704.55 31.42 41.96 5045576	
1704.81 31.42 41.94 5052125	
1705.67 31.42 41.92 5058673	
1707.51 31.44 41.96 5065222	
1708.48 31.41 41.91 5071770	
1710.33 31.42 41.89 5078319	
1710.88 31.41 41.89 5084866	
1712.22 31.42 41.93 5091411	
1712.67 31.44 41.95 5097959	
1711.51 31.42 42.00 5104505	
1713.48 31.44 41.98 5111053	
1713.31 31.40 41.98 5117600	
1714.07 31.42 41.96 5124148	
1713.47 31.42 41.98 5130696	
1713.51 31.42 41.93 5137245	
1715.54 31.41 41.99 5143793	
1716.04 31.42 41.94 5150342	
1717.26 31.44 41.96 5156890	
1716.89 31.44 41.96 5163439	
1716.70 31.44 41.98 5169987	
1716.28 31.42 42.03 5176535	
1717.22 31.44 42.02 5183082	
1717.97 31.45 42.04 5189629	
1718.58 31.42 42.12 5196176	
1720.26 31.45 42.15 5202726	
1721.63 31.44 42.20 5209274	
1722.40 31.45 42.22 5215822	
1723.39 31.42 42.23 5222371	
1725.88 31.45 42.20 5228919	
1727.07 31.45 42.23 5235468	
1730.10 31.44 42.22 5242017	
1735.70 31.47 42.24 5248566	
1741.59 31.44 42.31 5255114	
1746.75 31.44 42.23 5261661	
1746.95 31.47 42.26 5268208	
1746.90 31.45 42.24 5274756	
1748.72 31.44 42.28 5281303	
1747.53 31.48 42.22 5287851	
1747.43 31.45 42.28 5294397	
1747.12 31.47 42.30 5300944	
1746.64 31.47 42.33 5307493	
1744.13 31.45 42.29 5314044	
1746.58 31.45 42.31 5320594	
1746.17 31.45 42.35 5327142	
1745.73 31.47 42.30 5333691	
1746.84 31.47 42.29 5340239	
1746.05 31.47 42.33 5346788	
1746.42 31.50 42.34 5353334	
1747.26 31.45 42.33 5359882	
1746.15 31.47 42.31 5366429	
1747.61 31.47 42.37 5372984	
1747.54 31.48 42.38 5379531	
1750.40 31.48 42.38 5386079	
1751.74 31.48 42.34 5392627	
1753.62 31.45 42.41 5399176	
1754.93 31.48 42.40 5405724	
1756.22 31.48 42.39 5412273	
1755.72 31.48 42.41 5418821	
1757.12 31.47 42.36 5425373	
1758.38 31.48 42.23 5431921	
1758.79 31.50 41.35 5438469	
1754.45 31.50 41.08 5445016	
1727.99 31.48 41.09 5451564	
1611.18 31.48 40.99 5458110	
1551.46 31.48 40.42 5464657	
1508.64 31.48 40.07 5471205	
1472.02 31.47 39.84 5477752	
1432.99 31.47 39.80 5484301	
1354.86 31.47 39.70 5490849	
1317.78 31.47 39.69 5497398	
1285.19 31.45 39.45 5503946	
1263.21 31.48 39.13 5510495	
1248.39 31.48 38.98 5517043	
1228.14 31.48 38.86 5523592	
1188.83 31.45 38.73 5530139	
1127.93 31.44 38.64 5536690	
1096.67 31.47 38.54 5543237	
1078.29 31.44 38.55 5549784	
1070.72 31.44 38.39 5556331	
1056.85 31.45 38.39 5562878	
1046.72 31.45 38.36 5569427	
1036.31 31.45 38.23 5575975	
1024.69 31.42 38.07 5582524	
996.75 31.45 37.91 5589072	
934.47 31.44 37.80 5595621	
923.51 31.44 37.78 5602169	
906.56 31.41 37.71 5608718	
906.64 31.44 37.63 5615266	
904.53 31.44 37.63 5621814	
900.54 31.42 37.52 5628361	
893.47 31.44 37.41 5634908	
888.96 31.44 37.43 5641455	
883.30 31.41 37.49 5648006	
876.05 31.42 37.40 5654553	
870.45 31.44 37.28 5661102	
865.43 31.40 37.25 5667649	
860.34 31.44 37.19 5674199	
858.11 31.41 37.18 5680746	
855.46 31.41 37.21 5687294	
853.02 31.41 37.26 5693843	
852.03 31.40 37.28 5700391	
851.10 31.40 37.36 5706939	
849.25 31.41 37.45 5713486	
848.19 31.41 37.41 5720033	
848.22 31.40 37.32 5726580	
848.35 31.40 37.30 5733128	
849.33 31.40 37.32 5739675	
851.62 31.40 37.30 5746222	
853.33 31.38 37.20 5752770	
853.43 31.40 37.23 5759319	
854.17 31.38 37.12 5765871	
852.11 31.40 37.05 5772420	
850.28 31.40 37.07 5778968	
849.18 31.40 37.07 5785516	
846.41 31.37 37.14 5792082	
841.89 31.38 37.19 5798630	
834.64 31.38 37.03 5805176	
824.44 31.40 36.86 5811724	
793.04 31.37 36.80 5818271	
781.69 31.38 36.73 5824818	
772.36 31.38 36.65 5831366	
771.54 31.38 36.64 5837915	
776.42 31.37 36.58 5844463	
770.77 31.37 36.65 5851012	
769.69 31.37 36.55 5857560	
764.22 31.38 36.59 5864109	
762.37 31.40 36.47 5870657	
761.08 31.38 36.47 5877208	
757.32 31.38 36.50 5883755	
756.00 31.38 36.49 5890302	
757.09 31.36 36.70 5896849	
758.22 31.37 36.60 5903396	
763.48 31.37 36.45 5909944	
770.68 31.37 36.34 5916490	
773.11 31.36 36.24 5923039	
772.46 31.37 36.25 5929587	
770.07 31.36 36.29 5936136	
765.80 31.36 36.26 5942684	
761.83 31.36 36.29 5949233	
758.82 31.36 36.36 5955781	
753.80 31.37 36.51 5962330	
750.47 31.37 36.43 5968877	
749.16 31.34 36.42 5975424	
749.70 31.34 36.51 5981971	
749.09 31.36 36.64 5988518	
748.51 31.36 36.66 5995069	
748.00 31.34 36.54 6001616	
747.35 31.34 36.42 6008165	
747.84 31.36 36.33 6014713	
745.89 31.34 36.33 6021261	
745.18 31.36 36.24 6027809	
743.70 31.38 36.22 6034358	
743.86 31.33 36.18 6040906	
743.21 31.34 36.26 6047455	
743.03 31.33 36.25 6054002	
742.70 31.34 36.33 6060549	
742.67 31.34 36.37 6067096	
742.80 31.36 36.60 6073644	
744.14 31.36 36.73 6080190	
749.82 31.33 36.79 6086737	
766.43 31.34 36.73 6093286	
778.05 31.34 36.75 6099834	
791.45 31.36 36.83 6106383	
799.17 31.34 36.83 6112934	
815.51 31.36 36.82 6119483	
820.40 31.34 36.88 6126031	
821.23 31.34 36.88 6132580	
825.47 31.36 36.92 6139128	
829.51 31.34 36.93 6145675	
834.38 31.36 36.97 6152222	
838.80 31.34 36.92 6158770	
841.55 31.33 36.90 6165317	
844.16 31.37 36.86 6171871	
847.97 31.34 36.78 6178418	
850.08 31.34 36.71 6184967	
849.47 31.36 36.71 6191515	
848.94 31.34 36.75 6198064	
848.15 31.36 36.68 6204612	
845.71 31.34 36.63 6211161	
842.41 31.31 36.54 6217709	
839.51 31.30 36.48 6224261	
838.31 31.33 36.42 6230808	
836.10 31.34 36.56 6237355	
833.54 31.33 36.58 6243902	
832.12 31.33 36.73 6250449	
831.70 31.34 36.76 6256996	
831.32 31.34 36.65 6263543	
829.38 31.31 36.63 6270090	
827.60 31.33 36.58 6276639	
826.45 31.30 36.50 6283187	
824.34 31.34 36.37 6289735	
823.93 31.33 36.34 6296284	
819.93 31.34 36.39 6302833	
817.25 31.31 36.35 6309381	
816.13 31.31 36.40 6315929	
812.49 31.30 36.40 6322477	
810.33 31.33 36.34 6329024	
806.03 31.34 36.31 6335571	
803.55 31.33 36.36 6342122	
799.79 31.31 36.39 6348668	
797.71 31.33 36.26 6355216	
796.40 31.31 36.23 6361764	
794.34 31.31 36.29 6368313	
791.24 31.31 36.21 6374861	
787.39 31.31 36.17 6381410	
784.69 31.30 36.17 6387958	
777.15 31.29 36.20 6394507	
766.40 31.33 36.20 6401055	
753.16 31.31 36.18 6407602	
741.01 31.34 36.20 6414149	
740.20 31.33 36.16 6420697	
742.85 31.31 36.18 6427243	
741.89 31.31 36.22 6433790	
743.82 31.31 36.15 6440338	
742.00 31.31 36.16 6446886	
737.32 31.33 36.11 6453435	
734.87 31.31 36.05 6459986	
733.11 31.31 36.13 6466535	
731.45 31.30 36.13 6473083	
731.59 31.30 36.09 6479632	
730.71 31.33 36.07 6486180	
729.62 31.31 36.08 6492727	
728.18 31.33 36.05 6499274	
725.62 31.30 36.05 6505822	
727.36 31.30 36.09 6512368	
727.81 31.30 36.06 6518916	
728.10 31.31 36.08 6525463	
726.66 31.30 35.96 6532012	
726.62 31.30 35.91 6538578	
725.50 31.31 35.93 6545127	
725.72 31.30 35.96 6551675	
726.29 31.29 35.92 6558224	
727.51 31.30 35.96 6564772	
727.67 31.31 35.94 6571324	
727.35 31.33 35.93 6577871	
727.53 31.34 35.93 6584418	
726.77 31.31 35.89 6590965	
725.82 31.31 35.93 6597513	
725.55 31.30 35.91 6604059	
725.57 31.30 35.91 6610607	
725.72 31.29 36.00 6617154	
725.01 31.30 35.98 6623703	
725.20 31.30 36.00 6630251	
725.16 31.30 35.98 6636800	
724.45 31.31 36.02 6643348	
724.52 31.31 35.96 6649895	
724.84 31.31 35.98 6656444	
724.77 31.29 35.92 6662992	
725.15 31.30 35.90 6669540	
725.75 31.30 35.89 6676087	
725.86 31.30 35.89 6682635	
724.61 31.31 35.86 6689185	
726.17 31.31 35.91 6695732	
726.37 31.31 35.87 6702279	
726.84 31.30 35.82 6708827	
726.39 31.31 35.75 6715374	
726.44 31.30 35.72 6721923	
727.01 31.30 35.76 6728471	
726.14 31.29 35.69 6735020	
726.41 31.29 35.69 6741568	
726.54 31.29 35.72 6748116	
727.38 31.30 35.77 6754665	
726.24 31.30 35.73 6761212	
725.49 31.31 35.78 6767759	
724.89 31.30 35.82 6774306	
723.80 31.29 35.83 6780854	
723.55 31.30 35.85 6787400	
723.57 31.31 35.85 6793948	
723.45 31.30 35.91 6800496	
722.23 31.31 35.91 6807048	
722.61 31.30 35.86 6813596	
720.74 31.29 35.89 6820145	
721.17 31.31 35.98 6826693	
722.65 31.31 35.91 6833242	
722.06 31.30 35.85 6839790	
721.60 31.30 35.82 6846337	
721.68 31.29 35.78 6852884	
721.93 31.30 35.86 6859431	
721.99 31.31 35.85 6865978	
721.61 31.29 35.83 6872525	
720.76 31.29 35.84 6879073	
720.95 31.30 35.86 6885621	
720.19 31.29 35.89 6892169	
721.12 31.30 35.87 6898717	
721.27 31.27 35.81 6905266	
722.40 31.30 35.90 6911814	
722.56 31.31 35.87 6918367	
722.70 31.31 35.94 6924915	
722.98 31.31 35.91 6931462	
723.56 31.27 35.88 6938009	
723.85 31.30 35.91 6944556	
724.90 31.27 35.82 6951103	
725.20 31.31 35.82 6957650	
723.90 31.29 35.83 6964197	
723.13 31.30 35.78 6970752	
722.86 31.30 35.77 6977300	
722.20 31.29 35.79 6983848	
722.77 31.30 35.81 6990397	
722.14 31.27 35.81 6996945	
721.00 31.29 35.84 7003494	
720.73 31.29 35.84 7010042	
720.00 31.27 35.79 7016591	
719.68 31.29 35.78 7023137	
720.20 31.30 35.82 7029685	
720.63 31.31 35.81 7036235	
720.88 31.27 35.83 7042782	
721.69 31.30 35.85 7049329	
721.54 31.27 35.87 7055876	
721.49 31.30 35.83 7062424	
721.62 31.31 35.93 7068973	
721.52 31.31 35.93 7075521	
722.33 31.30 35.96 7082068	
722.45 31.30 35.98 7088617	
722.74 31.30 35.94 7095165	
723.87 31.29 35.95 7101714	
724.48 31.30 35.91 7108261	
725.42 31.30 35.94 7114808	
726.73 31.30 35.91 7121355	
727.73 31.31 35.96 7127902	
729.72 31.31 36.07 7134449	
730.63 31.29 36.10 7140997	
732.10 31.30 36.11 7147543	
733.23 31.30 36.05 7154104	
735.69 31.29 36.05 7160654	
736.82 31.31 36.09 7167205	
737.33 31.30 36.04 7173756	
738.46 31.34 36.02 7180307	
739.93 31.30 36.05 7186857	
740.55 31.33 36.04 7193408	
741.65 31.31 36.00 7199958	
742.36 31.33 35.97 7206507	
