0.00 27.23 46.04 3224	
424.26 27.24 46.16 5276	
493.85 27.28 45.92 7301	
504.07 27.30 45.72 9325	
488.54 27.34 45.51 11350	
489.14 27.37 45.27 13374	
488.20 27.41 45.21 15398	
493.05 27.43 45.04 17423	
490.69 27.47 45.01 19447	
485.63 27.55 44.81 24237	
473.77 27.62 44.60 30785	
474.81 27.69 44.42 37334	
473.01 27.75 44.19 43882	
472.36 27.82 44.01 50430	
474.37 27.91 43.95 56978	
476.56 27.95 43.91 63525	
478.53 28.01 43.79 70073	
480.32 28.05 43.68 76620	
480.95 28.09 43.57 83167	
481.18 28.15 43.48 89714	
482.59 28.20 43.35 96266	
481.50 28.23 43.22 102814	
481.65 28.27 43.13 109363	
481.80 28.30 43.03 115911	
482.37 28.36 42.99 122460	
483.04 28.36 42.89 129009	
483.06 28.39 42.73 135558	
483.00 28.43 42.78 142106	
483.49 28.47 42.76 148655	
484.12 28.47 42.58 155203	
485.28 28.51 42.55 161751	
486.19 28.54 42.54 168298	
486.51 28.57 42.53 174845	
487.21 28.59 42.45 181393	
485.38 28.59 42.43 187940	
486.80 28.64 42.40 194488	
486.63 28.67 42.29 201035	
485.27 28.70 42.26 207584	
483.62 28.71 42.24 214135	
484.11 28.74 42.15 220684	
484.37 28.77 42.12 227233	
484.50 28.80 42.08 233782	
483.98 28.80 42.04 240330	
483.53 28.84 42.01 246879	
483.37 28.87 41.96 253426	
483.11 28.88 41.94 259973	
483.43 28.91 41.88 266520	
482.41 28.91 41.88 273068	
482.39 28.94 41.79 279615	
482.14 28.98 41.79 286162	
482.18 28.99 41.76 292710	
481.81 29.01 41.74 299258	
482.52 29.02 41.75 305807	
483.29 29.04 41.66 312355	
483.92 29.05 41.66 318904	
485.01 29.06 41.61 325452	
485.89 29.11 41.66 332004	
486.75 29.11 41.66 338552	
487.90 29.12 41.65 345102	
487.10 29.12 41.60 351648	
488.36 29.14 41.56 358196	
489.08 29.18 41.55 364743	
491.08 29.19 41.54 371291	
492.43 29.21 41.54 377837	
493.76 29.24 41.45 384385	
496.72 29.24 41.45 390932	
498.63 29.25 41.43 397480	
499.29 29.29 41.45 404029	
503.60 29.28 41.46 410577	
505.40 29.31 41.42 417126	
507.38 29.31 41.35 423674	
509.20 29.32 41.32 430223	
510.04 29.33 41.25 436771	
512.38 29.35 41.26 443319	
513.17 29.36 41.22 449866	
514.95 29.41 41.27 456417	
513.96 29.39 41.20 462964	
514.93 29.42 41.19 469512	
517.36 29.43 41.11 476059	
519.99 29.46 41.09 482607	
520.58 29.45 41.12 489155	
522.24 29.48 41.05 495703	
523.81 29.50 41.00 502252	
524.38 29.48 41.03 508801	
525.54 29.49 41.09 515349	
527.17 29.54 41.07 521897	
529.39 29.54 40.98 528446	
530.28 29.56 41.00 534993	
531.57 29.56 40.95 541540	
532.40 29.57 40.94 548087	
533.08 29.59 40.94 554635	
534.44 29.57 40.93 561182	
534.86 29.62 40.95 567729	
536.09 29.62 40.91 574281	
536.27 29.63 40.84 580830	
537.66 29.63 40.87 587378	
539.79 29.64 40.83 593927	
539.91 29.64 40.80 600475	
541.85 29.67 40.80 607024	
543.86 29.69 40.84 613572	
548.20 29.69 40.90 620121	
560.46 29.69 40.90 626668	
567.68 29.67 40.95 633216	
570.12 29.73 40.99 639763	
575.77 29.72 40.89 646336	
577.79 29.73 40.88 652883	
577.24 29.76 40.86 659431	
581.34 29.74 40.82 665979	
585.64 29.76 40.93 672528	
584.89 29.73 40.93 679076	
585.13 29.76 40.97 685625	
585.62 29.77 40.93 692176	
587.48 29.79 40.98 698726	
589.00 29.77 40.94 705274	
590.69 29.79 40.93 711823	
592.44 29.82 40.89 718370	
594.35 29.82 40.93 724924	
597.42 29.82 40.90 731471	
600.32 29.83 40.89 738019	
602.12 29.86 40.86 744566	
603.25 29.87 40.86 751113	
604.83 29.84 40.84 757662	
606.75 29.87 40.81 764211	
608.70 29.87 40.85 770759	
610.84 29.89 40.79 777308	
610.96 29.89 40.73 783856	
613.35 29.91 40.76 790405	
614.54 29.91 40.76 796953	
616.27 29.90 40.77 803501	
617.96 29.91 40.76 810051	
618.87 29.93 40.78 816599	
621.19 29.93 40.75 823146	
621.71 29.94 40.68 829692	
623.46 29.96 40.73 836240	
624.70 29.94 40.71 842787	
625.31 29.94 40.69 849336	
625.50 29.94 40.65 855884	
627.18 29.96 40.66 862433	
626.73 29.99 40.76 868981	
627.67 29.99 40.72 875531	
628.91 30.01 40.69 882079	
628.78 30.00 40.73 888628	
630.65 29.99 40.73 895174	
632.81 29.99 40.73 901722	
634.07 30.00 40.76 908269	
636.43 30.00 40.74 914817	
638.21 30.03 40.68 921364	
641.08 30.04 40.66 927910	
643.17 30.01 40.69 934461	
646.13 30.04 40.67 941009	
648.78 30.04 40.67 947558	
650.75 30.04 40.66 954106	
650.88 30.07 40.68 960655	
654.42 30.04 40.57 967203	
665.70 30.07 40.58 973753	
668.63 30.08 40.59 980301	
671.47 30.05 40.63 986848	
670.81 30.07 40.58 993395	
666.12 30.10 40.58 999943	
667.77 30.10 40.58 1006490	
668.55 30.08 40.61 1013038	
673.18 30.13 40.62 1019585	
673.10 30.11 40.68 1026135	
675.90 30.11 40.71 1032684	
678.61 30.11 40.71 1039233	
678.38 30.13 40.72 1045781	
682.22 30.13 40.67 1052333	
683.59 30.14 40.67 1058881	
686.09 30.14 40.70 1065431	
687.59 30.15 40.66 1071979	
688.53 30.14 40.70 1078526	
690.64 30.14 40.63 1085073	
690.33 30.14 40.67 1091620	
691.88 30.14 40.68 1098168	
693.37 30.18 40.68 1104715	
697.02 30.17 40.65 1111263	
697.05 30.17 40.68 1117811	
699.22 30.18 40.62 1124360	
700.75 30.18 40.66 1130908	
702.53 30.17 40.70 1137457	
703.47 30.20 40.69 1144005	
703.99 30.21 40.68 1150554	
705.97 30.21 40.66 1157103	
707.01 30.22 40.68 1163654	
708.42 30.20 40.65 1170201	
710.79 30.21 40.63 1176748	
712.31 30.21 40.68 1183296	
713.93 30.21 40.66 1189842	
715.54 30.21 40.71 1196390	
720.30 30.21 40.66 1202937	
722.50 30.22 40.71 1209486	
726.16 30.24 40.71 1216035	
726.89 30.24 40.67 1222584	
729.36 30.25 40.73 1229132	
732.30 30.25 40.73 1235681	
734.32 30.25 40.71 1242229	
736.86 30.25 40.68 1248778	
737.53 30.25 40.67 1255325	
740.80 30.27 40.72 1261873	
741.28 30.27 40.67 1268419	
742.20 30.28 40.69 1274967	
742.96 30.27 40.70 1281518	
743.53 30.27 40.68 1288065	
745.88 30.28 40.71 1294612	
746.38 30.28 40.67 1301160	
746.99 30.30 40.69 1307709	
747.29 30.30 40.73 1314258	
749.29 30.30 40.69 1320807	
750.38 30.30 40.67 1327355	
750.86 30.28 40.70 1333904	
752.99 30.31 40.72 1340452	
753.17 30.28 40.74 1347026	
754.96 30.30 40.66 1353573	
756.55 30.31 40.70 1360120	
757.80 30.30 40.67 1366668	
760.54 30.35 40.68 1373215	
762.73 30.31 40.66 1379763	
764.06 30.34 40.69 1386311	
765.47 30.32 40.70 1392860	
767.62 30.31 40.69 1399411	
769.93 30.32 40.73 1405961	
770.59 30.32 40.73 1412509	
772.85 30.32 40.73 1419058	
774.97 30.36 40.70 1425606	
777.47 30.36 40.72 1432154	
779.34 30.34 40.72 1438701	
781.66 30.34 40.69 1445249	
784.30 30.35 40.75 1451795	
788.43 30.34 40.73 1458342	
791.86 30.35 40.75 1464890	
794.45 30.35 40.71 1471438	
795.00 30.36 40.72 1477987	
795.07 30.38 40.72 1484536	
797.42 30.36 40.71 1491085	
798.36 30.36 40.71 1497633	
799.97 30.38 40.73 1504182	
800.78 30.38 40.68 1510733	
800.55 30.36 40.71 1517281	
800.72 30.38 40.73 1523835	
801.12 30.38 40.73 1530383	
802.67 30.38 40.70 1536930	
803.79 30.39 40.73 1543477	
805.59 30.41 40.73 1550024	
805.89 30.39 40.71 1556573	
807.37 30.42 40.73 1563122	
808.19 30.42 40.72 1569671	
810.73 30.38 40.70 1576219	
811.90 30.41 40.73 1582768	
813.26 30.39 40.71 1589316	
814.86 30.41 40.71 1595865	
815.50 30.42 40.73 1602414	
815.80 30.42 40.68 1608961	
816.90 30.41 40.69 1615508	
818.26 30.44 40.74 1622055	
819.47 30.44 40.73 1628606	
820.04 30.41 40.73 1635153	
821.72 30.44 40.74 1641701	
822.64 30.42 40.72 1648249	
823.14 30.44 40.72 1654798	
824.73 30.44 40.73 1661346	
825.37 30.44 40.81 1667895	
826.44 30.42 40.69 1674443	
828.28 30.44 40.77 1680993	
829.62 30.47 40.77 1687541	
830.56 30.45 40.76 1694089	
833.23 30.45 40.77 1700636	
834.35 30.45 40.78 1707183	
836.55 30.47 40.80 1713730	
838.40 30.45 40.74 1720278	
841.11 30.47 40.76 1726825	
842.55 30.47 40.74 1733373	
843.11 30.48 40.80 1739922	
845.91 30.47 40.74 1746473	
848.43 30.50 40.79 1753023	
850.77 30.50 40.73 1759571	
849.41 30.50 40.73 1766120	
850.31 30.47 40.76 1772668	
853.01 30.47 40.74 1779216	
855.75 30.51 40.74 1785762	
856.67 30.50 40.75 1792310	
858.07 30.48 40.76 1798857	
859.47 30.50 40.79 1805405	
860.92 30.50 40.77 1811952	
862.76 30.48 40.80 1818500	
863.78 30.52 40.78 1825048	
864.52 30.50 40.75 1831597	
865.29 30.51 40.81 1838145	
865.86 30.51 40.78 1844694	
867.46 30.52 40.74 1851242	
866.91 30.51 40.80 1857794	
867.55 30.54 40.74 1864343	
868.72 30.52 40.75 1870889	
870.82 30.51 40.80 1877437	
872.93 30.54 40.80 1883984	
874.15 30.52 40.82 1890532	
875.53 30.54 40.80 1897079	
878.56 30.52 40.83 1903627	
879.71 30.54 40.77 1910175	
881.41 30.52 40.83 1916724	
883.07 30.54 40.83 1923272	
883.38 30.54 40.82 1929821	
884.67 30.55 40.83 1936369	
885.54 30.56 40.81 1942918	
885.73 30.54 40.84 1949467	
885.98 30.55 40.81 1956019	
886.56 30.55 40.82 1962565	
886.99 30.55 40.82 1969113	
887.76 30.55 40.83 1975663	
889.47 30.55 40.83 1982211	
890.09 30.55 40.81 1988758	
890.79 30.54 40.84 1995305	
892.19 30.58 40.82 2001854	
893.33 30.58 40.82 2008402	
894.12 30.56 40.82 2014951	
895.45 30.56 40.91 2021499	
896.14 30.55 40.84 2028049	
895.89 30.59 40.85 2034597	
897.62 30.56 40.76 2041146	
898.96 30.56 40.84 2047719	
900.18 30.56 40.81 2054266	
900.59 30.58 40.81 2060814	
901.79 30.58 40.85 2067361	
903.22 30.58 40.86 2073908	
904.38 30.58 40.87 2080455	
906.99 30.59 40.86 2087003	
907.34 30.58 40.85 2093555	
908.85 30.58 40.84 2100104	
909.86 30.59 40.85 2106652	
911.04 30.58 40.86 2113201	
910.31 30.61 40.84 2119749	
912.10 30.61 40.85 2126298	
913.76 30.59 40.85 2132846	
915.80 30.59 40.88 2139394	
918.26 30.59 40.85 2145941	
919.70 30.61 40.90 2152487	
921.30 30.61 40.86 2159035	
924.13 30.62 40.88 2165582	
926.03 30.61 40.93 2172130	
927.32 30.59 40.90 2178677	
928.14 30.61 40.91 2185226	
927.88 30.61 40.90 2191774	
929.60 30.62 40.90 2198323	
929.37 30.59 40.91 2204875	
931.39 30.61 40.95 2211424	
933.60 30.62 40.92 2217972	
935.70 30.63 40.88 2224521	
936.94 30.61 40.91 2231068	
938.93 30.63 40.93 2237615	
939.81 30.62 40.93 2244162	
941.28 30.63 40.90 2250710	
940.79 30.62 40.92 2257257	
940.59 30.63 40.90 2263804	
941.28 30.65 40.92 2270353	
940.67 30.65 40.92 2276901	
941.12 30.66 40.95 2283450	
940.88 30.65 40.92 2289998	
939.87 30.65 40.93 2296547	
939.73 30.65 40.95 2303096	
940.92 30.63 40.88 2309645	
942.80 30.65 40.97 2316191	
944.14 30.66 40.97 2322749	
943.76 30.65 40.96 2329296	
944.28 30.66 40.92 2335844	
944.75 30.65 40.96 2342391	
944.66 30.65 40.93 2348939	
944.64 30.69 40.92 2355485	
946.05 30.65 40.95 2362034	
945.67 30.68 40.96 2368582	
945.68 30.63 40.95 2375132	
945.86 30.66 40.99 2381680	
946.13 30.66 40.95 2388229	
946.88 30.66 40.95 2394777	
947.86 30.65 40.96 2401326	
946.84 30.68 41.06 2407873	
947.60 30.66 41.02 2414419	
948.37 30.68 41.05 2420967	
948.68 30.66 40.95 2427514	
949.87 30.68 40.99 2434062	
949.54 30.69 41.04 2440612	
951.53 30.69 41.05 2447161	
951.92 30.68 41.00 2453709	
952.08 30.68 41.05 2460258	
952.65 30.68 41.05 2466806	
952.98 30.71 41.08 2473355	
955.58 30.68 41.04 2479903	
956.42 30.68 41.08 2486452	
959.90 30.69 41.08 2493000	
961.37 30.71 41.03 2499548	
961.89 30.69 41.04 2506095	
962.54 30.71 41.05 2512643	
963.68 30.69 41.06 2519190	
965.27 30.72 41.07 2525737	
966.31 30.72 41.08 2532284	
967.15 30.69 41.08 2538832	
968.94 30.71 41.05 2545382	
971.41 30.71 41.04 2551933	
970.57 30.72 41.08 2558482	
971.50 30.71 41.12 2565030	
972.58 30.71 41.08 2571579	
973.48 30.72 41.11 2578128	
974.08 30.73 41.10 2584675	
976.37 30.72 41.09 2591222	
978.89 30.72 41.09 2597770	
979.84 30.72 41.12 2604317	
982.42 30.73 41.08 2610865	
984.47 30.72 41.13 2617411	
985.10 30.72 41.16 2623960	
986.52 30.73 41.13 2630508	
985.91 30.72 41.09 2637057	
987.34 30.76 41.12 2643606	
989.41 30.75 41.08 2650155	
989.65 30.72 41.09 2656703	
990.95 30.72 41.12 2663250	
992.07 30.75 41.12 2669803	
994.45 30.73 41.15 2676350	
993.85 30.73 41.19 2682898	
994.18 30.73 41.16 2689444	
995.47 30.75 41.16 2695992	
997.89 30.76 41.15 2702539	
997.86 30.75 41.14 2709087	
999.27 30.75 41.17 2715635	
999.50 30.75 41.15 2722184	
1001.00 30.75 41.16 2728732	
1002.28 30.76 41.17 2735281	
1003.36 30.73 41.20 2741829	
1004.22 30.76 41.15 2748404	
1003.55 30.75 41.19 2754953	
1003.87 30.78 41.18 2761500	
1006.09 30.78 41.15 2768048	
1006.34 30.76 41.20 2774595	
1007.90 30.76 41.17 2781146	
1007.65 30.78 41.18 2787694	
1009.05 30.79 41.23 2794241	
1010.40 30.79 41.22 2800791	
1011.14 30.78 41.26 2807341	
1013.19 30.79 41.28 2813889	
1014.15 30.78 41.24 2820438	
1014.80 30.79 41.32 2826986	
1014.48 30.78 41.28 2833534	
1015.97 30.78 41.28 2840083	
1017.72 30.79 41.31 2846631	
1018.78 30.79 41.33 2853179	
1018.76 30.78 41.29 2859726	
1019.83 30.79 41.33 2866274	
1021.89 30.78 41.29 2872821	
1023.46 30.79 41.31 2879369	
1023.66 30.81 41.31 2885917	
1025.51 30.79 41.31 2892469	
1027.98 30.81 41.31 2899017	
1029.53 30.78 41.24 2905566	
1029.82 30.78 41.29 2912115	
1030.95 30.81 41.27 2918664	
1031.98 30.81 41.30 2925212	
1032.18 30.82 41.31 2931760	
1034.19 30.82 41.36 2938306	
1033.89 30.81 41.31 2944854	
1034.10 30.81 41.28 2951401	
1034.75 30.81 41.30 2957948	
1036.00 30.81 41.33 2964496	
1037.15 30.82 41.33 2971043	
1039.69 30.83 41.34 2977592	
1039.88 30.79 41.32 2984140	
1041.29 30.82 41.30 2990689	
1042.82 30.82 41.33 2997238	
1043.85 30.83 41.39 3003787	
1045.66 30.83 41.34 3010333	
1048.24 30.81 41.40 3016882	
1048.84 30.81 41.37 3023429	
1050.07 30.83 41.38 3029977	
1051.61 30.82 41.41 3036523	
1052.30 30.81 41.40 3043070	
1054.21 30.83 41.42 3049618	
1056.75 30.83 41.43 3056165	
1058.28 30.83 41.43 3062714	
1058.84 30.83 41.42 3069262	
1060.49 30.85 41.39 3075812	
1061.98 30.83 41.40 3082360	
1063.03 30.85 41.45 3088909	
1062.76 30.85 41.44 3095457	
1062.42 30.85 41.42 3102006	
1063.16 30.83 41.40 3108553	
1066.10 30.85 41.44 3115101	
1068.10 30.85 41.43 3121651	
1068.39 30.85 41.44 3128206	
1068.05 30.85 41.40 3134753	
1068.97 30.85 41.43 3141301	
1072.21 30.85 41.48 3147847	
1074.50 30.85 41.42 3154396	
1074.69 30.85 41.44 3160944	
1076.45 30.87 41.45 3167494	
1077.66 30.86 41.47 3174042	
1077.37 30.87 41.43 3180591	
1078.09 30.85 41.51 3187139	
1078.08 30.85 41.51 3193688	
1078.42 30.86 41.53 3200235	
1078.95 30.89 41.43 3206782	
1080.85 30.86 41.47 3213330	
1081.72 30.86 41.52 3219877	
1082.92 30.89 41.52 3226425	
1082.83 30.87 41.49 3232975	
1084.11 30.87 41.49 3239524	
1086.64 30.86 41.56 3246072	
1088.46 30.86 41.44 3252621	
1090.51 30.87 41.51 3259169	
1090.69 30.86 41.46 3265718	
1091.87 30.87 41.46 3272267	
1093.16 30.89 41.51 3278816	
1095.71 30.90 41.50 3285364	
1094.38 30.86 41.51 3291912	
1095.36 30.90 41.55 3298459	
1095.40 30.89 41.54 3305006	
1096.19 30.89 41.55 3311553	
1098.21 30.90 41.58 3318100	
1100.64 30.89 41.56 3324648	
1102.01 30.87 41.54 3331196	
1102.93 30.89 41.55 3337745	
1103.66 30.89 41.55 3344297	
1103.62 30.90 41.58 3350846	
1103.11 30.90 41.60 3357394	
1103.02 30.92 41.59 3363943	
1103.89 30.92 41.55 3370491	
1105.05 30.90 41.55 3377039	
1106.35 30.89 41.64 3383586	
1108.29 30.89 41.60 3390134	
1108.14 30.92 41.54 3396681	
1109.82 30.89 41.67 3403228	
1109.60 30.92 41.59 3409775	
1110.34 30.92 41.68 3416323	
1110.21 30.90 41.64 3422871	
1110.17 30.90 41.68 3429420	
1111.44 30.92 41.67 3435968	
1111.63 30.93 41.61 3442518	
1113.58 30.93 41.65 3449066	
1114.87 30.90 41.65 3455644	
1116.19 30.92 41.63 3462193	
1117.55 30.92 41.64 3468740	
1119.51 30.92 41.68 3475288	
1121.80 30.93 41.65 3481834	
1123.21 30.90 41.67 3488381	
1125.30 30.93 41.68 3494929	
1126.66 30.90 41.65 3501476	
1126.62 30.93 41.65 3508025	
1127.55 30.92 41.69 3514573	
1128.55 30.92 41.65 3521122	
1129.01 30.96 41.63 3527671	
1128.61 30.92 41.67 3534220	
1129.24 30.93 41.70 3540768	
1131.15 30.94 41.72 3547317	
1131.60 30.92 41.72 3553864	
1131.62 30.94 41.71 3560412	
1132.04 30.92 41.72 3566962	
1134.10 30.96 41.71 3573509	
1135.83 30.96 41.72 3580056	
1136.54 30.96 41.70 3586604	
1135.45 30.94 41.68 3593152	
1136.45 30.93 41.76 3599700	
1137.28 30.94 41.77 3606249	
1137.19 30.94 41.72 3612797	
1138.76 30.96 41.72 3619346	
1138.42 30.96 41.78 3625894	
1139.01 30.96 41.78 3632443	
1138.88 30.93 41.76 3638990	
1139.62 30.94 41.77 3645538	
1142.01 30.99 41.82 3652084	
1142.38 30.96 41.81 3658632	
1142.17 30.96 41.74 3665179	
1142.61 30.96 41.79 3671727	
1144.47 30.96 41.76 3678278	
1145.86 30.94 41.83 3684827	
1147.84 30.99 41.79 3691376	
1148.42 30.97 41.80 3697925	
1148.01 30.96 41.78 3704473	
1149.35 30.99 41.77 3711022	
1151.64 30.97 41.79 3717569	
1154.83 30.97 41.80 3724116	
1155.87 30.99 41.80 3730664	
1156.87 30.99 41.79 3737211	
1157.09 30.97 41.79 3743759	
1157.50 31.00 41.81 3750305	
1159.20 30.99 41.80 3756853	
1159.60 30.97 41.83 3763401	
1160.91 30.99 41.82 3769951	
1162.68 30.97 41.85 3776499	
1165.15 30.99 41.84 3783048	
1165.76 31.00 41.83 3789599	
1166.48 31.00 41.82 3796149	
1167.69 31.00 41.86 3802697	
1166.82 31.02 41.82 3809245	
1166.69 31.00 41.81 3815792	
1167.98 31.02 41.80 3822340	
1167.52 30.97 41.83 3828887	
1170.18 30.99 41.86 3835435	
1171.95 31.00 41.88 3841982	
1173.22 31.02 41.86 3848530	
1173.60 31.00 41.87 3855079	
1175.43 31.00 41.83 3861627	
1176.17 31.00 41.93 3868176	
1177.62 31.03 41.87 3874725	
1179.45 31.02 41.93 3881274	
1181.36 31.00 41.87 3887822	
1182.39 31.02 41.86 3894371	
1186.53 31.03 41.89 3900921	
1193.13 31.00 41.90 3907469	
1198.72 30.99 41.86 3914016	
1199.81 31.02 41.86 3920564	
1203.12 31.02 41.87 3927118	
1205.10 31.03 41.87 3933666	
1207.82 31.02 41.91 3940214	
1209.50 31.02 41.93 3946763	
1209.60 31.02 41.88 3953312	
1212.35 31.02 41.91 3959861	
1212.62 31.02 41.85 3966409	
1214.23 31.03 41.87 3972958	
1215.19 31.03 41.94 3979506	
1216.08 31.03 41.87 3986054	
1215.45 31.05 41.91 3992601	
1215.80 31.03 41.91 3999149	
1215.52 31.05 41.85 4005696	
1215.55 31.03 41.87 4012247	
1217.19 31.07 41.88 4018794	
1215.74 31.03 41.94 4025344	
1217.87 31.06 41.87 4031892	
1219.22 31.02 41.86 4038440	
1218.72 31.05 41.89 4044990	
1218.23 31.06 41.89 4051538	
1217.95 31.03 41.91 4058087	
1218.96 31.06 41.89 4064635	
1219.29 31.05 41.90 4071185	
1220.59 31.06 41.90 4077732	
1223.16 31.06 41.94 4084280	
1225.32 31.07 41.87 4090826	
1225.72 31.06 41.89 4097375	
1228.06 31.06 41.91 4103922	
1227.99 31.06 41.88 4110470	
1231.28 31.07 41.91 4117018	
1230.92 31.06 41.87 4123570	
1233.47 31.07 41.92 4130118	
1236.67 31.09 41.93 4136668	
1235.99 31.06 41.90 4143216	
1237.98 31.07 41.91 4149791	
1238.37 31.09 41.91 4156340	
1238.58 31.07 41.91 4162887	
1238.62 31.07 41.92 4169435	
1238.06 31.10 41.88 4175982	
1237.78 31.06 41.94 4182530	
1238.39 31.09 41.94 4189077	
1237.54 31.09 41.94 4195623	
1236.58 31.07 41.93 4202173	
1236.86 31.06 41.91 4208721	
1239.35 31.10 41.92 4215270	
1245.18 31.07 41.93 4221818	
1243.71 31.09 41.96 4228368	
1244.20 31.12 41.93 4234919	
1247.61 31.09 41.93 4241469	
1250.68 31.10 41.82 4248016	
1249.96 31.09 41.80 4254564	
1249.07 31.07 41.82 4261110	
1248.90 31.07 41.82 4267658	
1248.07 31.12 41.82 4274205	
1249.30 31.07 41.78 4280753	
1247.52 31.12 41.78 4287301	
1246.64 31.09 41.78 4293851	
1244.07 31.07 41.66 4300399	
1240.59 31.07 41.70 4306948	
1238.98 31.10 41.69 4313496	
1235.74 31.07 41.69 4320045	
1231.88 31.06 41.71 4326594	
1229.15 31.10 41.74 4333142	
1225.07 31.07 41.72 4339689	
1223.37 31.10 41.69 4346240	
1221.38 31.09 41.64 4352787	
1217.22 31.12 41.59 4359334	
1215.92 31.10 41.61 4365882	
1212.51 31.09 41.66 4372429	
1208.58 31.10 41.66 4378978	
1206.82 31.09 41.62 4385526	
1205.27 31.12 41.50 4392075	
1203.00 31.10 41.54 4398623	
1199.64 31.09 41.52 4405173	
1197.55 31.10 41.57 4411721	
1193.63 31.10 41.56 4418269	
1191.98 31.09 41.61 4424816	
1190.85 31.10 41.57 4431364	
1186.51 31.10 41.52 4437911	
1180.81 31.12 41.48 4444459	
1176.64 31.09 41.47 4451005	
1173.23 31.10 41.47 4457558	
1171.89 31.09 41.48 4464106	
1167.95 31.09 41.46 4470654	
1165.06 31.09 41.43 4477204	
1164.51 31.07 41.44 4483752	
1161.44 31.12 41.45 4490301	
1156.79 31.12 41.39 4496849	
1153.38 31.10 41.42 4503397	
1154.12 31.10 41.38 4509944	
1153.08 31.09 41.40 4516492	
1151.66 31.09 41.35 4523039	
1149.20 31.09 41.38 4529587	
1149.32 31.12 41.43 4536135	
1147.39 31.10 41.41 4542684	
1145.15 31.12 41.43 4549232	
1144.07 31.12 41.47 4555781	
1142.70 31.12 41.43 4562330	
1142.62 31.10 41.44 4568882	
1143.39 31.10 41.41 4575431	
1143.15 31.09 41.42 4581978	
1143.15 31.09 41.38 4588525	
1145.09 31.12 41.32 4595073	
1146.53 31.10 41.28 4601620	
1147.00 31.12 41.28 4608167	
1143.86 31.12 41.23 4614715	
1138.51 31.12 41.15 4621263	
1130.94 31.13 41.20 4627812	
1125.03 31.12 41.24 4634361	
1124.73 31.12 41.14 4640910	
1115.86 31.13 41.14 4647458	
1109.17 31.14 41.15 4654007	
1103.50 31.13 41.09 4660555	
1093.65 31.13 41.11 4667103	
1087.49 31.10 41.15 4673650	
1084.88 31.14 41.10 4680198	
1080.92 31.13 41.09 4686743	
1078.97 31.12 41.09 4693291	
1077.28 31.10 41.12 4699838	
1076.84 31.14 41.18 4706385	
1077.34 31.12 41.15 4712934	
1077.24 31.14 41.14 4719482	
1075.13 31.13 41.11 4726038	
1073.53 31.14 41.05 4732588	
1073.28 31.13 41.08 4739136	
1073.58 31.13 41.09 4745684	
1072.52 31.13 41.05 4752233	
1070.77 31.13 41.04 4758780	
1069.12 31.14 41.05 4765328	
1066.13 31.13 41.00 4771875	
1064.97 31.13 40.90 4778423	
1064.21 31.13 40.92 4784970	
1061.09 31.12 40.99 4791518	
1056.26 31.12 41.04 4798069	
1050.13 31.13 41.04 4804619	
1046.40 31.14 41.03 4811167	
1043.98 31.13 40.99 4817716	
1039.23 31.13 41.02 4824264	
1038.49 31.16 40.98 4830813	
1037.53 31.13 40.93 4837362	
1033.25 31.13 40.90 4843911	
1031.45 31.12 40.92 4850484	
1029.33 31.14 40.88 4857031	
1027.23 31.16 40.87 4863579	
1023.16 31.14 40.87 4870126	
1019.65 31.13 40.86 4876674	
1015.49 31.14 40.90 4883221	
1014.68 31.14 40.93 4889769	
1012.93 31.13 40.91 4896318	
1010.23 31.14 40.88 4902867	
1009.29 31.14 40.86 4909419	
1006.86 31.16 40.87 4915968	
1003.56 31.14 40.81 4922516	
1000.06 31.17 40.88 4929065	
999.03 31.14 40.78 4935614	
996.78 31.14 40.77 4942161	
994.62 31.16 40.81 4948709	
992.45 31.14 40.77 4955256	
988.12 31.12 40.76 4961803	
983.28 31.14 40.79 4968350	
978.46 31.12 40.84 4974898	
978.95 31.14 40.87 4981446	
977.21 31.13 40.88 4987995	
972.98 31.13 40.82 4994544	
971.88 31.13 40.84 5001093	
969.78 31.16 40.81 5007641	
968.00 31.16 40.72 5014190	
968.36 31.16 40.70 5020741	
966.57 31.14 40.74 5027289	
964.28 31.13 40.73 5033836	
963.78 31.16 40.70 5040384	
962.26 31.16 40.72 5046931	
959.98 31.16 40.67 5053478	
959.69 31.16 40.70 5060025	
958.62 31.16 40.70 5066574	
958.85 31.16 40.70 5073123	
958.94 31.14 40.65 5079671	
959.85 31.14 40.66 5086220	
958.11 31.16 40.73 5092768	
955.43 31.16 40.69 5099317	
952.78 31.17 40.69 5105865	
954.82 31.17 40.66 5112413	
953.52 31.19 40.68 5118960	
952.78 31.19 40.66 5125508	
951.89 31.17 40.66 5132055	
949.02 31.14 40.64 5138606	
947.78 31.17 40.61 5145153	
946.70 31.16 40.66 5151700	
945.56 31.16 40.63 5158249	
944.15 31.14 40.60 5164797	
942.76 31.16 40.57 5171346	
940.48 31.17 40.59 5177894	
939.34 31.14 40.59 5184443	
937.26 31.16 40.56 5190992	
936.31 31.17 40.50 5197541	
933.47 31.16 40.51 5204087	
930.84 31.16 40.55 5210635	
929.51 31.17 40.54 5217182	
927.26 31.20 40.55 5223730	
926.50 31.16 40.55 5230277	
924.81 31.19 40.46 5236825	
924.01 31.17 40.40 5243373	
922.35 31.19 40.43 5249925	
919.03 31.19 40.50 5256473	
915.12 31.17 40.53 5263022	
910.56 31.19 40.46 5269570	
895.95 31.17 40.41 5276119	
885.14 31.17 40.42 5282667	
880.62 31.20 40.40 5289214	
876.72 31.17 40.45 5295762	
873.53 31.17 40.35 5302309	
874.26 31.20 40.37 5308857	
875.32 31.17 40.36 5315404	
877.17 31.19 40.31 5321952	
878.58 31.17 40.32 5328499	
877.98 31.16 40.35 5335048	
877.31 31.19 40.28 5341596	
878.75 31.17 40.35 5348145	
878.61 31.17 40.32 5354693	
877.14 31.19 40.34 5361242	
875.73 31.17 40.35 5367793	
874.25 31.20 40.34 5374341	
874.17 31.19 40.28 5380888	
872.01 31.20 40.26 5387436	
872.02 31.17 40.28 5393983	
873.38 31.20 40.22 5400529	
872.19 31.20 40.17 5407077	
872.40 31.20 40.26 5413624	
872.01 31.20 40.31 5420173	
871.34 31.19 40.30 5426721	
870.42 31.17 40.27 5433270	
871.10 31.20 40.26 5439819	
871.25 31.20 40.21 5446368	
870.84 31.21 40.18 5452916	
872.55 31.21 40.20 5459465	
872.84 31.21 40.21 5466011	
871.88 31.20 40.21 5472559	
871.22 31.19 40.21 5479106	
870.26 31.21 40.22 5485657	
869.90 31.20 40.21 5492204	
869.67 31.20 40.20 5498752	
871.07 31.20 40.21 5505300	
870.44 31.20 40.18 5511848	
870.25 31.19 40.22 5518397	
869.22 31.19 40.18 5524953	
868.61 31.20 40.17 5531501	
867.82 31.20 40.13 5538051	
866.44 31.21 40.04 5544599	
864.54 31.23 40.06 5551172	
862.58 31.20 40.08 5557720	
859.90 31.19 40.12 5564267	
857.10 31.21 40.12 5570814	
856.89 31.23 40.17 5577361	
853.64 31.21 40.17 5583908	
849.77 31.21 40.17 5590457	
847.34 31.19 40.14 5597009	
847.33 31.23 40.12 5603558	
846.45 31.20 40.08 5610106	
845.77 31.20 40.11 5616655	
843.45 31.21 40.11 5623203	
843.37 31.21 40.18 5629752	
842.42 31.21 40.17 5636301	
841.85 31.21 40.13 5642848	
839.51 31.24 40.11 5649395	
841.11 31.21 40.09 5655943	
840.36 31.23 40.07 5662490	
839.20 31.23 40.02 5669038	
837.82 31.20 40.02 5675585	
836.01 31.23 40.05 5682134	
835.09 31.23 40.03 5688682	
834.38 31.23 39.97 5695230	
834.72 31.21 39.97 5701779	
834.81 31.21 40.02 5708327	
833.27 31.24 39.99 5714880	
832.66 31.24 40.02 5721428	
831.70 31.21 40.00 5727976	
831.95 31.21 40.00 5734523	
832.10 31.21 39.97 5741070	
830.48 31.21 40.02 5747617	
828.97 31.21 39.99 5754165	
828.48 31.21 40.06 5760712	
828.23 31.24 40.11 5767261	
827.26 31.23 40.03 5773809	
825.82 31.24 39.94 5780358	
823.61 31.21 39.91 5786907	
822.74 31.21 39.93 5793456	
821.86 31.23 39.93 5800004	
820.33 31.23 39.98 5806553	
819.26 31.24 39.93 5813100	
820.32 31.23 39.94 5819646	
820.50 31.24 39.94 5826194	
820.45 31.23 39.94 5832745	
819.10 31.23 39.92 5839292	
817.80 31.26 39.92 5845839	
816.46 31.23 39.93 5852387	
815.02 31.24 39.96 5858935	
815.04 31.23 39.93 5865484	
815.20 31.26 39.91 5872032	
813.89 31.24 39.87 5878581	
812.07 31.23 39.87 5885129	
811.53 31.23 39.87 5891679	
810.02 31.24 39.81 5898227	
810.06 31.24 39.84 5904775	
809.86 31.24 39.85 5911321	
810.50 31.24 39.84 5917869	
809.23 31.26 39.84 5924416	
809.02 31.24 39.80 5930963	
808.22 31.27 39.76 5937511	
807.60 31.24 39.76 5944061	
806.30 31.23 39.79 5950610	
805.09 31.27 39.83 5957158	
804.97 31.26 39.83 5963707	
804.66 31.26 39.81 5970255	
803.33 31.27 39.87 5976805	
804.06 31.27 39.86 5983353	
803.02 31.24 39.80 5989902	
803.90 31.26 39.79 5996448	
804.76 31.26 39.83 6002996	
804.21 31.26 39.78 6009543	
