547.36 27.69 44.13 1307	
548.15 27.70 44.15 3388	
549.30 27.69 44.08 5411	
549.55 27.72 44.21 7435	
549.58 27.75 44.28 9457	
549.97 27.76 44.35 11481	
549.61 27.75 44.36 13504	
550.24 27.77 44.44 15528	
550.72 27.80 44.36 17553	
550.21 27.81 44.31 19577	
550.21 27.81 44.11 24367	
550.60 27.87 44.04 30914	
550.44 27.90 43.84 37462	
547.79 27.93 43.67 44009	
548.09 27.94 43.73 50556	
550.44 27.96 43.61 57103	
552.97 27.97 43.47 63650	
555.04 28.01 43.42 70198	
556.46 28.04 43.35 76745	
556.42 28.06 43.35 83293	
556.86 28.07 43.29 89843	
557.29 28.08 43.26 96391	
558.27 28.11 43.22 102938	
558.07 28.13 43.20 109486	
558.00 28.17 43.19 116033	
557.21 28.21 43.13 122580	
556.25 28.20 42.99 129128	
555.58 28.21 42.93 135675	
555.55 28.25 42.94 142224	
555.89 28.30 42.91 148772	
555.32 28.28 42.94 155321	
555.55 28.32 42.89 161870	
555.87 28.36 42.90 168419	
556.61 28.36 42.89 174967	
557.18 28.41 42.90 181516	
558.68 28.45 42.81 188065	
559.65 28.46 42.82 194614	
561.40 28.49 42.76 201162	
563.55 28.52 42.70 207715	
564.88 28.52 42.69 214263	
567.02 28.58 42.65 220812	
568.56 28.59 42.66 227360	
570.17 28.62 42.63 233910	
571.67 28.63 42.60 240458	
573.40 28.66 42.61 247007	
574.67 28.67 42.58 253554	
575.47 28.70 42.58 260102	
577.81 28.72 42.61 266649	
579.67 28.76 42.62 273197	
583.27 28.77 42.57 279744	
592.86 28.77 42.50 286291	
609.78 28.83 42.49 292839	
616.19 28.84 42.45 299386	
621.29 28.84 42.51 305934	
626.91 28.87 42.44 312481	
632.50 28.89 42.44 319029	
635.21 28.90 42.38 325579	
637.04 28.91 42.37 332127	
638.33 28.97 42.35 338674	
639.53 28.97 42.30 345222	
640.05 28.98 42.34 351769	
643.06 29.00 42.29 358318	
644.61 29.05 42.24 364866	
644.28 29.02 42.21 371415	
645.10 29.07 42.20 377964	
646.29 29.08 42.19 384513	
647.08 29.12 42.12 391061	
648.41 29.12 42.19 397609	
648.66 29.15 42.17 404159	
650.60 29.15 42.18 410707	
651.99 29.18 42.14 417256	
653.09 29.19 42.12 423804	
654.60 29.22 42.09 430354	
655.31 29.25 42.09 436902	
656.28 29.25 42.00 443451	
655.86 29.28 42.02 450002	
656.15 29.28 42.02 456552	
657.28 29.32 41.92 463100	
657.69 29.32 41.94 469649	
658.32 29.34 41.92 476197	
657.90 29.36 41.85 482745	
659.18 29.39 41.89 489292	
660.50 29.39 41.90 495840	
662.71 29.39 41.90 502387	
663.60 29.43 41.86 508935	
665.52 29.45 41.86 515482	
670.49 29.46 41.85 522030	
682.64 29.48 41.84 528577	
694.44 29.48 41.79 535124	
697.15 29.50 41.77 541672	
699.72 29.50 41.64 548219	
703.47 29.56 41.70 554767	
705.91 29.53 41.64 561314	
706.83 29.54 41.65 567865	
706.20 29.59 41.62 574412	
708.52 29.60 41.59 580959	
708.76 29.62 41.62 587508	
709.43 29.64 41.50 594057	
709.64 29.64 41.52 600605	
710.41 29.64 41.50 607154	
712.49 29.67 41.42 613702	
711.72 29.67 41.41 620252	
712.27 29.70 41.38 626800	
712.32 29.70 41.40 633349	
712.55 29.70 41.38 639897	
713.96 29.71 41.36 646446	
714.38 29.71 41.40 652994	
714.20 29.73 41.31 659544	
715.09 29.74 41.34 666092	
716.32 29.77 41.34 672641	
716.65 29.76 41.31 679189	
717.22 29.79 41.32 685741	
718.50 29.80 41.35 692290	
719.31 29.81 41.31 698839	
722.01 29.81 41.31 705406	
722.58 29.84 41.26 711954	
724.31 29.84 41.25 718500	
725.19 29.87 41.26 725048	
726.18 29.84 41.25 731595	
727.48 29.88 41.24 738150	
729.08 29.87 41.26 744697	
730.04 29.88 41.26 751245	
730.85 29.90 41.24 757792	
732.01 29.90 41.23 764340	
733.02 29.91 41.22 770887	
734.31 29.93 41.17 777435	
735.77 29.93 41.22 783981	
738.30 29.94 41.17 790529	
739.62 29.97 41.19 797076	
742.69 29.97 41.21 803627	
744.88 29.98 41.19 810175	
746.47 30.00 41.12 816724	
748.48 30.00 41.12 823273	
749.86 29.98 41.09 829821	
751.77 30.01 41.11 836370	
752.70 30.03 41.05 842918	
754.36 30.03 41.05 849467	
755.51 30.04 41.05 856015	
757.54 30.04 41.08 862565	
758.87 30.05 41.05 869113	
759.58 30.07 41.01 875662	
760.59 30.08 41.06 882210	
762.02 30.09 41.04 888759	
762.70 30.09 40.99 895307	
763.45 30.09 40.99 901856	
764.64 30.09 40.99 908404	
766.27 30.12 40.99 914953	
767.79 30.09 41.00 921500	
770.77 30.12 40.95 928051	
773.81 30.14 40.99 934598	
775.89 30.14 41.01 941146	
778.94 30.14 40.96 947693	
781.31 30.14 40.96 954241	
783.53 30.16 40.91 960787	
786.49 30.19 40.95 967334	
786.31 30.18 40.92 973882	
788.00 30.18 40.95 980429	
789.19 30.18 40.94 986977	
790.20 30.19 40.88 993524	
792.50 30.21 40.91 1000071	
795.79 30.21 40.85 1006618	
797.37 30.21 40.93 1013166	
799.20 30.22 40.91 1019714	
801.55 30.22 40.88 1026263	
803.53 30.25 40.89 1032812	
804.99 30.22 40.93 1039361	
806.78 30.23 40.86 1045912	
808.07 30.25 40.87 1052462	
810.02 30.25 40.93 1059010	
810.63 30.28 40.86 1065559	
812.02 30.28 40.88 1072107	
813.06 30.28 40.82 1078657	
814.04 30.26 40.84 1085205	
815.94 30.26 40.84 1091753	
816.27 30.29 40.90 1098302	
816.95 30.29 40.88 1104850	
817.96 30.31 40.83 1111400	
818.97 30.29 40.89 1117948	
818.57 30.31 40.81 1124497	
820.06 30.31 40.85 1131044	
821.79 30.31 40.85 1137592	
822.58 30.32 40.78 1144139	
823.13 30.33 40.87 1150687	
823.70 30.31 40.81 1157237	
823.90 30.33 40.87 1163785	
824.52 30.33 40.77 1170332	
826.29 30.35 40.81 1176880	
827.36 30.36 40.80 1183427	
829.29 30.35 40.78 1189975	
831.02 30.35 40.81 1196522	
831.81 30.36 40.81 1203069	
833.64 30.36 40.86 1209617	
835.01 30.35 40.78 1216164	
836.13 30.36 40.77 1222712	
837.59 30.38 40.80 1229259	
839.36 30.38 40.83 1235808	
840.81 30.40 40.77 1242356	
841.51 30.38 40.80 1248905	
842.46 30.40 40.80 1255454	
843.93 30.40 40.77 1262003	
845.09 30.40 40.74 1268551	
847.20 30.42 40.77 1275104	
850.00 30.40 40.74 1281652	
850.74 30.39 40.82 1288201	
852.09 30.43 40.76 1294749	
854.69 30.42 40.77 1301298	
856.57 30.43 40.79 1307847	
858.61 30.42 40.77 1314396	
858.58 30.43 40.78 1320944	
860.16 30.43 40.80 1327493	
860.98 30.43 40.76 1334041	
863.07 30.45 40.78 1340591	
863.69 30.45 40.76 1347139	
865.14 30.47 40.79 1353688	
865.32 30.46 40.78 1360235	
866.09 30.45 40.75 1366782	
867.72 30.49 40.77 1373330	
868.96 30.47 40.77 1379877	
870.71 30.47 40.75 1386424	
872.28 30.47 40.73 1392975	
873.92 30.49 40.75 1399523	
875.11 30.52 40.81 1406070	
876.36 30.49 40.80 1412618	
876.67 30.50 40.83 1419164	
878.37 30.52 40.79 1425713	
879.82 30.50 40.74 1432259	
880.37 30.52 40.77 1438807	
882.07 30.52 40.74 1445354	
883.83 30.50 40.73 1451921	
884.40 30.50 40.71 1458469	
885.25 30.50 40.74 1465018	
886.02 30.50 40.74 1471566	
886.50 30.52 40.76 1478116	
887.21 30.53 40.77 1484664	
888.15 30.53 40.73 1491213	
887.43 30.52 40.71 1497761	
888.30 30.53 40.76 1504314	
889.81 30.55 40.76 1510862	
891.05 30.52 40.73 1517411	
892.12 30.55 40.74 1523959	
892.48 30.55 40.76 1530509	
894.39 30.56 40.76 1537064	
896.14 30.57 40.75 1543613	
897.68 30.55 40.70 1550161	
899.30 30.56 40.76 1556710	
900.27 30.56 40.73 1563258	
902.19 30.56 40.73 1569812	
903.57 30.55 40.76 1576359	
904.78 30.56 40.74 1582907	
906.31 30.55 40.72 1589453	
908.53 30.57 40.75 1596001	
909.91 30.57 40.77 1602548	
911.81 30.57 40.79 1609096	
913.36 30.57 40.77 1615643	
915.09 30.57 40.81 1622194	
916.17 30.57 40.76 1628741	
917.64 30.57 40.77 1635289	
919.62 30.57 40.77 1641836	
920.61 30.56 40.73 1648384	
921.87 30.57 40.81 1654931	
923.41 30.56 40.79 1661478	
925.79 30.60 40.75 1668026	
928.93 30.62 40.80 1674573	
929.54 30.59 40.81 1681122	
930.59 30.60 40.78 1687670	
932.69 30.62 40.77 1694219	
932.40 30.59 40.76 1700767	
933.80 30.59 40.76 1707317	
935.02 30.60 40.81 1713865	
937.00 30.62 40.77 1720414	
937.92 30.62 40.75 1726962	
938.18 30.62 40.74 1733511	
938.37 30.63 40.80 1740063	
939.45 30.63 40.83 1746612	
941.38 30.63 40.77 1753160	
942.53 30.60 40.79 1759709	
944.40 30.62 40.82 1766258	
945.28 30.63 40.78 1772807	
947.18 30.63 40.83 1779355	
948.12 30.63 40.84 1785904	
950.28 30.63 40.83 1792453	
952.24 30.63 40.87 1799001	
954.70 30.64 40.86 1805548	
956.55 30.63 40.81 1812096	
958.66 30.64 40.81 1818643	
960.74 30.64 40.84 1825190	
962.12 30.62 40.80 1831738	
964.56 30.66 40.80 1838285	
966.71 30.66 40.83 1844832	
968.26 30.66 40.80 1851382	
968.80 30.63 40.83 1857931	
970.30 30.64 40.77 1864477	
971.09 30.64 40.83 1871025	
972.12 30.66 40.82 1877572	
973.15 30.63 40.84 1884120	
973.98 30.67 40.79 1890667	
974.58 30.67 40.82 1897214	
975.75 30.69 40.82 1903763	
976.03 30.67 40.83 1910311	
976.56 30.67 40.79 1916860	
976.39 30.67 40.82 1923408	
977.12 30.67 40.84 1929958	
977.76 30.67 40.82 1936506	
979.75 30.69 40.82 1943055	
980.73 30.69 40.83 1949603	
981.04 30.69 40.88 1956152	
982.94 30.70 40.79 1962701	
984.07 30.70 40.85 1969253	
984.80 30.70 40.86 1975801	
986.75 30.69 40.80 1982350	
988.38 30.69 40.82 1988898	
989.71 30.69 40.85 1995448	
990.95 30.70 40.77 2001996	
991.37 30.71 40.79 2008545	
991.18 30.70 40.79 2015093	
991.91 30.70 40.82 2021642	
992.43 30.71 40.85 2028189	
993.08 30.73 40.90 2034737	
994.11 30.71 40.84 2041284	
994.43 30.71 40.90 2047832	
995.20 30.71 40.86 2054379	
996.87 30.70 40.86 2060926	
996.28 30.73 40.88 2067474	
997.20 30.71 40.91 2074021	
998.59 30.73 40.88 2080568	
999.15 30.71 40.81 2087119	
1001.16 30.73 40.85 2093667	
1002.28 30.71 40.91 2100214	
1003.23 30.71 40.94 2106761	
1003.71 30.73 40.88 2113308	
1004.19 30.71 40.92 2119856	
1004.84 30.71 40.94 2126405	
1005.48 30.73 40.93 2132954	
1005.86 30.73 40.93 2139502	
1006.68 30.74 40.94 2146051	
1007.05 30.74 40.90 2152600	
1007.84 30.74 40.94 2159149	
1009.05 30.73 40.91 2165697	
1009.84 30.73 40.93 2172246	
1012.17 30.73 40.94 2178795	
1013.40 30.75 40.94 2185344	
1013.92 30.75 40.93 2191892	
1015.28 30.74 40.97 2198463	
1015.88 30.75 40.94 2205012	
1016.37 30.75 41.01 2211561	
1017.98 30.74 40.95 2218109	
1018.39 30.78 40.98 2224659	
1018.78 30.75 40.99 2231207	
1019.98 30.75 40.99 2237756	
1020.57 30.74 41.00 2244304	
1020.67 30.78 40.98 2250852	
1021.85 30.75 40.99 2257399	
1023.73 30.77 41.03 2263947	
1025.44 30.75 41.01 2270494	
1027.59 30.77 41.00 2277042	
1028.61 30.77 41.02 2283589	
1030.65 30.77 41.06 2290137	
1031.65 30.78 41.00 2296684	
1033.55 30.80 41.05 2303232	
1034.85 30.78 41.06 2309783	
1035.70 30.78 41.02 2316329	
1036.88 30.78 41.03 2322877	
1038.17 30.78 41.08 2329424	
1039.72 30.78 41.03 2335979	
1041.75 30.78 41.05 2342526	
1042.96 30.80 41.05 2349074	
1044.16 30.80 41.02 2355621	
1046.20 30.78 41.05 2362170	
1047.96 30.77 41.06 2368718	
1049.67 30.78 41.11 2375267	
1051.41 30.80 41.09 2381816	
1052.81 30.78 41.08 2388365	
1053.29 30.80 41.08 2394913	
1054.93 30.80 41.08 2401463	
1056.49 30.78 41.03 2408011	
1057.95 30.78 41.06 2414560	
1059.87 30.81 41.05 2421112	
1061.31 30.80 41.08 2427661	
1062.08 30.83 41.07 2434209	
1063.68 30.80 41.06 2440758	
1065.78 30.84 41.09 2447306	
1067.02 30.78 41.14 2453855	
1067.29 30.84 41.10 2460404	
1068.76 30.83 41.11 2466953	
1071.14 30.83 41.08 2473501	
1073.11 30.83 41.11 2480051	
1075.57 30.83 41.07 2486597	
1077.18 30.81 41.12 2493146	
1078.29 30.83 41.16 2499692	
1080.09 30.84 41.16 2506240	
1080.97 30.84 41.11 2512787	
1082.32 30.85 41.14 2519335	
1083.15 30.83 41.13 2525882	
1086.70 30.84 41.16 2532433	
1087.66 30.84 41.13 2538981	
1089.58 30.84 41.14 2545528	
1090.17 30.83 41.17 2552076	
1092.47 30.87 41.17 2558623	
1093.12 30.84 41.16 2565171	
1094.99 30.84 41.14 2571718	
1096.84 30.85 41.14 2578266	
1097.13 30.85 41.11 2584812	
1097.83 30.87 41.11 2591360	
1099.90 30.87 41.17 2597909	
1101.75 30.90 41.19 2604457	
1102.39 30.85 41.10 2611006	
1103.21 30.88 41.19 2617554	
1103.87 30.91 41.22 2624104	
1104.11 30.87 41.17 2630652	
1104.46 30.88 41.20 2637201	
1105.53 30.91 41.22 2643753	
1105.91 30.88 41.26 2650302	
1107.00 30.90 41.24 2656850	
1109.15 30.88 41.19 2663399	
1109.86 30.92 41.22 2669948	
1111.78 30.90 41.22 2676497	
1113.56 30.91 41.24 2683045	
1114.82 30.91 41.25 2689594	
1116.20 30.91 41.25 2696142	
1116.86 30.91 41.28 2702692	
1117.90 30.90 41.28 2709240	
1118.81 30.91 41.27 2715789	
1120.72 30.92 41.27 2722337	
1123.10 30.92 41.26 2728886	
1124.91 30.94 41.26 2735434	
1125.76 30.92 41.24 2741982	
1126.88 30.92 41.28 2748529	
1128.13 30.95 41.27 2755080	
1128.66 30.91 41.30 2761627	
1129.62 30.94 41.24 2768175	
1130.30 30.92 41.26 2774722	
1130.75 30.92 41.26 2781268	
1133.04 30.94 41.24 2787816	
1134.92 30.95 41.26 2794363	
1137.03 30.95 41.23 2800911	
1138.00 30.95 41.20 2807458	
1138.88 30.97 41.20 2814007	
1139.69 30.97 41.26 2820553	
1141.97 30.97 41.20 2827101	
1141.82 30.98 41.22 2833648	
1142.22 30.99 41.29 2840196	
1142.77 30.97 41.20 2846745	
1142.96 30.95 41.20 2853294	
1143.52 30.98 41.19 2859842	
1145.39 30.99 41.20 2866395	
1146.29 30.98 41.22 2872943	
1147.20 30.98 41.35 2879492	
1147.80 30.98 41.29 2886041	
1148.47 30.99 41.28 2892590	
1148.71 30.98 41.32 2899138	
1149.43 30.99 41.32 2905687	
1150.41 31.01 41.29 2912236	
1151.62 30.99 41.28 2918785	
1153.22 30.99 41.26 2925333	
1155.18 31.01 41.28 2931881	
1156.23 30.99 41.32 2938449	
1157.88 31.01 41.31 2944998	
1158.16 30.98 41.30 2951547	
1158.52 30.99 41.32 2958096	
1160.74 31.02 41.28 2964645	
1160.81 31.02 41.32 2971192	
1161.54 31.02 41.32 2977743	
1162.54 31.04 41.30 2984291	
1164.18 31.02 41.31 2990837	
1164.63 31.02 41.32 2997385	
1165.34 31.02 41.27 3003932	
1166.39 31.05 41.31 3010480	
1166.69 31.02 41.28 3017027	
1166.58 31.05 41.30 3023575	
1166.36 31.04 41.25 3030122	
1165.91 31.05 41.28 3036669	
1166.61 31.05 41.31 3043217	
1166.93 31.04 41.31 3049764	
1166.69 31.05 41.31 3056312	
1167.75 31.05 41.33 3062859	
1168.26 31.07 41.36 3069407	
1169.41 31.07 41.33 3075955	
1170.23 31.05 41.34 3082504	
1171.44 31.05 41.36 3089056	
1172.07 31.07 41.36 3095605	
1172.59 31.04 41.31 3102153	
1174.11 31.07 41.34 3108702	
1175.11 31.07 41.34 3115250	
1176.16 31.08 41.36 3121799	
1177.12 31.08 41.39 3128348	
1178.27 31.05 41.37 3134904	
1179.23 31.07 41.40 3141452	
1180.01 31.05 41.44 3148001	
1181.25 31.07 41.43 3154549	
1183.14 31.07 41.43 3161099	
1183.29 31.09 41.44 3167647	
1183.71 31.05 41.40 3174196	
1185.04 31.08 41.36 3180744	
1185.55 31.08 41.30 3187293	
1185.69 31.07 41.33 3193842	
1186.39 31.09 41.35 3200394	
1186.31 31.07 41.39 3206941	
1187.15 31.09 41.39 3213489	
1187.85 31.09 41.39 3220036	
1189.09 31.09 41.39 3226584	
1190.01 31.08 41.43 3233131	
1191.08 31.11 41.42 3239678	
1193.07 31.11 41.41 3246226	
1193.57 31.09 41.39 3252773	
1194.43 31.11 41.38 3259321	
1194.89 31.12 41.42 3265867	
1195.63 31.11 41.44 3272416	
1197.16 31.08 41.45 3278962	
1197.45 31.09 41.40 3285510	
1198.57 31.12 41.42 3292057	
1199.16 31.14 41.50 3298605	
1200.27 31.11 41.42 3305152	
1201.52 31.11 41.48 3311699	
1202.62 31.11 41.44 3318245	
1203.34 31.12 41.42 3324793	
1204.83 31.14 41.47 3331342	
1206.07 31.12 41.41 3337890	
1207.72 31.14 41.42 3344440	
1209.32 31.12 41.48 3350988	
1210.07 31.15 41.48 3357537	
1211.37 31.15 41.50 3364085	
1211.85 31.14 41.51 3370635	
1212.15 31.14 41.47 3377183	
1212.89 31.15 41.48 3383732	
1214.84 31.15 41.46 3390280	
1215.83 31.14 41.44 3396829	
1216.30 31.15 41.46 3403378	
1217.04 31.15 41.47 3409927	
1218.19 31.14 41.47 3416475	
1217.99 31.15 41.47 3423024	
1218.22 31.16 41.46 3429576	
1219.07 31.16 41.46 3436125	
1219.40 31.18 41.49 3442673	
1220.41 31.18 41.50 3449221	
1220.72 31.18 41.52 3455768	
1220.93 31.16 41.50 3462316	
1220.70 31.16 41.57 3468863	
1221.26 31.16 41.55 3475410	
1222.32 31.16 41.56 3481958	
1223.69 31.19 41.53 3488505	
1224.39 31.19 41.53 3495053	
1224.91 31.18 41.58 3501600	
1224.93 31.18 41.60 3508147	
1226.78 31.16 41.56 3514694	
1227.86 31.19 41.56 3521242	
1227.91 31.21 41.55 3527789	
1229.26 31.21 41.56 3534337	
1232.23 31.19 41.55 3540887	
1234.24 31.19 41.59 3547435	
1236.21 31.16 41.56 3553982	
1239.45 31.22 41.54 3560530	
1240.36 31.19 41.50 3567079	
1242.76 31.21 41.55 3573627	
1245.11 31.24 41.53 3580176	
1247.65 31.22 41.55 3586724	
1247.38 31.19 41.53 3593273	
1249.26 31.22 41.55 3599822	
1250.21 31.21 41.53 3606371	
1250.80 31.22 41.54 3612919	
1250.38 31.22 41.55 3619468	
1250.37 31.22 41.51 3626016	
1252.03 31.22 41.49 3632565	
1253.20 31.24 41.54 3639113	
1254.61 31.22 41.54 3645662	
1256.68 31.25 41.55 3652214	
1257.19 31.24 41.54 3658763	
1257.73 31.21 41.52 3665311	
1259.82 31.25 41.54 3671860	
1260.93 31.26 41.51 3678409	
1261.64 31.26 41.55 3684975	
1261.88 31.26 41.51 3691523	
1262.75 31.26 41.55 3698070	
1264.02 31.28 41.59 3704617	
1265.65 31.28 41.54 3711165	
1266.14 31.28 41.59 3717712	
1267.26 31.26 41.63 3724260	
1268.52 31.29 41.56 3730807	
1270.23 31.30 41.56 3737355	
1271.37 31.28 41.56 3743902	
1271.63 31.28 41.59 3750450	
1273.88 31.29 41.56 3756997	
1275.15 31.30 41.53 3763548	
1276.82 31.29 41.57 3770095	
1278.12 31.30 41.53 3776645	
1279.48 31.29 41.53 3783193	
1280.02 31.30 41.55 3789742	
1279.74 31.30 41.56 3796290	
1280.01 31.32 41.55 3802840	
1280.61 31.30 41.56 3809388	
1281.63 31.32 41.55 3815937	
1282.40 31.30 41.50 3822486	
1283.69 31.32 41.55 3829035	
1283.75 31.32 41.50 3835584	
1285.19 31.32 41.47 3842132	
1286.20 31.32 41.47 3848681	
1288.11 31.33 41.47 3855229	
1289.31 31.33 41.49 3861779	
1290.44 31.33 41.49 3868327	
1290.76 31.33 41.47 3874880	
1291.80 31.35 41.52 3881428	
1292.37 31.36 41.48 3887977	
1292.80 31.37 41.51 3894525	
1294.44 31.37 41.47 3901073	
1295.50 31.37 41.48 3907620	
1297.88 31.37 41.54 3914168	
1299.00 31.35 41.46 3920715	
1300.70 31.36 41.51 3927263	
1301.90 31.37 41.49 3933810	
1303.45 31.37 41.48 3940365	
1305.03 31.36 41.45 3946912	
1305.20 31.39 41.45 3953460	
1306.60 31.40 41.47 3960007	
1307.07 31.40 41.45 3966555	
1308.20 31.40 41.45 3973103	
1308.88 31.42 41.47 3979651	
1310.04 31.40 41.44 3986201	
1312.41 31.39 41.47 3992749	
1313.63 31.40 41.48 3999297	
1314.41 31.40 41.44 4005847	
1316.07 31.42 41.47 4012395	
1316.85 31.42 41.45 4018944	
1317.91 31.42 41.47 4025493	
1318.68 31.40 41.47 4032041	
1318.16 31.43 41.46 4038590	
1319.38 31.43 41.46 4045138	
1320.59 31.42 41.47 4051688	
1320.45 31.42 41.44 4058236	
1321.21 31.42 41.45 4064785	
1321.03 31.43 41.47 4071334	
1321.29 31.42 41.43 4077883	
1321.34 31.44 41.47 4084431	
1321.23 31.42 41.49 4090981	
1321.88 31.44 41.46 4097532	
1322.88 31.44 41.49 4104082	
1323.98 31.43 41.49 4110630	
1326.17 31.44 41.49 4117178	
1327.31 31.44 41.47 4123725	
1328.99 31.46 41.27 4130273	
1327.43 31.47 40.77 4136820	
1314.27 31.44 40.48 4143368	
1116.73 31.46 40.26 4149915	
1047.58 31.42 39.76 4156463	
1010.51 31.42 40.08 4163011	
996.40 31.40 40.15 4169559	
992.31 31.40 39.74 4176106	
973.51 31.37 39.68 4182652	
947.96 31.37 39.75 4189200	
904.74 31.35 39.51 4195747	
870.92 31.33 39.57 4202295	
843.92 31.29 40.11 4208846	
854.17 31.26 39.89 4215395	
858.60 31.26 39.52 4221943	
865.94 31.22 40.14 4228492	
873.34 31.21 40.03 4235040	
874.72 31.18 39.52 4241590	
875.03 31.16 39.84 4248138	
875.09 31.14 40.24 4254687	
880.37 31.12 40.06 4261235	
883.70 31.09 40.19 4267785	
889.76 31.07 40.57 4274333	
918.22 31.09 40.76 4280882	
1001.97 31.05 40.61 4287430	
1015.06 31.07 40.71 4293979	
1027.34 31.05 40.56 4300528	
1029.03 31.04 40.58 4307077	
1031.07 31.02 40.40 4313626	
1027.70 30.99 39.81 4320175	
1008.81 30.99 39.49 4326725	
906.71 30.99 39.80 4333273	
803.04 30.92 39.36 4339820	
796.27 30.90 39.39 4346368	
764.08 30.88 39.36 4352915	
731.83 30.87 39.55 4359462	
713.18 30.83 39.53 4366010	
717.38 30.81 40.28 4372557	
740.79 30.80 40.38 4379105	
767.85 30.77 40.15 4385652	
777.41 30.75 40.43 4392200	
805.07 30.75 40.63 4398747	
837.42 30.73 40.54 4405295	
898.82 30.74 40.44 4411842	
920.98 30.70 40.36 4418390	
910.47 30.69 40.29 4424937	
907.70 30.67 40.16 4431504	
894.71 30.66 40.07 4438054	
883.88 30.63 40.09 4444603	
875.04 30.62 40.74 4451151	
875.93 30.59 41.03 4457701	
877.35 30.59 40.65 4464249	
874.63 30.59 40.41 4470798	
872.83 30.57 40.57 4477346	
869.54 30.59 40.57 4483896	
867.14 30.56 40.31 4490444	
861.84 30.56 40.00 4496993	
840.22 30.53 40.08 4503541	
750.45 30.53 40.04 4510090	
759.83 30.55 40.72 4516638	
770.44 30.53 40.55 4523188	
785.64 30.52 40.55 4529736	
789.19 30.50 40.73 4536285	
793.28 30.53 40.95 4542833	
799.35 30.53 40.70 4549383	
801.55 30.53 40.66 4555934	
803.94 30.52 40.33 4562484	
800.38 30.52 40.04 4569031	
794.64 30.52 40.30 4575579	
789.83 30.52 40.42 4582126	
784.36 30.49 40.17 4588674	
779.52 30.50 40.33 4595221	
776.84 30.52 40.57 4601768	
776.65 30.50 40.55 4608316	
777.11 30.50 40.70 4614863	
776.01 30.49 40.50 4621410	
774.12 30.50 40.27 4627957	
770.93 30.49 40.24 4634505	
767.13 30.52 40.57 4641053	
767.43 30.49 40.84 4647601	
767.49 30.46 40.19 4654147	
765.65 30.47 40.46 4660696	
766.37 30.49 40.82 4667243	
768.30 30.50 40.87 4673795	
775.11 30.50 41.10 4680343	
834.25 30.47 40.85 4686893	
842.28 30.49 40.49 4693441	
840.80 30.49 40.59 4699990	
823.66 30.47 40.47 4706539	
808.07 30.49 40.52 4713088	
791.17 30.49 40.37 4719636	
779.40 30.47 40.65 4726185	
771.01 30.49 40.43 4732734	
773.97 30.49 40.84 4739290	
775.48 30.50 40.42 4745838	
770.92 30.47 40.14 4752387	
765.08 30.49 40.05 4758936	
755.60 30.53 40.20 4765485	
736.73 30.49 40.25 4772033	
727.41 30.46 40.25 4778582	
720.42 30.46 40.34 4785134	
721.19 30.47 40.56 4791683	
719.78 30.45 40.28 4798230	
712.25 30.46 40.06 4804777	
704.81 30.45 40.16 4811325	
697.90 30.43 39.88 4817872	
683.46 30.43 39.78 4824421	
644.96 30.42 40.34 4830968	
652.95 30.42 40.61 4837516	
674.18 30.40 40.68 4844063	
685.92 30.40 40.41 4850611	
694.95 30.42 40.47 4857158	
703.00 30.39 40.29 4863706	
707.98 30.40 40.14 4870253	
706.92 30.40 40.28 4876801	
708.40 30.38 40.14 4883348	
704.87 30.39 39.94 4889895	
703.28 30.38 40.01 4896443	
702.29 30.36 40.46 4902993	
702.51 30.38 40.42 4909542	
704.68 30.39 40.36 4916090	
707.33 30.39 40.54 4922639	
711.89 30.39 40.80 4929188	
719.00 30.38 40.38 4935737	
726.12 30.38 40.35 4942285	
728.96 30.39 40.26 4948835	
730.29 30.38 40.43 4955383	
734.58 30.39 40.82 4961932	
739.09 30.36 40.50 4968480	
741.38 30.38 40.13 4975029	
740.62 30.39 39.98 4981578	
738.24 30.39 40.33 4988127	
737.73 30.39 40.61 4994675	
739.06 30.38 40.20 5001224	
737.34 30.36 40.01 5007773	
734.09 30.39 40.01 5014322	
730.95 30.39 40.28 5020873	
728.43 30.40 40.26 5027421	
725.60 30.38 39.92 5033968	
723.96 30.36 39.94 5040516	
721.34 30.38 39.85 5047063	
717.41 30.36 39.79 5053611	
710.92 30.36 39.69 5060158	
699.56 30.36 39.73 5066705	
687.33 30.33 39.87 5073253	
683.30 30.33 40.05 5079800	
674.56 30.33 39.99 5086348	
672.91 30.35 40.43 5092895	
677.62 30.35 40.20 5099442	
677.78 30.32 39.81 5105989	
676.98 30.31 39.82 5112537	
676.94 30.31 40.21 5119084	
684.90 30.31 40.76 5125632	
739.18 30.28 40.29 5132184	
739.13 30.32 40.03 5138733	
730.33 30.31 40.31 5145281	
721.19 30.29 40.12 5151830	
715.08 30.31 40.43 5158379	
710.85 30.29 40.16 5164928	
708.57 30.29 40.20 5171495	
705.29 30.28 40.29 5178044	
704.88 30.31 40.03 5184592	
699.57 30.31 39.96 5191141	
697.47 30.29 39.98 5197690	
693.67 30.28 39.94 5204239	
690.36 30.28 40.14 5210787	
688.94 30.26 40.19 5217336	
688.98 30.28 40.41 5223884	
689.71 30.29 40.48 5230433	
689.32 30.31 39.93 5236982	
688.66 30.29 40.29 5243531	
687.70 30.26 40.25 5250081	
688.81 30.25 40.45 5256629	
690.81 30.28 40.42 5263176	
690.40 30.26 40.19 5269724	
689.78 30.26 40.03 5276271	
688.16 30.26 40.00 5282819	
687.05 30.26 40.19 5289366	
684.77 30.25 39.85 5295913	
680.44 30.25 39.79 5302461	
646.22 30.23 39.63 5309008	
629.23 30.25 39.81 5315556	
616.80 30.22 39.98 5322103	
619.37 30.25 40.17 5328651	
623.84 30.23 40.20 5335198	
626.68 30.23 39.88 5341745	
631.30 30.25 40.17 5348292	
634.81 30.22 40.15 5354841	
637.29 30.25 40.49 5361390	
643.51 30.25 40.32 5367942	
647.44 30.26 39.92 5374490	
650.21 30.25 40.04 5381040	
652.92 30.25 39.95 5387588	
653.93 30.26 40.58 5394137	
659.01 30.23 40.42 5400685	
665.32 30.25 40.76 5407235	
703.60 30.23 40.35 5413783	
733.88 30.22 40.01 5420332	
722.75 30.23 40.10 5426880	
720.89 30.22 40.44 5433430	
725.74 30.22 40.63 5439978	
729.05 30.22 39.87 5446526	
725.55 30.22 40.17 5453076	
726.31 30.23 40.77 5459624	
730.69 30.22 40.61 5466173	
733.98 30.23 40.58 5472721	
738.40 30.25 40.81 5479272	
742.55 30.25 40.23 5485819	
741.58 30.25 39.88 5492368	
739.50 30.26 40.28 5498915	
736.25 30.25 40.29 5505463	
732.03 30.28 40.28 5512010	
731.91 30.26 40.52 5518558	
732.52 30.29 40.79 5525105	
732.64 30.26 40.13 5531652	
732.87 30.29 40.51 5538206	
733.70 30.31 40.38 5544754	
735.05 30.31 40.46 5551301	
734.90 30.32 40.27 5557849	
733.59 30.32 40.18 5564396	
731.45 30.32 40.12 5570944	
728.91 30.36 39.70 5577492	
721.24 30.35 39.83 5584041	
700.18 30.35 40.15 5590590	
694.01 30.36 40.39 5597142	
703.83 30.36 40.59 5603690	
711.18 30.39 40.32 5610238	
716.85 30.39 40.29 5616788	
719.14 30.38 39.98 5623336	
720.79 30.38 39.58 5629885	
719.47 30.40 40.17 5636433	
719.45 30.39 40.10 5642982	
714.57 30.36 40.23 5649530	
714.43 30.38 40.24 5656080	
711.09 30.38 39.67 5662628	
706.53 30.40 39.90 5669177	
700.40 30.39 39.66 5675725	
690.82 30.38 39.94 5682275	
685.92 30.39 40.10 5688822	
681.51 30.39 40.04 5695370	
679.25 30.42 39.88 5701916	
681.03 30.42 40.47 5708464	
683.21 30.42 40.29 5715009	
686.68 30.40 40.03 5721556	
689.70 30.43 40.35 5728104	
693.81 30.45 40.30 5734651	
696.28 30.45 40.28 5741199	
700.28 30.47 40.44 5747745	
705.33 30.47 40.43 5754293	
711.98 30.49 40.02 5760840	
716.65 30.53 39.87 5767388	
720.23 30.50 40.05 5773935	
723.19 30.53 40.13 5780483	
723.72 30.53 40.00 5787030	
725.67 30.53 39.91 5793579	
726.33 30.56 39.96 5800127	
723.81 30.56 39.55 5806676	
719.73 30.56 39.53 5813225	
715.95 30.56 39.72 5819773	
713.28 30.56 39.76 5826326	
708.61 30.56 39.66 5832875	
703.55 30.57 40.12 5839423	
702.75 30.57 40.24 5845971	
700.88 30.57 39.68 5852521	
698.51 30.59 39.30 5859069	
695.05 30.60 39.58 5865618	
691.15 30.60 39.24 5872166	
688.89 30.60 39.57 5878716	
688.41 30.59 39.64 5885264	
687.75 30.60 39.47 5891813	
686.69 30.60 39.45 5898361	
684.69 30.62 39.38 5904911	
