545.53 27.15 45.18 1173	
545.44 27.19 45.11 3240	
547.35 27.22 45.08 5265	
546.57 27.24 44.99 7289	
539.83 27.28 44.90 9314	
540.13 27.31 44.85 11339	
540.07 27.32 44.75 13364	
537.35 27.35 44.72 15389	
535.68 27.41 44.62 17414	
535.23 27.41 44.56 19438	
534.71 27.45 44.48 21462	
536.09 27.55 44.25 26249	
530.56 27.62 44.13 32798	
531.18 27.67 44.02 39347	
532.39 27.77 43.76 45894	
533.19 27.83 43.70 52443	
534.70 27.91 43.59 58989	
536.65 27.96 43.40 65537	
536.32 28.00 43.45 72085	
535.27 28.07 43.30 78632	
535.72 28.11 43.11 85184	
535.64 28.14 42.99 91732	
536.81 28.20 42.92 98280	
536.37 28.27 42.79 104828	
535.84 28.25 42.59 111376	
535.01 28.32 42.65 117923	
536.04 28.32 42.61 124472	
536.35 28.38 42.59 131019	
536.71 28.42 42.45 137568	
536.57 28.44 42.47 144116	
537.64 28.51 42.36 150664	
537.26 28.51 42.54 157212	
537.80 28.56 42.30 163760	
537.16 28.58 42.22 170307	
537.63 28.59 42.19 176857	
538.41 28.62 42.08 183403	
538.78 28.66 42.21 189950	
538.45 28.69 42.08 196499	
539.47 28.72 41.97 203051	
539.69 28.76 41.98 209599	
540.05 28.76 41.96 216146	
541.56 28.82 41.91 222694	
542.39 28.83 41.91 229242	
543.66 28.86 41.82 235790	
543.96 28.89 41.69 242337	
544.90 28.89 41.70 248886	
544.86 28.93 41.65 255433	
546.31 28.96 41.55 261982	
547.15 28.99 41.44 268529	
547.76 29.00 41.49 275077	
548.97 29.04 41.41 281625	
548.75 29.04 41.40 288173	
549.06 29.04 41.31 294720	
549.50 29.10 41.28 301268	
549.77 29.13 41.26 307816	
549.75 29.14 41.14 314364	
550.68 29.17 41.13 320916	
551.33 29.21 41.12 327462	
551.89 29.23 41.07 334012	
551.60 29.23 41.02 340559	
551.30 29.24 40.96 347107	
551.14 29.27 40.93 353655	
551.69 29.27 40.89 360203	
551.82 29.33 40.82 366751	
551.84 29.36 40.80 373300	
552.87 29.36 40.77 379847	
552.67 29.38 40.68 386396	
552.61 29.41 40.72 392943	
552.97 29.47 40.67 399491	
552.98 29.42 40.61 406039	
552.01 29.50 40.60 412587	
552.44 29.50 40.57 419135	
552.68 29.50 40.50 425683	
552.87 29.54 40.51 432231	
552.38 29.57 40.53 438779	
553.55 29.57 40.48 445330	
554.53 29.58 40.48 451877	
555.83 29.58 40.42 458426	
557.67 29.62 40.39 464973	
558.66 29.64 40.34 471522	
558.82 29.65 40.30 478070	
560.62 29.68 40.32 484618	
561.96 29.68 40.31 491166	
563.35 29.71 40.25 497714	
564.90 29.72 40.26 504261	
567.54 29.75 40.32 510810	
569.43 29.76 40.30 517357	
572.65 29.76 40.22 523906	
577.38 29.78 40.18 530455	
580.50 29.79 40.22 537001	
584.52 29.84 40.17 543551	
586.77 29.84 40.19 550097	
590.01 29.84 40.18 556645	
593.09 29.86 40.25 563197	
597.29 29.88 40.17 569745	
600.74 29.91 40.15 576293	
602.90 29.92 40.15 582841	
606.37 29.92 40.10 589388	
608.43 29.93 40.06 595937	
610.06 29.99 40.04 602484	
610.34 29.98 39.99 609033	
612.22 29.99 39.99 615581	
614.03 30.02 39.92 622129	
615.73 29.99 39.97 628677	
616.18 30.05 39.92 635225	
618.32 30.07 39.93 641771	
619.11 30.06 40.00 648321	
620.11 30.09 39.93 654868	
621.36 30.10 39.88 661439	
623.14 30.13 39.86 667987	
623.53 30.13 39.83 674535	
624.66 30.13 39.78 681088	
625.60 30.16 39.85 687635	
627.02 30.19 39.87 694181	
627.33 30.17 39.78 700731	
631.04 30.19 39.85 707277	
632.11 30.20 39.87 713834	
632.22 30.22 39.90 720381	
634.29 30.20 39.79 726929	
634.62 30.23 39.78 733477	
637.14 30.26 39.79 740025	
637.22 30.26 39.75 746573	
640.56 30.26 39.79 753122	
643.11 30.30 39.66 759669	
644.95 30.33 39.60 766218	
645.92 30.33 39.63 772765	
648.64 30.34 39.67 779313	
650.48 30.33 39.67 785861	
652.84 30.38 39.69 792409	
654.12 30.34 39.66 798957	
655.52 30.36 39.60 805504	
657.44 30.37 39.56 812051	
659.40 30.41 39.59 818599	
662.71 30.40 39.58 825147	
664.80 30.41 39.48 831694	
666.67 30.43 39.48 838243	
668.07 30.44 39.53 844790	
669.35 30.46 39.57 851339	
671.16 30.47 39.58 857887	
672.72 30.48 39.58 864435	
674.04 30.47 39.47 870983	
676.15 30.51 39.50 877531	
678.22 30.51 39.48 884078	
679.47 30.51 39.45 890627	
682.34 30.53 39.40 897174	
683.24 30.53 39.39 903723	
685.32 30.54 39.33 910270	
690.17 30.57 39.39 916817	
695.72 30.55 39.40 923369	
695.09 30.57 39.32 929916	
697.54 30.60 39.32 936465	
700.03 30.61 39.32 943013	
698.34 30.61 39.36 949561	
699.37 30.63 39.32 956110	
701.34 30.63 39.31 962657	
705.02 30.64 39.26 969204	
704.89 30.68 39.28 975753	
705.36 30.64 39.20 982300	
706.17 30.64 39.19 988849	
708.09 30.65 39.23 995398	
708.90 30.68 39.17 1001946	
709.01 30.68 39.22 1008494	
710.43 30.71 39.26 1015042	
712.08 30.71 39.26 1021589	
712.29 30.71 39.30 1028137	
713.27 30.73 39.26 1034685	
715.03 30.73 39.25 1041236	
715.94 30.73 39.26 1047786	
717.72 30.73 39.17 1054333	
718.43 30.77 39.20 1060882	
719.37 30.74 39.21 1067429	
721.65 30.77 39.19 1073977	
723.53 30.78 39.25 1080525	
724.89 30.77 39.20 1087073	
726.11 30.79 39.22 1093621	
727.16 30.82 39.22 1100169	
729.14 30.81 39.21 1106716	
731.32 30.82 39.20 1113265	
733.05 30.81 39.22 1119812	
734.14 30.82 39.18 1126362	
735.16 30.82 39.09 1132910	
737.56 30.85 39.10 1139458	
738.81 30.85 39.10 1146006	
739.28 30.84 39.11 1152553	
740.04 30.85 39.14 1159104	
741.78 30.84 39.08 1165652	
742.46 30.86 39.10 1172200	
742.12 30.88 39.06 1178749	
742.13 30.88 39.08 1185298	
745.08 30.89 39.07 1191845	
746.85 30.89 39.04 1198394	
747.28 30.89 38.96 1204941	
749.81 30.91 38.93 1211488	
750.41 30.91 39.00 1218037	
750.84 30.92 39.02 1224585	
753.12 30.94 39.04 1231133	
753.48 30.92 39.05 1237682	
755.57 30.95 39.01 1244229	
755.37 30.95 38.96 1250778	
755.83 30.96 38.97 1257325	
757.60 30.98 39.00 1263873	
758.54 30.95 39.02 1270425	
761.83 30.99 39.02 1276973	
764.55 30.99 39.02 1283521	
768.17 31.01 39.03 1290070	
774.50 30.99 39.05 1296617	
791.23 31.01 39.03 1303165	
814.64 31.03 39.04 1309713	
826.25 31.01 39.05 1316260	
828.91 31.01 39.01 1322809	
827.39 31.01 38.98 1329356	
826.71 31.03 38.99 1335905	
828.27 31.03 38.94 1342454	
830.46 31.02 39.03 1349002	
831.72 31.02 39.04 1355550	
832.25 31.05 39.02 1362098	
832.84 31.03 38.98 1368645	
832.58 31.06 39.03 1375194	
831.15 31.05 38.99 1381741	
831.33 31.06 38.94 1388315	
833.28 31.06 38.97 1394863	
832.90 31.06 38.96 1401410	
832.89 31.08 39.00 1407960	
832.80 31.08 38.96 1414506	
833.20 31.09 38.91 1421056	
834.24 31.06 38.97 1427604	
835.64 31.11 38.93 1434151	
836.79 31.08 39.00 1440700	
837.79 31.08 38.96 1447247	
838.87 31.12 38.95 1453795	
840.49 31.11 38.90 1460343	
841.41 31.11 38.90 1466891	
843.34 31.13 38.90 1473439	
844.05 31.13 38.76 1479989	
844.51 31.11 38.80 1486536	
844.85 31.15 38.82 1493085	
845.38 31.13 38.84 1499632	
845.78 31.15 38.88 1506177	
847.41 31.18 38.89 1512726	
848.65 31.13 38.84 1519281	
848.79 31.15 38.83 1525829	
848.76 31.15 38.80 1532384	
849.31 31.18 38.74 1538931	
848.98 31.16 38.81 1545480	
847.22 31.18 38.86 1552027	
847.85 31.18 38.82 1558575	
848.52 31.18 38.82 1565124	
848.41 31.19 38.86 1571672	
848.69 31.21 38.86 1578220	
849.40 31.21 38.84 1584768	
850.17 31.19 38.81 1591315	
850.39 31.21 38.82 1597863	
850.58 31.21 38.78 1604411	
851.69 31.22 38.86 1610959	
853.12 31.21 38.87 1617511	
853.67 31.22 38.82 1624058	
854.91 31.22 38.86 1630608	
856.30 31.23 38.91 1637154	
859.42 31.22 38.89 1643703	
862.53 31.21 38.90 1650251	
866.82 31.23 38.93 1656799	
868.36 31.22 38.82 1663347	
869.01 31.22 38.80 1669896	
873.58 31.23 38.85 1676443	
877.50 31.25 38.90 1682992	
878.90 31.23 38.88 1689539	
881.57 31.25 38.84 1696087	
883.88 31.26 38.83 1702635	
886.41 31.26 38.88 1709182	
887.76 31.26 38.88 1715732	
888.90 31.26 38.85 1722280	
890.83 31.28 38.85 1728827	
893.52 31.28 38.85 1735379	
895.45 31.29 38.83 1741927	
897.16 31.28 38.88 1748474	
898.17 31.28 38.82 1755023	
898.74 31.29 38.82 1761570	
898.36 31.28 38.85 1768119	
899.18 31.28 38.82 1774667	
900.68 31.30 38.81 1781215	
901.28 31.29 38.81 1787764	
900.77 31.29 38.74 1794311	
901.71 31.30 38.75 1800858	
902.09 31.30 38.80 1807408	
902.86 31.30 38.76 1813955	
903.38 31.32 38.80 1820504	
902.03 31.29 38.73 1827051	
901.36 31.30 38.71 1833598	
900.88 31.32 38.71 1840147	
900.54 31.32 38.73 1846697	
898.99 31.34 38.77 1853246	
897.82 31.33 38.82 1859795	
898.32 31.32 38.80 1866343	
898.42 31.33 38.82 1872891	
899.17 31.34 38.77 1879439	
900.56 31.30 38.76 1885986	
901.85 31.34 38.69 1892535	
903.23 31.33 38.71 1899082	
902.60 31.37 38.73 1905631	
903.54 31.36 38.69 1912179	
904.25 31.37 38.74 1918727	
905.56 31.34 38.70 1925275	
905.78 31.36 38.74 1931823	
905.38 31.37 38.73 1938370	
905.15 31.40 38.68 1944919	
905.00 31.39 38.63 1951466	
904.66 31.36 38.65 1958014	
905.33 31.39 38.67 1964567	
905.25 31.42 38.68 1971115	
906.35 31.37 38.69 1977663	
907.63 31.37 38.63 1984210	
907.83 31.36 38.63 1990758	
907.99 31.40 38.64 1997306	
908.78 31.39 38.65 2003854	
908.85 31.40 38.64 2010402	
909.29 31.39 38.64 2016951	
908.90 31.42 38.69 2023498	
909.07 31.42 38.68 2030047	
909.29 31.40 38.68 2036594	
909.68 31.40 38.67 2043142	
910.15 31.42 38.67 2049690	
910.38 31.40 38.68 2056238	
910.86 31.40 38.70 2062787	
911.68 31.40 38.67 2069335	
912.47 31.42 38.69 2075882	
914.04 31.44 38.70 2082434	
914.82 31.42 38.63 2088981	
914.69 31.40 38.74 2095529	
915.59 31.43 38.76 2102079	
918.13 31.43 38.76 2108625	
918.06 31.44 38.78 2115175	
919.56 31.43 38.73 2121745	
920.74 31.44 38.68 2128292	
922.78 31.43 38.72 2134841	
924.45 31.43 38.78 2141388	
926.03 31.43 38.73 2147937	
927.30 31.46 38.78 2154484	
929.51 31.46 38.78 2161032	
932.62 31.46 38.82 2167580	
939.48 31.44 38.78 2174128	
947.34 31.46 38.82 2180676	
954.88 31.46 38.75 2187226	
961.63 31.47 38.78 2193776	
962.04 31.49 38.80 2200325	
963.96 31.46 38.81 2206872	
967.56 31.47 38.81 2213420	
972.12 31.47 38.79 2219968	
975.49 31.46 38.81 2226515	
977.11 31.44 38.76 2233064	
980.14 31.47 38.78 2239612	
980.37 31.47 38.78 2246160	
981.50 31.46 38.78 2252708	
981.29 31.50 38.80 2259256	
983.60 31.47 38.76 2265803	
984.74 31.47 38.81 2272352	
984.88 31.47 38.74 2278899	
983.82 31.46 38.76 2285448	
985.16 31.49 38.82 2291995	
984.65 31.51 38.82 2298543	
985.30 31.50 38.78 2305092	
986.62 31.49 38.74 2311643	
986.26 31.49 38.82 2318199	
987.71 31.50 38.78 2324748	
988.46 31.50 38.75 2331295	
989.59 31.49 38.79 2337844	
990.01 31.51 38.78 2344391	
988.95 31.50 38.77 2350938	
989.29 31.49 38.80 2357487	
988.79 31.51 38.80 2364035	
987.79 31.53 38.76 2370583	
988.57 31.54 38.74 2377132	
987.58 31.53 38.76 2383679	
987.47 31.51 38.78 2390227	
988.73 31.53 38.83 2396775	
988.88 31.50 38.83 2403322	
989.05 31.51 38.84 2409871	
990.28 31.51 38.87 2416418	
992.37 31.50 38.84 2422967	
991.93 31.51 38.79 2429518	
994.88 31.54 38.83 2436066	
997.01 31.53 38.89 2442614	
999.29 31.53 38.87 2449162	
1001.19 31.54 38.88 2455710	
1004.21 31.53 38.89 2462259	
1005.61 31.53 38.87 2468806	
1008.26 31.56 38.87 2475355	
1009.79 31.54 38.79 2481902	
1012.35 31.56 38.89 2488450	
1015.50 31.54 38.87 2494998	
1019.01 31.54 38.87 2501545	
1020.68 31.54 38.78 2508095	
1023.47 31.53 38.79 2514643	
1022.08 31.57 38.78 2521191	
1023.74 31.53 38.77 2527739	
1022.82 31.56 38.81 2534287	
1020.96 31.57 38.87 2540837	
1021.02 31.57 38.87 2547387	
1021.12 31.56 38.80 2553934	
1022.58 31.57 38.90 2560483	
1022.48 31.57 38.92 2567030	
1023.93 31.57 38.90 2573578	
1024.09 31.57 38.94 2580126	
1024.99 31.56 38.92 2586674	
1025.98 31.57 38.89 2593222	
1026.48 31.57 38.86 2599771	
1027.50 31.56 38.88 2606318	
1029.04 31.60 38.89 2612868	
1029.02 31.57 38.85 2619415	
1030.25 31.59 38.81 2625963	
1030.94 31.57 38.87 2632511	
1031.78 31.59 38.94 2639058	
1032.25 31.57 38.97 2645607	
1033.18 31.59 38.95 2652158	
1034.78 31.59 38.93 2658706	
1038.16 31.60 38.98 2665254	
1044.30 31.59 38.99 2671803	
1051.70 31.61 38.93 2678350	
1055.64 31.60 38.89 2684899	
1058.05 31.63 38.85 2691446	
1059.26 31.60 38.88 2697995	
1059.10 31.61 38.93 2704544	
1060.16 31.60 38.91 2711091	
1060.76 31.61 38.92 2717640	
1060.44 31.59 38.95 2724188	
1059.88 31.61 38.95 2730735	
1059.32 31.61 38.92 2737284	
1060.26 31.60 38.93 2743831	
1060.44 31.63 38.83 2750380	
1060.86 31.61 38.82 2756928	
1061.15 31.64 38.84 2763479	
1059.43 31.60 38.84 2770028	
1058.18 31.64 38.88 2776576	
1056.97 31.66 38.89 2783123	
1054.61 31.63 38.88 2789671	
1055.00 31.64 38.95 2796219	
1054.56 31.63 38.95 2802767	
1055.80 31.61 38.88 2809315	
1056.31 31.63 38.93 2815862	
1055.43 31.63 38.89 2822411	
1054.75 31.64 38.87 2828958	
1053.58 31.64 38.88 2835508	
1054.73 31.61 38.82 2842056	
1054.07 31.64 38.87 2848626	
1054.73 31.66 38.83 2855175	
1054.19 31.66 38.82 2861722	
1053.26 31.63 38.82 2868270	
1053.89 31.64 38.87 2874822	
1054.47 31.64 38.93 2881370	
1053.88 31.66 38.84 2887918	
1052.64 31.66 38.87 2894467	
1052.59 31.66 38.91 2901014	
1054.02 31.64 38.97 2907564	
1055.32 31.66 38.93 2914111	
1056.48 31.66 38.84 2920658	
1057.06 31.67 38.95 2927207	
1056.19 31.66 38.97 2933754	
1056.27 31.67 39.12 2940303	
1058.00 31.66 39.09 2946851	
1059.11 31.64 39.09 2953399	
1059.52 31.66 39.04 2959947	
1063.19 31.69 39.12 2966495	
1071.18 31.70 39.16 2973042	
1077.20 31.64 39.17 2979592	
1086.97 31.69 39.16 2986142	
1092.43 31.67 39.17 2992691	
1094.95 31.69 39.12 2999239	
1101.58 31.67 39.18 3005787	
1107.60 31.71 39.25 3012335	
1111.40 31.67 39.23 3018884	
1111.37 31.66 39.13 3025430	
1114.62 31.69 39.14 3031980	
1116.95 31.69 39.12 3038527	
1117.83 31.69 39.10 3045075	
1119.61 31.69 39.11 3051623	
1119.68 31.69 39.14 3058170	
1122.11 31.69 39.20 3064719	
1119.88 31.69 39.17 3071266	
1119.62 31.71 39.11 3077815	
1121.34 31.69 39.11 3084364	
1121.61 31.69 39.14 3090912	
1120.61 31.69 39.11 3097463	
1121.73 31.70 39.12 3104011	
1122.42 31.69 39.12 3110558	
1121.28 31.70 39.09 3117115	
1120.36 31.70 39.21 3123662	
1120.84 31.70 39.21 3130211	
1120.87 31.67 39.22 3136759	
1121.88 31.71 39.18 3143307	
1121.79 31.70 39.16 3149855	
1120.66 31.69 39.15 3156403	
1120.39 31.69 39.20 3162950	
1120.95 31.71 39.22 3169499	
1122.23 31.70 39.15 3176047	
1121.78 31.73 39.15 3182596	
1122.41 31.70 39.15 3189143	
1123.11 31.74 39.16 3195691	
1122.53 31.71 39.21 3202239	
1123.47 31.74 39.20 3208790	
1124.73 31.71 39.19 3215338	
1125.95 31.73 39.18 3221888	
1126.35 31.73 39.24 3228435	
1128.96 31.73 39.23 3234983	
1130.04 31.74 39.25 3241531	
1132.56 31.74 39.27 3248078	
1134.30 31.74 39.22 3254627	
1137.50 31.73 39.24 3261174	
1139.42 31.71 39.24 3267723	
1141.92 31.76 39.21 3274271	
1143.23 31.73 39.22 3280819	
1144.05 31.73 39.24 3287368	
1146.21 31.76 39.14 3293916	
1147.57 31.76 39.07 3300463	
1148.87 31.73 39.13 3307012	
1149.92 31.73 39.23 3313559	
1149.23 31.76 39.22 3320111	
1149.91 31.76 39.23 3326659	
1152.30 31.74 39.24 3333207	
1153.84 31.74 39.27 3339755	
1156.59 31.76 39.31 3346302	
1159.89 31.74 39.32 3352850	
1162.03 31.77 39.36 3359398	
1163.11 31.74 39.34 3365946	
1164.53 31.76 39.29 3372494	
1164.54 31.77 39.33 3379042	
1166.72 31.76 39.32 3385589	
1167.36 31.74 39.39 3392138	
1167.60 31.76 39.38 3398685	
1168.84 31.77 39.42 3405235	
1171.73 31.78 39.37 3411783	
1174.50 31.76 39.36 3418331	
1175.53 31.78 39.36 3424879	
1177.67 31.78 39.38 3431427	
1178.52 31.78 39.40 3437971	
1179.26 31.77 39.36 3444519	
1180.93 31.77 39.35 3451067	
1180.89 31.78 39.28 3457616	
1179.91 31.78 39.31 3464165	
1180.12 31.80 39.41 3470712	
1180.32 31.76 39.38 3477261	
1180.84 31.77 39.37 3483808	
1181.54 31.78 39.43 3490356	
1181.66 31.78 39.35 3496904	
1182.76 31.83 39.22 3503452	
1183.67 31.78 39.31 3510000	
1184.25 31.77 39.19 3516548	
1184.02 31.80 39.23 3523095	
1186.19 31.81 39.40 3529644	
1187.32 31.78 39.36 3536191	
1187.09 31.80 39.45 3542740	
1188.23 31.78 39.41 3549292	
1188.61 31.80 39.35 3555840	
1188.72 31.78 39.26 3562388	
1191.49 31.80 39.26 3568935	
1193.26 31.83 39.29 3575505	
1192.31 31.81 39.30 3582054	
1192.13 31.80 39.30 3588601	
1190.73 31.81 39.30 3595150	
1191.66 31.80 39.27 3601698	
1191.44 31.78 39.27 3608246	
1191.60 31.81 39.31 3614794	
1192.03 31.80 39.27 3621342	
1192.19 31.81 39.41 3627889	
1194.15 31.81 39.41 3634438	
1194.89 31.81 39.34 3640985	
1196.17 31.78 39.33 3647534	
1196.15 31.83 39.40 3654081	
1198.23 31.83 39.45 3660632	
1198.40 31.83 39.46 3667180	
1201.58 31.83 39.51 3673728	
1203.27 31.81 39.54 3680276	
1204.36 31.83 39.51 3686825	
1207.02 31.83 39.44 3693373	
1209.56 31.83 39.43 3699921	
1210.46 31.84 39.52 3706469	
1213.33 31.81 39.58 3713016	
1215.07 31.81 39.51 3719565	
1216.65 31.81 39.54 3726112	
1217.91 31.84 39.55 3732661	
1218.55 31.83 39.59 3739209	
1219.11 31.81 39.61 3745757	
1220.47 31.83 39.54 3752306	
1221.63 31.84 39.57 3758854	
1223.48 31.84 39.54 3765401	
1225.63 31.84 39.54 3771953	
1224.85 31.83 39.54 3778500	
1224.35 31.84 39.59 3785050	
1225.82 31.85 39.64 3791597	
1227.13 31.84 39.58 3798145	
1228.36 31.83 39.53 3804693	
1227.72 31.84 39.45 3811240	
1227.77 31.84 39.50 3817790	
1227.92 31.81 39.49 3824338	
1227.40 31.84 39.41 3830886	
1229.08 31.87 39.42 3837434	
1229.12 31.84 39.38 3843982	
1229.21 31.84 39.41 3850529	
1229.60 31.87 39.43 3857079	
1227.56 31.85 39.45 3863626	
1226.73 31.85 39.52 3870175	
1227.02 31.85 39.49 3876723	
1227.39 31.84 39.39 3883275	
1227.14 31.87 39.39 3889823	
1226.38 31.85 39.39 3896371	
1227.11 31.84 39.35 3902918	
1226.96 31.83 39.39 3909468	
1228.61 31.85 39.42 3916015	
1230.91 31.87 39.51 3922572	
1230.67 31.85 39.53 3929120	
1231.90 31.85 39.57 3935668	
1232.95 31.87 39.57 3942216	
1234.72 31.85 39.62 3948764	
1235.17 31.85 39.60 3955311	
1236.24 31.85 39.57 3961861	
1236.80 31.87 39.54 3968408	
1237.21 31.87 39.56 3974957	
1237.60 31.85 39.55 3981505	
1239.56 31.88 39.61 3988052	
1241.36 31.88 39.53 3994605	
1241.45 31.88 39.52 4001153	
1243.04 31.90 39.56 4007700	
1243.60 31.88 39.65 4014248	
1244.74 31.88 39.62 4020796	
1246.14 31.87 39.59 4027344	
1248.40 31.88 39.60 4033894	
1254.33 31.87 39.58 4040441	
1256.37 31.90 39.65 4046990	
1256.31 31.87 39.67 4053537	
1260.01 31.88 39.67 4060085	
1262.90 31.88 39.70 4066633	
1265.48 31.88 39.70 4073181	
1265.98 31.90 39.72 4079730	
1266.56 31.91 39.75 4086278	
1266.62 31.91 39.71 4092825	
1267.40 31.87 39.72 4099374	
1269.03 31.88 39.65 4105925	
1270.66 31.90 39.66 4112474	
1272.07 31.90 39.66 4119022	
1272.90 31.91 39.68 4125570	
1276.14 31.88 39.76 4132118	
1278.40 31.91 39.75 4138667	
1283.98 31.91 39.71 4145214	
1284.53 31.88 39.65 4151762	
1284.62 31.94 39.58 4158310	
1284.51 31.91 39.56 4164858	
1286.42 31.91 39.61 4171408	
1284.73 31.90 39.56 4177954	
1283.23 31.91 39.55 4184504	
1283.16 31.90 39.69 4191051	
1283.30 31.90 39.65 4197599	
1283.67 31.91 39.60 4204147	
1283.05 31.90 39.61 4210695	
1281.65 31.90 39.63 4217247	
1283.19 31.90 39.67 4223796	
1283.21 31.91 39.65 4230343	
1282.50 31.92 39.66 4236892	
1282.46 31.90 39.65 4243439	
1282.26 31.91 39.65 4249988	
1281.11 31.90 39.67 4256536	
1281.89 31.92 39.75 4263084	
1281.14 31.92 39.68 4269632	
1282.15 31.91 39.82 4276179	
1283.20 31.92 39.70 4282727	
1283.81 31.88 39.67 4289276	
1283.89 31.92 39.64 4295824	
1285.74 31.91 39.70 4302395	
1284.85 31.90 39.71 4308944	
1283.76 31.92 39.69 4315492	
1282.85 31.92 39.70 4322040	
1281.80 31.91 39.69 4328591	
1282.25 31.92 39.64 4335138	
1282.56 31.91 39.65 4341688	
1282.65 31.91 39.55 4348235	
1282.70 31.90 39.55 4354784	
1281.34 31.91 39.51 4361331	
1279.38 31.92 39.49 4367879	
1277.56 31.88 39.52 4374427	
1274.06 31.90 39.49 4380975	
1272.31 31.90 39.47 4387523	
1270.22 31.91 39.46 4394073	
1266.71 31.92 39.40 4400620	
1264.17 31.92 39.34 4407169	
1261.41 31.90 39.27 4413716	
1253.23 31.92 39.32 4420263	
1217.12 31.90 39.38 4426812	
1187.44 31.91 39.30 4433359	
1171.46 31.94 39.30 4439912	
1163.26 31.88 39.16 4446461	
1158.78 31.92 39.14 4453009	
1151.51 31.91 39.10 4459557	
1146.01 31.91 39.12 4466105	
1141.40 31.91 39.16 4472652	
1136.24 31.91 39.21 4479201	
1129.48 31.91 39.23 4485748	
1126.15 31.91 39.23 4492298	
1124.59 31.90 39.22 4498845	
1123.91 31.90 39.22 4505392	
1124.39 31.90 39.21 4511941	
1125.76 31.90 39.20 4518489	
1127.13 31.90 39.17 4525037	
1128.22 31.88 39.19 4531587	
1127.64 31.91 39.27 4538134	
1128.60 31.91 39.27 4544683	
1128.84 31.90 39.12 4551233	
1129.35 31.88 39.17 4557780	
1129.86 31.87 39.18 4564330	
1128.51 31.87 39.10 4570877	
1127.46 31.90 39.08 4577426	
1127.07 31.85 39.06 4583981	
1125.63 31.88 39.09 4590528	
1125.13 31.88 39.05 4597076	
1123.43 31.87 39.07 4603624	
1121.56 31.90 39.03 4610171	
1120.40 31.87 39.02 4616720	
1117.18 31.88 38.97 4623267	
1116.18 31.90 38.92 4629817	
1111.61 31.85 38.90 4636364	
1104.68 31.87 38.83 4642912	
1098.80 31.87 38.88 4649460	
1085.35 31.88 38.99 4656008	
1075.92 31.85 39.01 4662559	
1077.90 31.87 39.02 4669109	
1077.67 31.88 39.14 4675656	
1077.17 31.87 39.23 4682205	
1079.85 31.85 39.13 4688752	
1087.83 31.87 39.09 4695300	
1090.41 31.87 39.07 4701849	
1093.54 31.88 39.05 4708397	
1096.33 31.85 39.03 4714945	
1099.23 31.88 38.96 4721502	
1099.99 31.85 38.98 4728049	
1098.49 31.87 38.94 4734598	
1096.80 31.83 38.89 4741145	
1095.95 31.87 38.93 4747693	
1094.75 31.85 38.98 4754241	
1093.20 31.84 38.94 4760788	
1091.33 31.87 38.98 4767337	
1090.28 31.85 38.92 4773889	
1089.00 31.83 38.93 4780436	
1087.49 31.84 38.94 4786984	
1084.90 31.84 38.88 4793532	
1083.08 31.85 38.88 4800080	
1080.36 31.85 38.82 4806630	
1075.61 31.84 38.79 4813177	
1069.46 31.87 38.81 4819726	
1050.33 31.87 38.83 4826273	
1034.65 31.85 38.89 4832821	
1026.91 31.85 38.93 4839370	
1022.76 31.85 38.88 4845918	
1023.74 31.87 38.87 4852466	
1023.97 31.84 38.93 4859015	
1028.61 31.83 38.85 4865562	
1030.76 31.87 38.83 4872112	
1031.43 31.84 38.82 4878659	
1030.16 31.85 38.87 4885210	
1029.12 31.85 38.90 4891758	
1029.77 31.84 38.88 4898306	
1030.75 31.84 38.83 4904855	
1031.18 31.87 38.83 4911403	
1029.63 31.85 38.79 4917950	
1028.82 31.85 38.73 4924498	
1027.00 31.84 38.69 4931046	
1025.27 31.84 38.70 4937594	
1022.25 31.87 38.72 4944143	
1019.21 31.85 38.73 4950691	
1013.51 31.84 38.73 4957240	
1007.33 31.84 38.71 4963787	
1000.92 31.83 38.67 4970335	
992.98 31.84 38.66 4976883	
990.04 31.81 38.60 4983431	
981.96 31.84 38.64 4989979	
978.78 31.85 38.73 4996527	
974.75 31.83 38.76 5003077	
973.73 31.83 38.81 5009626	
971.04 31.84 38.82 5016173	
970.54 31.85 38.82 5022745	
970.34 31.81 38.73 5029294	
971.60 31.81 38.70 5035841	
972.95 31.81 38.67 5042390	
970.79 31.83 38.65 5048937	
968.53 31.81 38.68 5055484	
965.18 31.83 38.75 5062034	
964.05 31.85 38.79 5068581	
963.33 31.84 38.78 5075130	
964.45 31.84 38.78 5081678	
965.02 31.83 38.72 5088226	
965.11 31.83 38.72 5094774	
966.13 31.83 38.66 5101322	
966.04 31.83 38.76 5107869	
967.08 31.83 38.69 5114421	
966.86 31.83 38.67 5120968	
965.81 31.84 38.61 5127518	
964.62 31.83 38.65 5134066	
964.43 31.84 38.65 5140614	
963.07 31.83 38.70 5147162	
961.78 31.84 38.69 5153710	
961.75 31.83 38.70 5160257	
963.35 31.85 38.73 5166806	
963.58 31.83 38.64 5173353	
963.47 31.85 38.64 5179901	
962.69 31.84 38.69 5186449	
962.29 31.84 38.66 5192996	
961.71 31.84 38.66 5199545	
962.42 31.84 38.61 5206092	
961.15 31.81 38.59 5212642	
961.08 31.84 38.60 5219190	
960.39 31.84 38.50 5225738	
960.56 31.84 38.46 5232289	
959.98 31.84 38.41 5238837	
957.76 31.85 38.43 5245384	
955.79 31.84 38.42 5251933	
953.33 31.83 38.49 5258480	
951.87 31.84 38.47 5265030	
950.69 31.84 38.35 5271578	
948.34 31.84 38.40 5278126	
944.52 31.84 38.49 5284674	
941.97 31.83 38.55 5291222	
943.75 31.84 38.50 5297769	
943.95 31.83 38.47 5304317	
937.00 31.84 38.33 5310865	
933.66 31.84 38.26 5317413	
926.83 31.84 38.31 5323961	
917.50 31.84 38.35 5330508	
913.30 31.83 38.26 5337057	
909.71 31.84 38.33 5343604	
902.31 31.85 38.39 5350149	
899.16 31.81 38.38 5356697	
897.74 31.84 38.45 5363245	
897.08 31.84 38.41 5369793	
895.96 31.84 38.40 5376340	
894.84 31.85 38.33 5382888	
895.52 31.85 38.34 5389436	
895.70 31.80 38.28 5395984	
894.27 31.81 38.28 5402532	
895.05 31.84 38.33 5409082	
893.26 31.83 38.41 5415629	
892.69 31.81 38.43 5422178	
893.27 31.81 38.46 5428725	
894.04 31.84 38.39 5435272	
894.50 31.85 38.40 5441821	
894.13 31.84 38.39 5448369	
894.46 31.85 38.34 5454917	
893.50 31.83 38.28 5461469	
893.45 31.85 38.25 5468016	
892.52 31.83 38.32 5474565	
890.57 31.84 38.35 5481112	
888.95 31.83 38.37 5487660	
888.19 31.84 38.36 5494209	
887.59 31.84 38.35 5500755	
886.92 31.84 38.24 5507305	
885.94 31.84 38.20 5513853	
884.70 31.85 38.31 5520408	
884.51 31.85 38.33 5526957	
884.05 31.83 38.26 5533504	
884.08 31.85 38.20 5540051	
883.17 31.83 38.25 5546600	
881.74 31.83 38.16 5553147	
880.21 31.84 38.21 5559697	
880.04 31.83 38.19 5566244	
879.13 31.83 38.20 5572791	
876.72 31.83 38.16 5579343	
874.89 31.84 38.14 5585891	
872.67 31.84 38.05 5592439	
869.35 31.83 38.12 5598988	
864.86 31.83 38.15 5605535	
863.40 31.81 38.13 5612084	
862.98 31.81 38.13 5618631	
861.23 31.81 38.17 5625179	
860.96 31.83 38.17 5631727	
859.90 31.81 38.19 5638275	
859.32 31.83 38.25 5644824	
858.11 31.80 38.21 5651373	
858.88 31.83 38.19 5657920	
858.55 31.81 38.14 5664468	
857.85 31.81 38.19 5671016	
856.94 31.78 38.01 5677563	
856.50 31.80 37.97 5684112	
855.11 31.80 38.03 5690662	
854.11 31.81 38.05 5697211	
852.66 31.80 38.02 5703759	
850.31 31.81 38.08 5710307	
849.25 31.80 38.07 5716856	
847.31 31.83 38.07 5723403	
845.00 31.81 38.02 5729950	
842.84 31.80 37.99 5736500	
840.01 31.80 38.03 5743047	
839.22 31.83 38.13 5749618	
837.41 31.83 38.15 5756166	
836.13 31.80 38.19 5762713	
836.90 31.84 38.21 5769262	
838.69 31.81 38.19 5775809	
839.70 31.83 38.20 5782358	
840.98 31.83 38.12 5788906	
841.32 31.83 38.07 5795453	
841.39 31.80 38.07 5802002	
841.05 31.83 38.08 5808553	
840.91 31.81 38.07 5815101	
840.94 31.84 38.05 5821649	
840.29 31.83 38.07 5828197	
839.97 31.83 38.06 5834745	
839.57 31.83 38.08 5841293	
839.19 31.83 38.12 5847840	
839.38 31.83 38.12 5854389	
840.50 31.85 38.15 5860936	
840.70 31.83 38.11 5867485	
840.51 31.84 38.00 5874034	
839.56 31.84 38.05 5880582	
839.60 31.83 38.07 5887130	
839.02 31.84 38.11 5893678	
839.02 31.84 38.01 5900225	
839.02 31.83 38.06 5906774	
838.41 31.80 37.98 5913321	
837.26 31.81 37.95 5919869	
836.11 31.81 37.96 5926422	
835.21 31.83 37.93 5932969	
835.95 31.81 37.98 5939518	
834.66 31.83 38.03 5946065	
833.75 31.83 38.07 5952613	
832.76 31.84 38.10 5959161	
831.64 31.85 38.09 5965709	
831.08 31.83 38.07 5972257	
831.14 31.83 38.06 5978806	
830.40 31.84 38.01 5985353	
830.07 31.84 37.95 5991902	
829.56 31.84 37.95 5998449	
829.57 31.84 37.98 6004997	
830.53 31.84 38.01 6011545	
830.18 31.84 38.07 6018093	
829.95 31.84 38.10 6024641	
830.56 31.85 38.07 6031188	
831.00 31.84 38.10 6037739	
832.24 31.84 38.10 6044288	
