580.27 31.28 37.29 908	
581.49 31.30 37.25 2991	
584.20 31.36 37.07 5015	
583.78 31.40 37.01 7040	
586.47 31.43 36.94 9063	
588.51 31.47 36.84 11087	
589.36 31.53 36.67 13113	
590.16 31.53 36.25 15137	
591.40 31.60 35.93 19162	
595.97 31.71 36.47 23950	
618.88 31.81 36.97 30498	
797.70 31.95 36.60 37047	
806.61 32.04 35.93 43595	
791.28 32.15 35.59 50144	
772.24 32.30 35.31 56692	
745.73 32.39 35.02 63241	
701.41 32.53 34.80 69789	
673.06 32.64 34.66 76338	
658.24 32.73 34.48 82886	
645.02 32.82 34.37 89435	
641.23 32.97 34.21 95986	
635.30 33.04 34.12 102535	
631.55 33.14 33.98 109083	
626.93 33.23 33.96 115632	
623.62 33.36 33.91 122180	
622.60 33.42 33.75 128728	
618.73 33.53 33.61 135275	
617.53 33.60 33.51 141821	
614.95 33.68 33.42 148369	
613.83 33.78 33.36 154916	
611.80 33.87 33.35 161464	
611.96 33.94 33.10 168011	
613.55 34.01 33.01 174558	
613.63 34.08 32.89 181105	
615.07 34.16 32.77 187653	
614.06 34.22 32.70 194200	
613.83 34.29 32.57 200747	
613.93 34.40 32.48 207294	
613.57 34.44 32.38 213844	
615.05 34.53 32.25 220392	
615.78 34.59 32.15 226940	
615.21 34.64 32.19 233490	
617.16 34.73 32.21 240038	
618.61 34.77 32.22 246587	
620.31 34.81 32.14 253135	
621.46 34.90 32.07 259684	
622.85 34.97 32.01 266232	
624.88 35.01 31.92 272781	
626.77 35.04 31.90 279329	
630.03 35.09 31.71 285878	
631.44 35.15 31.65 292426	
632.45 35.22 31.61 298975	
632.94 35.25 31.45 305523	
633.59 35.30 31.41 312072	
633.99 35.35 31.36 318620	
635.09 35.40 31.32 325169	
635.42 35.46 31.31 331719	
636.92 35.50 31.18 338267	
637.77 35.56 31.12 344814	
638.63 35.63 31.06 351362	
638.94 35.69 30.92 357909	
638.38 35.74 30.96 364455	
639.42 35.76 30.88 371003	
639.73 35.81 30.88 377550	
640.95 35.85 30.90 384098	
642.34 35.91 30.97 390645	
643.38 35.99 31.03 397192	
645.02 36.08 31.02 403739	
649.36 36.15 30.96 410287	
656.35 36.29 30.89 416834	
663.21 36.42 30.78 423383	
669.68 36.51 30.68 429931	
678.09 36.58 30.57 436480	
687.91 36.64 30.53 443028	
699.09 36.74 30.51 449576	
711.13 36.83 30.59 456129	
720.23 36.98 30.41 462678	
722.97 37.07 30.14 469226	
726.78 37.16 30.00 475774	
731.99 37.21 29.84 482323	
735.72 37.28 29.75 488871	
738.39 37.35 29.71 495420	
740.58 37.39 29.64 501968	
739.03 37.47 29.62 508517	
739.78 37.60 29.65 515065	
738.98 37.76 29.59 521613	
737.59 37.90 29.51 528160	
736.80 38.08 29.33 534707	
734.71 38.25 29.13 541254	
733.37 38.43 28.88 547802	
732.30 38.57 28.66 554349	
730.51 38.70 28.52 560897	
728.89 38.87 28.34 567443	
728.57 39.01 28.30 573993	
727.34 39.12 28.12 580541	
727.45 39.19 27.89 587088	
726.42 39.30 27.82 593636	
727.26 39.42 27.70 600183	
726.17 39.53 27.48 606730	
725.10 39.60 27.35 613278	
724.45 39.67 27.24 619827	
724.70 39.71 27.16 626375	
724.20 39.73 27.08 632924	
724.04 39.78 27.01 639472	
722.24 39.81 26.91 646021	
722.44 39.88 26.95 652570	
722.34 39.94 26.97 659118	
722.62 39.97 27.05 665667	
722.80 39.99 26.94 672216	
723.43 39.98 26.89 678764	
724.35 39.99 26.84 685329	
726.22 39.98 26.87 691880	
727.35 39.98 26.89 698436	
729.21 39.99 26.86 704984	
731.14 40.01 26.89 711530	
733.26 40.02 26.82 718077	
735.26 40.02 26.81 724625	
737.08 40.02 26.82 731172	
738.90 40.01 26.86 737719	
740.93 39.99 26.81 744266	
743.04 39.98 26.84 750814	
743.76 39.92 26.84 757361	
744.83 39.91 26.87 763909	
747.21 39.87 26.95 770456	
749.29 39.86 26.98 777003	
751.88 39.83 26.99 783550	
754.20 39.80 26.97 790098	
756.67 39.77 27.02 796647	
757.90 39.75 27.05 803195	
759.06 39.74 27.04 809748	
760.86 39.68 27.14 816296	
763.15 39.66 27.10 822845	
766.22 39.64 27.17 829393	
767.24 39.60 27.25 835942	
772.03 39.60 27.32 842490	
774.61 39.56 27.30 849039	
779.48 39.56 27.33 855587	
785.21 39.50 27.41 862136	
796.35 39.49 27.29 868684	
802.54 39.47 27.44 875239	
806.67 39.45 27.50 881786	
811.07 39.43 27.47 888334	
811.67 39.42 27.47 894881	
813.45 39.43 27.50 901428	
815.02 39.42 27.61 907976	
816.88 39.42 27.68 914523	
819.67 39.45 27.76 921070	
821.75 39.53 27.64 927618	
823.25 39.63 27.66 934168	
824.08 39.73 27.69 940715	
824.37 39.86 27.60 947262	
823.56 39.97 27.53 953809	
824.54 40.16 27.41 960357	
825.08 40.32 27.32 966905	
824.12 40.43 27.30 973454	
826.37 40.56 27.14 980002	
827.72 40.67 26.97 986551	
829.89 40.80 26.92 993099	
833.34 40.93 26.81 999648	
836.28 41.01 26.67 1006196	
837.02 41.13 26.68 1012746	
840.18 41.25 26.57 1019294	
842.77 41.36 26.51 1025843	
844.50 41.46 26.36 1032391	
845.77 41.57 26.33 1038940	
848.50 41.70 26.36 1045488	
849.94 41.83 26.27 1052040	
853.17 41.94 26.18 1058587	
854.92 42.05 26.10 1065135	
857.56 42.18 26.00 1071682	
861.74 42.29 25.96 1078230	
864.30 42.40 25.87 1084776	
864.73 42.51 25.74 1091323	
867.84 42.60 25.67 1097871	
871.43 42.73 25.54 1104418	
873.68 42.84 25.49 1110966	
874.94 42.94 25.36 1117513	
877.65 43.06 25.25 1124060	
882.53 43.16 25.16 1130607	
885.48 43.27 25.12 1137156	
887.91 43.37 24.91 1143705	
888.86 43.49 24.89 1150254	
891.55 43.56 24.84 1156802	
896.15 43.67 24.77 1163354	
902.23 43.77 24.78 1169902	
909.74 43.84 24.63 1176452	
915.89 43.94 24.53 1183000	
916.62 44.01 24.39 1189549	
919.49 44.09 24.43 1196097	
921.23 44.18 24.29 1202646	
924.04 44.23 24.26 1209194	
929.64 44.33 24.23 1215742	
937.22 44.42 24.20 1222291	
945.05 44.47 24.17 1228838	
951.16 44.54 24.13 1235386	
959.37 44.60 24.03 1241933	
963.53 44.69 23.91 1248480	
972.65 44.74 23.86 1255027	
975.32 44.81 23.77 1261575	
980.68 44.87 23.72 1268122	
981.64 44.97 23.64 1274670	
982.04 45.02 23.51 1281220	
980.56 45.05 23.50 1287768	
985.14 45.15 23.50 1294315	
986.84 45.22 23.40 1300861	
987.94 45.29 23.35 1307410	
988.23 45.36 23.26 1313959	
988.07 45.39 23.32 1320508	
987.24 45.46 23.16 1327056	
985.81 45.53 23.16 1333605	
988.17 45.57 23.13 1340153	
990.37 45.63 23.19 1346702	
993.03 45.69 23.15 1353250	
995.49 45.73 23.10 1359799	
999.34 45.77 23.09 1366347	
1004.91 45.83 23.04 1372896	
1012.65 45.90 22.93 1379444	
1021.68 45.92 22.82 1385994	
1028.61 45.98 22.83 1392540	
1037.01 46.01 22.85 1399092	
1038.66 46.08 22.81 1405638	
1041.73 46.12 22.80 1412186	
1045.39 46.17 22.65 1418733	
1050.98 46.25 22.59 1425281	
1053.98 46.29 22.57 1431828	
1053.08 46.35 22.52 1438375	
1052.40 46.36 22.45 1444939	
1051.33 46.45 22.38 1451487	
1050.23 46.50 22.35 1458035	
1048.86 46.56 22.33 1464585	
1048.44 46.62 22.33 1471133	
1049.32 46.63 22.27 1477682	
1050.15 46.69 22.18 1484230	
1049.79 46.73 22.16 1490779	
1050.04 46.77 22.18 1497334	
1052.10 46.81 22.15 1503884	
1054.54 46.86 22.09 1510435	
1056.07 46.91 22.01 1516984	
1057.69 46.91 21.95 1523533	
1059.20 46.93 21.91 1530082	
1060.03 46.90 21.93 1536630	
1063.07 46.89 21.97 1543179	
1065.95 46.83 21.98 1549726	
1072.34 46.74 21.87 1556274	
1094.51 46.66 21.97 1562821	
1106.09 46.55 22.00 1569369	
1113.70 46.43 22.18 1575915	
1120.39 46.38 22.27 1582462	
1121.73 46.35 22.30 1589010	
1121.90 46.36 22.30 1595557	
1120.31 46.41 22.23 1602105	
1116.67 46.43 22.18 1608652	
1115.07 46.45 22.22 1615200	
1112.32 46.43 22.18 1621751	
1111.27 46.42 22.16 1628301	
1113.63 46.42 22.27 1634849	
1115.41 46.41 22.34 1641398	
1118.38 46.39 22.30 1647946	
1119.33 46.33 22.34 1654495	
1122.44 46.31 22.39 1661043	
1124.87 46.26 22.48 1667593	
1128.95 46.28 22.40 1674141	
1132.90 46.29 22.46 1680690	
1134.68 46.32 22.37 1687238	
1135.34 46.33 22.26 1693787	
1134.42 46.39 22.28 1700336	
1133.82 46.49 22.26 1706883	
1130.88 46.50 22.18 1713430	
1130.46 46.56 22.13 1719977	
1129.86 46.63 22.12 1726525	
1127.76 46.67 22.07 1733075	
1126.85 46.73 22.05 1739623	
1123.93 46.76 21.98 1746170	
1122.61 46.81 21.93 1752718	
1120.14 46.87 21.77 1759265	
1118.29 46.93 21.82 1765813	
1116.11 46.97 21.77 1772360	
1114.63 47.05 21.72 1778908	
1113.94 47.08 21.69 1785456	
1112.89 47.11 21.71 1792005	
1111.66 47.17 21.68 1798553	
1112.33 47.21 21.71 1805103	
1112.73 47.27 21.61 1811651	
1113.70 47.29 21.64 1818200	
1113.02 47.32 21.67 1824748	
1114.36 47.39 21.63 1831297	
1114.62 47.45 21.57 1837845	
1115.73 47.46 21.57 1844398	
1115.22 47.51 21.49 1850946	
1115.07 47.56 21.53 1857495	
1116.61 47.59 21.46 1864043	
1118.54 47.62 21.39 1870598	
1119.92 47.65 21.35 1877144	
1120.41 47.69 21.34 1883692	
1121.33 47.72 21.27 1890239	
1121.25 47.79 21.25 1896786	
1121.39 47.80 21.29 1903334	
1122.83 47.84 21.28 1909881	
1123.87 47.88 21.21 1916429	
1124.00 47.91 21.15 1922976	
1124.25 47.94 21.12 1929524	
1124.45 47.98 21.08 1936071	
1124.57 48.01 21.12 1942619	
1126.09 48.06 21.12 1949165	
1127.61 48.10 21.07 1955718	
1129.68 48.14 21.05 1962266	
1129.27 48.14 20.96 1968815	
1130.99 48.18 20.96 1975363	
1132.10 48.22 20.88 1981913	
1135.01 48.24 20.95 1988461	
1136.76 48.27 20.84 1995010	
1139.50 48.29 20.86 2001558	
1140.62 48.32 20.81 2008107	
1142.15 48.34 20.73 2014655	
1143.19 48.36 20.63 2021203	
1144.45 48.41 20.63 2027753	
1146.32 48.44 20.59 2034301	
1146.89 48.45 20.67 2040849	
1147.08 48.45 20.63 2047396	
1147.88 48.48 20.65 2053944	
1147.52 48.49 20.63 2060490	
1148.83 48.51 20.67 2067042	
1149.41 48.53 20.69 2073589	
1151.49 48.58 20.66 2080136	
1153.55 48.55 20.64 2086683	
1155.65 48.58 20.59 2093231	
1156.79 48.59 20.59 2099778	
1160.48 48.59 20.66 2106326	
1162.75 48.65 20.59 2112873	
1164.52 48.63 20.59 2119421	
1165.98 48.68 20.63 2125970	
1168.10 48.72 20.59 2132518	
1169.46 48.72 20.63 2139068	
1169.43 48.72 20.54 2145616	
1170.26 48.73 20.57 2152165	
1171.89 48.79 20.56 2158713	
1172.99 48.79 20.61 2165262	
1174.54 48.80 20.60 2171810	
1177.42 48.81 20.54 2178363	
1180.05 48.85 20.58 2184911	
1183.86 48.85 20.62 2191460	
1187.89 48.87 20.62 2198008	
1191.15 48.90 20.64 2204556	
1195.06 48.90 20.57 2211120	
1199.54 48.94 20.59 2217667	
1208.50 48.94 20.61 2224215	
1240.23 48.94 20.62 2230762	
1260.94 48.97 20.52 2237309	
1269.10 48.98 20.52 2243857	
1272.97 49.00 20.46 2250404	
1274.77 49.01 20.56 2256952	
1276.22 49.04 20.52 2263498	
1274.96 49.07 20.43 2270046	
1271.56 49.08 20.48 2276593	
1268.42 49.08 20.41 2283142	
1265.80 49.10 20.45 2289694	
1262.96 49.14 20.42 2296250	
1262.74 49.13 20.49 2302798	
1263.51 49.14 20.36 2309347	
1262.08 49.17 20.40 2315895	
1260.30 49.18 20.40 2322444	
1261.14 49.20 20.42 2328992	
1262.78 49.21 20.34 2335542	
1263.10 49.23 20.42 2342090	
1263.68 49.24 20.35 2348639	
1265.34 49.28 20.40 2355187	
1266.54 49.25 20.38 2361736	
1266.63 49.28 20.31 2368283	
1265.98 49.31 20.37 2374831	
1268.71 49.30 20.32 2381378	
1269.07 49.31 20.39 2387926	
1270.42 49.31 20.43 2394473	
1272.37 49.34 20.35 2401024	
1272.97 49.32 20.29 2407571	
1273.79 49.35 20.19 2414118	
1271.66 49.35 20.17 2420666	
1271.77 49.37 20.30 2427213	
1272.50 49.37 20.26 2433760	
1271.71 49.38 20.26 2440307	
1270.47 49.38 20.19 2446857	
1270.12 49.38 20.28 2453405	
1269.66 49.39 20.19 2459954	
1270.70 49.42 20.30 2466502	
1271.96 49.44 20.21 2473051	
1273.19 49.44 20.25 2479599	
1273.38 49.45 20.01 2486149	
1274.55 49.44 20.14 2492697	
1277.06 49.48 20.18 2499246	
1277.95 49.47 20.14 2505794	
1279.35 49.48 20.08 2512346	
1279.21 49.49 20.10 2518895	
1279.31 49.49 20.10 2525444	
1280.07 49.51 20.12 2531992	
1280.58 49.53 20.07 2538540	
1281.31 49.53 20.16 2545087	
1282.58 49.56 19.96 2551634	
1282.13 49.56 19.96 2558182	
1282.09 49.56 20.09 2564729	
1283.29 49.58 20.18 2571277	
1284.38 49.58 20.27 2577823	
1285.53 49.58 20.26 2584371	
1286.48 49.59 20.15 2590918	
1287.45 49.61 20.17 2597466	
1289.39 49.59 20.00 2604013	
1289.97 49.62 19.96 2610562	
1290.17 49.63 19.96 2617110	
1291.77 49.63 20.00 2623663	
1291.07 49.63 20.02 2630211	
1290.42 49.65 20.07 2636760	
1291.11 49.65 20.04 2643308	
1290.54 49.66 20.21 2649857	
1290.82 49.65 20.17 2656405	
1292.07 49.66 20.19 2662955	
1292.00 49.69 20.19 2669503	
1293.36 49.69 20.19 2676051	
1295.11 49.69 20.23 2682600	
1296.31 49.69 20.23 2689148	
1297.27 49.69 20.17 2695696	
1298.36 49.72 20.21 2702243	
1299.30 49.72 20.27 2708791	
1301.27 49.71 20.36 2715338	
1301.95 49.72 20.14 2721886	
1303.28 49.73 20.28 2728433	
1307.00 49.75 20.30 2734984	
1311.73 49.76 20.39 2741531	
1317.72 49.75 20.21 2748079	
1320.02 49.75 20.25 2754626	
1325.05 49.79 20.34 2761172	
1330.01 49.79 20.34 2767720	
1331.58 49.79 20.25 2774268	
1332.55 49.79 20.10 2780817	
1334.65 49.82 20.03 2787366	
1336.87 49.78 20.07 2793915	
1339.51 49.84 20.24 2800463	
1342.02 49.84 20.18 2807012	
1341.83 49.84 20.24 2813560	
1344.34 49.86 20.26 2820109	
1344.70 49.84 20.14 2826657	
1345.55 49.84 20.10 2833206	
1348.54 49.87 20.05 2839755	
1349.18 49.87 19.79 2846304	
1348.98 49.87 19.94 2852855	
1347.96 49.91 20.13 2859404	
1346.81 49.89 20.24 2865951	
1347.55 49.91 20.20 2872499	
1349.37 49.91 20.17 2879046	
1350.81 49.96 20.26 2885594	
1351.37 49.94 20.32 2892141	
1354.72 49.96 20.22 2898688	
1357.80 49.96 20.15 2905235	
1359.58 49.96 20.24 2911782	
1362.16 50.00 20.22 2918330	
1364.52 49.97 20.26 2924877	
1367.40 50.00 20.34 2931425	
1372.24 50.00 20.19 2937972	
1374.66 50.00 20.26 2944521	
1376.84 50.02 20.21 2951069	
1378.87 50.02 20.15 2957618	
1380.45 50.02 20.11 2964169	
1382.10 50.05 20.01 2970734	
1383.92 50.03 19.95 2977283	
1386.37 50.05 20.01 2983831	
1386.40 50.06 20.01 2990380	
1385.75 50.07 20.05 2996929	
1385.36 50.06 20.06 3003478	
1387.62 50.07 20.18 3010026	
1388.93 50.07 19.97 3016574	
1391.33 50.06 20.06 3023123	
1392.08 50.09 20.16 3029670	
1393.83 50.09 20.05 3036218	
1393.16 50.10 20.07 3042765	
1393.82 50.10 20.07 3049313	
1393.02 50.09 19.97 3055859	
1393.24 50.10 19.99 3062407	
1392.78 50.09 19.99 3068954	
1392.81 50.11 19.96 3075505	
1393.64 50.10 19.94 3082052	
1393.68 50.11 19.94 3088600	
1392.47 50.13 19.96 3095154	
1392.15 50.11 20.01 3101702	
1391.25 50.10 20.01 3108250	
1389.83 50.11 19.86 3114799	
1389.41 50.13 19.94 3121347	
1388.99 50.14 19.81 3127896	
1387.21 50.14 19.98 3134444	
1386.34 50.13 19.92 3140993	
1386.87 50.15 19.90 3147542	
1386.25 50.17 19.90 3154091	
1386.49 50.15 20.00 3160639	
1385.74 50.17 19.98 3167187	
1385.71 50.13 20.05 3173736	
1386.24 50.14 20.05 3180284	
1386.61 50.17 20.05 3186837	
1387.29 50.15 19.92 3193384	
1386.78 50.17 20.00 3199932	
1387.65 50.18 20.05 3206479	
1388.29 50.18 20.12 3213026	
1389.20 50.15 20.14 3219573	
1389.89 50.18 20.18 3226121	
1390.61 50.18 20.12 3232668	
1392.66 50.17 20.00 3239216	
1394.67 50.18 20.16 3245762	
1394.91 50.17 20.12 3252310	
1398.91 50.17 20.11 3258857	
1399.16 50.15 20.12 3265405	
1401.65 50.17 20.07 3271954	
1404.16 50.17 20.22 3278502	
1407.19 50.15 20.29 3285052	
1410.87 50.17 20.27 3291600	
1413.55 50.15 20.20 3298152	
1418.56 50.14 20.31 3304700	
1421.97 50.13 20.34 3311249	
1426.72 50.13 20.40 3317798	
1432.73 50.15 20.38 3324347	
1440.19 50.14 20.38 3330895	
1442.89 50.13 20.44 3337444	
1449.17 50.13 20.48 3343992	
1454.31 50.13 20.31 3350541	
1457.20 50.14 20.33 3357088	
1462.82 50.10 20.38 3363636	
1468.14 50.11 20.36 3370183	
1471.22 50.11 20.42 3376730	
1477.45 50.11 20.42 3383277	
1479.28 50.10 20.38 3389825	
1481.70 50.11 20.32 3396372	
1481.08 50.10 20.38 3402919	
1479.82 50.11 20.32 3409470	
1479.66 50.10 20.31 3416017	
1475.78 50.10 20.23 3422565	
1474.82 50.10 20.21 3429113	
1472.59 50.11 20.21 3435662	
1471.08 50.05 20.21 3442210	
1471.44 49.99 20.30 3448759	
1474.49 49.91 20.28 3455308	
1476.38 49.82 20.31 3461857	
1478.11 49.71 20.28 3468405	
1480.24 49.58 20.35 3474954	
1482.54 49.42 20.43 3481502	
1484.91 49.37 20.50 3488051	
1483.72 49.24 20.44 3494599	
1480.89 49.11 20.56 3501148	
1479.88 49.03 20.65 3507696	
1477.74 48.92 20.73 3514251	
1475.30 48.87 20.71 3520802	
1472.10 48.87 20.89 3527349	
1466.66 48.89 20.94 3533896	
1458.32 48.89 20.94 3540444	
1452.82 48.90 20.95 3546991	
1449.09 48.93 20.96 3553538	
1447.37 48.92 21.01 3560085	
1446.13 48.96 20.94 3566632	
1449.65 48.97 20.98 3573180	
1452.28 49.00 21.05 3579726	
1454.04 49.01 21.03 3586274	
1454.70 49.04 21.13 3592822	
1455.90 49.08 21.00 3599371	
1458.63 49.11 20.98 3605919	
1460.40 49.13 20.97 3612468	
1463.18 49.14 21.00 3619016	
1463.31 49.15 20.88 3625565	
1463.90 49.20 20.94 3632116	
1462.18 49.18 20.79 3638665	
1462.76 49.21 20.90 3645214	
1463.08 49.23 20.92 3651763	
1463.33 49.25 20.94 3658311	
1464.28 49.27 20.90 3664860	
1465.57 49.28 20.90 3671408	
1465.87 49.27 20.94 3677957	
1467.16 49.31 20.98 3684504	
1469.58 49.35 20.96 3691052	
1471.07 49.34 20.89 3697599	
1472.06 49.35 20.83 3704146	
1471.90 49.37 20.76 3710693	
1471.40 49.38 20.87 3717240	
1470.93 49.38 20.89 3723789	
1471.89 49.37 20.91 3730336	
1472.14 49.41 21.00 3736899	
1472.99 49.41 21.04 3743451	
1472.97 49.44 21.06 3749998	
1474.39 49.45 21.08 3756546	
1476.27 49.47 21.04 3763094	
1477.02 49.47 20.97 3769643	
1478.86 49.48 21.01 3776191	
1480.05 49.49 20.95 3782739	
1481.16 49.49 20.88 3789288	
1482.64 49.52 20.86 3795837	
1482.21 49.51 20.92 3802386	
1481.90 49.51 20.88 3808934	
1481.65 49.52 20.93 3815483	
1480.74 49.53 20.81 3822032	
1481.02 49.55 20.83 3828581	
1480.96 49.53 20.88 3835129	
1481.61 49.56 20.83 3841678	
1480.60 49.59 20.87 3848225	
1480.69 49.56 20.84 3854776	
1478.88 49.59 20.72 3861323	
1478.40 49.62 20.70 3867871	
1477.90 49.62 20.77 3874418	
1478.01 49.62 20.85 3880966	
1477.52 49.63 21.00 3887513	
1479.03 49.63 21.00 3894068	
1479.80 49.63 21.00 3900615	
1479.93 49.65 21.00 3907163	
1479.78 49.62 20.96 3913710	
1482.50 49.63 20.92 3920258	
1483.65 49.66 21.02 3926806	
1484.45 49.68 20.97 3933355	
1484.51 49.69 21.02 3939903	
1484.03 49.69 20.98 3946452	
1484.91 49.69 20.87 3953001	
1486.00 49.69 20.67 3959549	
1486.93 49.69 20.82 3966102	
1488.54 49.66 20.87 3972651	
1488.41 49.69 20.78 3979199	
1487.87 49.69 20.82 3985747	
1486.86 49.71 20.76 3992297	
1486.09 49.73 20.82 3998845	
1486.56 49.71 20.67 4005394	
1486.52 49.72 20.76 4011941	
1486.71 49.72 20.78 4018489	
1485.70 49.73 20.74 4025036	
1484.57 49.72 20.72 4031584	
1484.07 49.75 20.75 4038131	
1482.77 49.76 20.75 4044679	
1482.19 49.75 20.73 4051226	
1483.61 49.79 20.71 4057774	
1484.01 49.76 20.73 4064321	
1482.82 49.79 20.77 4070868	
1483.17 49.79 20.69 4077419	
1482.71 49.82 20.73 4083966	
1484.26 49.84 20.73 4090515	
1484.57 49.84 20.86 4097063	
1486.41 49.83 20.77 4103612	
1487.58 49.86 20.84 4110161	
1489.75 49.86 20.73 4116710	
1491.04 49.87 20.70 4123258	
1491.22 49.87 20.77 4129807	
1493.95 49.89 20.83 4136356	
1495.06 49.89 20.77 4142905	
1497.21 49.87 20.77 4149453	
1498.73 49.86 20.59 4156002	
1500.14 49.87 20.64 4162550	
1499.88 49.87 20.68 4169099	
1499.92 49.89 20.70 4175646	
1500.87 49.86 20.77 4182194	
1501.24 49.87 20.77 4188744	
1502.85 49.87 20.73 4195292	
1503.08 49.87 20.81 4201840	
1503.75 49.83 20.77 4208387	
1506.35 49.86 20.90 4214935	
1510.36 49.87 20.84 4221483	
1513.02 49.84 20.84 4228030	
1519.25 49.84 20.83 4234576	
1520.03 49.83 20.83 4241124	
1520.84 49.82 20.88 4247672	
1519.78 49.80 20.79 4254221	
1521.51 49.79 20.82 4260769	
1521.48 49.82 20.84 4267318	
1521.17 49.80 20.81 4273866	
1521.74 49.82 20.84 4280415	
1521.41 49.79 20.88 4286964	
1520.08 49.79 20.77 4293513	
1521.16 49.79 20.82 4300064	
1521.50 49.79 20.73 4306613	
1520.59 49.79 20.81 4313162	
1519.35 49.79 20.82 4319711	
1520.71 49.78 20.84 4326259	
1521.39 49.78 20.93 4332808	
1521.57 49.78 20.82 4339355	
1523.25 49.78 20.82 4345903	
1523.79 49.79 20.82 4352450	
1526.57 49.78 20.82 4358998	
1529.75 49.78 20.73 4365545	
1534.13 49.76 20.75 4372092	
1536.93 49.76 20.77 4378640	
1541.25 49.75 20.78 4385187	
1542.35 49.76 20.80 4391735	
1544.62 49.75 20.84 4398281	
1547.58 49.73 20.88 4404829	
1549.42 49.75 20.82 4411380	
1550.95 49.75 20.73 4417929	
1551.85 49.71 20.74 4424477	
1552.01 49.71 20.74 4431026	
1552.80 49.71 20.80 4437574	
1552.86 49.69 20.76 4444124	
1553.39 49.69 20.94 4450672	
1555.96 49.69 20.91 4457221	
1556.50 49.68 20.94 4463769	
1558.36 49.71 20.87 4470318	
1557.21 49.71 20.91 4476867	
1557.69 49.68 20.87 4483416	
1558.06 49.71 20.83 4489964	
1559.32 49.72 20.83 4496529	
1559.77 49.71 20.85 4503076	
1562.32 49.71 20.82 4509624	
1562.95 49.69 20.70 4516171	
1562.42 49.72 20.65 4522719	
1562.20 49.72 20.69 4529269	
1561.46 49.71 20.69 4535817	
1561.15 49.69 20.74 4542364	
1562.03 49.71 20.65 4548912	
1562.96 49.72 20.72 4555459	
1563.19 49.71 20.76 4562007	
1563.95 49.71 20.69 4568554	
1564.87 49.73 20.58 4575101	
1564.32 49.75 20.73 4581649	
1564.28 49.75 20.73 4588197	
1564.36 49.72 20.78 4594746	
1563.86 49.73 20.80 4601294	
1564.13 49.75 20.71 4607844	
1564.75 49.73 20.76 4614392	
1567.43 49.73 20.78 4620941	
1567.11 49.73 20.80 4627489	
1566.73 49.75 20.82 4634039	
1568.13 49.76 20.75 4640590	
1569.50 49.73 20.84 4647139	
1569.47 49.76 20.84 4653687	
1570.38 49.75 20.78 4660236	
1572.87 49.75 20.89 4666785	
1574.15 49.75 20.89 4673333	
1574.02 49.73 20.78 4679880	
1575.16 49.71 20.80 4686427	
1575.33 49.73 20.76 4692981	
1574.52 49.72 20.76 4699529	
1573.79 49.71 20.72 4706076	
1573.80 49.72 20.76 4712624	
1573.18 49.71 20.85 4719171	
1571.89 49.71 20.74 4725720	
1572.13 49.73 20.78 4732266	
1572.45 49.68 20.81 4738813	
1572.91 49.71 21.00 4745361	
1575.31 49.71 21.17 4751913	
1577.59 49.69 21.00 4758462	
1581.05 49.71 21.06 4765010	
1584.99 49.71 20.97 4771559	
1591.93 49.69 20.91 4778108	
1600.97 49.69 21.05 4784657	
1609.49 49.71 21.13 4791205	
1616.40 49.68 21.20 4797754	
1624.47 49.71 21.24 4804302	
1632.25 49.69 21.09 4810852	
1640.94 49.68 21.04 4817400	
1642.27 49.69 21.00 4823949	
1642.93 49.66 21.16 4830497	
1647.01 49.71 21.04 4837046	
1652.02 49.69 21.15 4843593	
1655.08 49.71 21.24 4850141	
1656.29 49.68 21.13 4856688	
1659.65 49.68 21.11 4863239	
1660.71 49.69 21.13 4869786	
1662.36 49.69 21.13 4876334	
1664.35 49.71 21.04 4882881	
1662.80 49.69 21.02 4889428	
1661.33 49.69 21.16 4895976	
1661.63 49.69 21.30 4902523	
1662.47 49.68 21.30 4909070	
1662.83 49.68 21.24 4915618	
1664.86 49.65 21.28 4922167	
1665.64 49.63 21.24 4928715	
1665.23 49.68 21.26 4935264	
1663.87 49.65 21.30 4941812	
1664.73 49.63 21.13 4948361	
1664.14 49.65 21.15 4954910	
1662.56 49.65 21.05 4961459	
1662.24 49.63 21.14 4968007	
1659.27 49.66 21.16 4974559	
1656.87 49.66 21.22 4981108	
1654.55 49.63 21.18 4987657	
1653.91 49.65 21.13 4994205	
1653.52 49.66 21.30 5000754	
1653.34 49.62 21.24 5007302	
1651.73 49.62 21.09 5013852	
1651.14 49.61 21.33 5020399	
1652.34 49.65 21.30 5026947	
1652.86 49.62 21.31 5033494	
1654.10 49.62 21.29 5040041	
1653.68 49.61 21.29 5046589	
1654.26 49.61 21.24 5053136	
1655.21 49.61 21.27 5059684	
1656.70 49.62 21.35 5066231	
1657.34 49.65 21.57 5072778	
1658.88 49.61 21.70 5079325	
1676.40 49.61 21.77 5085877	
1702.79 49.61 21.68 5092426	
1721.99 49.61 21.47 5098975	
1727.83 49.62 21.55 5105523	
1730.20 49.61 21.35 5112073	
1728.65 49.63 21.33 5118621	
1724.07 49.65 21.22 5125170	
1721.48 49.63 21.24 5131718	
1717.90 49.63 21.20 5138267	
1713.65 49.61 21.22 5144816	
1713.57 49.62 21.33 5151365	
1711.43 49.63 21.39 5157913	
1708.85 49.62 21.29 5164462	
1706.76 49.63 21.29 5171010	
1708.33 49.63 21.51 5177559	
1710.82 49.65 21.55 5184107	
1716.50 49.63 21.57 5190654	
1719.35 49.63 21.51 5197206	
1725.20 49.65 21.44 5203753	
1728.38 49.63 21.20 5210300	
1728.59 49.63 21.35 5216847	
1730.56 49.62 21.36 5223395	
1730.79 49.63 21.20 5229942	
1729.38 49.65 21.31 5236490	
1728.73 49.66 21.52 5243037	
1731.19 49.65 21.83 5249585	
1737.79 49.68 22.03 5256148	
1859.37 49.68 22.31 5262696	
2054.47 49.68 22.37 5269244	
2076.30 49.69 22.95 5275793	
2089.27 49.66 22.40 5282341	
2071.28 49.66 22.05 5288890	
2071.50 49.65 22.20 5295439	
2067.91 49.63 22.42 5301988	
2072.06 49.55 22.19 5308539	
2078.05 49.45 22.11 5315088	
2079.23 49.30 22.14 5321637	
2073.45 49.14 22.13 5328186	
2068.22 48.97 21.93 5334734	
2059.06 48.83 21.78 5341283	
2041.49 48.66 21.75 5347831	
1978.51 48.51 21.85 5354379	
1879.07 48.36 21.89 5360926	
1846.55 48.20 22.11 5367474	
1827.46 48.06 22.06 5374021	
1811.91 47.93 22.27 5380569	
1805.27 47.77 22.45 5387115	
1798.64 47.65 22.60 5393662	
1797.32 47.52 22.76 5400210	
1794.67 47.39 22.88 5406757	
1791.99 47.27 22.82 5413305	
1786.61 47.14 22.88 5419855	
1779.90 47.00 23.02 5426403	
1779.07 46.87 23.29 5432951	
1777.22 46.76 23.35 5439500	
1776.61 46.63 23.60 5446049	
1778.32 46.55 23.74 5452598	
1782.43 46.45 23.94 5459146	
1787.29 46.31 24.06 5465695	
1803.76 46.24 24.12 5472243	
1826.69 46.11 24.19 5478792	
1834.79 46.05 24.20 5485341	
1844.73 45.94 24.29 5491897	
1849.13 45.84 24.33 5498445	
1844.37 45.76 24.35 5504994	
1841.63 45.66 24.38 5511542	
1840.16 45.59 24.57 5518091	
1841.06 45.47 24.75 5524638	
1839.15 45.42 24.99 5531190	
1839.36 45.33 25.02 5537737	
1843.90 45.26 25.26 5544284	
1849.15 45.18 25.44 5550831	
1864.82 45.11 25.53 5557379	
1921.27 45.01 25.69 5563926	
1939.06 44.97 25.42 5570473	
1934.48 44.85 25.50 5577021	
1938.49 44.80 25.74 5583568	
1942.38 44.74 25.82 5590115	
1940.54 44.66 25.92 5596662	
1943.28 44.56 26.07 5603211	
1946.39 44.50 26.04 5609760	
1948.90 44.45 26.08 5616309	
1946.85 44.39 26.06 5622857	
1945.38 44.32 26.04 5629406	
1938.40 44.26 26.12 5635954	
1926.09 44.22 26.07 5642507	
1916.40 44.14 26.26 5649055	
1904.45 44.08 26.29 5655604	
1898.64 44.04 26.32 5662152	
1891.75 43.98 26.28 5668701	
1888.94 43.91 26.51 5675249	
1889.75 43.85 26.60 5681799	
1884.72 43.81 26.55 5688347	
1886.66 43.77 26.63 5694895	
1887.80 43.73 26.76 5701441	
1887.75 43.68 26.77 5707988	
1888.50 43.60 26.80 5714536	
1891.07 43.54 26.86 5721083	
1892.96 43.53 27.07 5727631	
1894.26 43.47 27.10 5734178	
1895.07 43.42 27.18 5740726	
1897.78 43.40 27.18 5747273	
1900.31 43.32 27.26 5753824	
1904.60 43.30 27.25 5760370	
1905.99 43.25 27.32 5766918	
1909.62 43.20 27.31 5773465	
1907.81 43.13 27.41 5780015	
1909.21 43.09 27.40 5786563	
1908.72 43.04 27.68 5793112	
1909.44 43.01 27.73 5799660	
1909.96 42.97 27.59 5806209	
1911.19 42.92 27.57 5812757	
1910.88 42.89 27.67 5819305	
1911.44 42.84 27.71 5825854	
1910.25 42.81 27.71 5832403	
1908.85 42.78 27.71 5838952	
1906.23 42.75 27.85 5845500	
1904.14 42.70 27.93 5852049	
1903.83 42.67 28.02 5858597	
1902.57 42.63 28.01 5865150	
1902.25 42.60 28.01 5871696	
1900.31 42.56 28.12 5878244	
1898.83 42.49 28.21 5884791	
1897.44 42.49 28.25 5891340	
1896.36 42.45 28.26 5897886	
1895.11 42.43 28.19 5904434	
1893.89 42.40 28.19 5910981	
1892.73 42.36 28.29 5917529	
1891.31 42.33 28.56 5924076	
1890.47 42.31 28.68 5930624	
1889.27 42.26 28.72 5937171	
1889.20 42.23 28.74 5943717	
1889.42 42.21 28.72 5950267	
1890.00 42.18 28.67 5956815	
1890.94 42.12 28.83 5963364	
1890.17 42.09 28.86 5969912	
1889.17 42.09 28.81 5976464	
1888.02 42.05 28.71 5983013	
1886.36 42.04 28.77 5989562	
1886.00 41.99 28.83 5996110	
1886.17 41.95 28.95 6002659	
1884.89 41.95 28.90 6009207	
1885.03 41.94 28.93 6015772	
1884.90 41.92 28.99 6022322	
1884.03 41.88 29.07 6028870	
1883.07 41.84 29.18 6035419	
1883.45 41.81 29.18 6041967	
1883.25 41.83 29.22 6048515	
1883.31 41.76 29.24 6055062	
1884.02 41.73 29.23 6061608	
1884.36 41.74 29.27 6068156	
1884.68 41.70 29.22 6074703	
1885.04 41.67 29.25 6081251	
1885.36 41.66 29.30 6087801	
1885.64 41.63 29.32 6094349	
1886.30 41.61 29.35 6100896	
1887.51 41.61 29.48 6107444	
1887.01 41.56 29.62 6113991	
1886.91 41.52 29.62 6120538	
1888.62 41.53 29.60 6127087	
1888.69 41.49 29.63 6133636	
1890.71 41.50 29.70 6140184	
1891.19 41.45 29.66 6146733	
1892.96 41.43 29.88 6153281	
1894.84 41.40 29.86 6159830	
1897.48 41.40 29.81 6166378	
1898.80 41.37 29.82 6172926	
1898.79 41.37 29.86 6179476	
1900.48 41.33 29.82 6186024	
1900.88 41.32 29.74 6192573	
1900.60 41.29 29.81 6199121	
1901.38 41.29 29.88 6205673	
1901.76 41.25 29.83 6212222	
1902.55 41.25 29.89 6218770	
1902.65 41.22 29.94 6225317	
1901.54 41.22 29.99 6231864	
1903.03 41.19 29.97 6238411	
1903.37 41.19 29.99 6244959	
1903.11 41.15 30.07 6251506	
1903.86 41.12 30.05 6258054	
1902.38 41.12 30.03 6264601	
1902.76 41.09 30.06 6271149	
1902.83 41.11 30.00 6277696	
1902.10 41.08 30.01 6284242	
1902.30 41.05 30.01 6290797	
1902.94 41.05 30.52 6297345	
1905.17 41.02 30.83 6303892	
1908.31 41.01 30.66 6310440	
1924.42 40.98 30.48 6316992	
1956.12 40.94 30.43 6323542	
1963.98 40.93 30.38 6330090	
1965.66 40.88 30.26 6336638	
1954.98 40.85 30.32 6343187	
1948.95 40.84 30.42 6349735	
1946.44 40.81 30.53 6356284	
1944.16 40.77 30.56 6362832	
1942.61 40.76 30.66 6369382	
1942.73 40.74 30.85 6375930	
1944.41 40.70 30.96 6382479	
1945.45 40.67 30.95 6389027	
1948.03 40.63 30.91 6395576	
1946.55 40.60 30.89 6402124	
1948.29 40.59 30.92 6408672	
1949.90 40.54 31.27 6415219	
1953.77 40.54 31.49 6421767	
1960.55 40.50 31.52 6428317	
1979.04 40.46 31.49 6434865	
2016.08 40.43 31.54 6441412	
2021.93 40.43 31.70 6447960	
2034.82 40.39 31.66 6454507	
2042.58 40.35 31.58 6461054	
2047.36 40.35 31.48 6467602	
2039.74 40.29 31.38 6474148	
2031.64 40.28 31.32 6480696	
2029.05 40.23 31.44 6487243	
2021.02 40.19 31.45 6493791	
2018.45 40.19 31.45 6500339	
2012.15 40.18 31.43 6506888	
2005.84 40.14 31.41 6513436	
2001.51 40.12 31.38 6519985	
1995.04 40.08 31.36 6526534	
1982.46 40.07 31.45 6533083	
1947.45 40.04 31.53 6539634	
1936.51 40.02 31.61 6546183	
1927.53 39.98 31.66 6552731	
1919.60 39.97 31.66 6559281	
1920.42 39.92 31.74 6565829	
1919.85 39.91 31.65 6572378	
1912.37 39.92 31.80 6578926	
1909.00 39.91 31.73 6585475	
1910.65 39.91 32.10 6592023	
1916.72 39.90 32.24 6598571	
1920.14 39.88 32.04 6605118	
1924.11 39.87 31.90 6611665	
1923.36 39.87 31.78 6618213	
1922.59 39.86 31.93 6624759	
1920.81 39.86 31.91 6631307	
1918.06 39.83 31.96 6637854	
1916.50 39.78 32.00 6644402	
1915.51 39.80 32.30 6650952	
1915.81 39.75 32.43 6657500	
1916.83 39.75 32.62 6664047	
1917.90 39.75 32.57 6670595	
1919.57 39.70 32.62 6677142	
1923.16 39.68 32.70 6683689	
1925.35 39.67 32.60 6690238	
1925.69 39.66 32.48 6696786	
1924.65 39.63 32.51 6703335	
1924.19 39.63 32.37 6709884	
1924.50 39.61 32.24 6716433	
1923.74 39.59 32.36 6722981	
1923.36 39.60 32.50 6729530	
1923.00 39.57 32.46 6736078	
1924.32 39.59 32.45 6742627	
1925.04 39.56 32.41 6749175	
1924.66 39.57 32.48 6755724	
1924.90 39.55 32.56 6762276	
1926.06 39.56 32.72 6768825	
1927.71 39.53 32.64 6775390	
1927.42 39.50 32.75 6781938	
1928.70 39.52 33.01 6788487	
1931.22 39.50 33.11 6795034	
1935.55 39.49 33.14 6801582	
1948.40 39.49 33.06 6808129	
1982.25 39.47 33.12 6814676	
2012.12 39.47 33.38 6821223	
2020.15 39.49 33.32 6827771	
2027.30 39.46 33.44 6834318	
2038.25 39.47 33.87 6840865	
2046.55 39.47 34.17 6847413	
2061.87 39.47 34.19 6853960	
2070.71 39.46 34.23 6860508	
2075.84 39.46 33.89 6867055	
2078.71 39.47 33.52 6873606	
2075.58 39.46 33.63 6880154	
2073.37 39.45 33.74 6886703	
2072.62 39.45 33.91 6893251	
2072.51 39.46 33.87 6899801	
2068.73 39.45 33.74 6906349	
2066.18 39.46 33.89 6912898	
2065.93 39.45 33.86 6919446	
2066.51 39.43 33.81 6925995	
2068.02 39.43 33.74 6932543	
2067.80 39.45 33.78 6939091	
2067.32 39.42 33.69 6945641	
2066.22 39.45 33.87 6952189	
2065.83 39.42 33.90 6958738	
2066.57 39.42 33.89 6965286	
2065.49 39.42 33.92 6971835	
2066.83 39.42 34.00 6978382	
2068.90 39.39 33.97 6984933	
2070.41 39.40 33.94 6991480	
2071.93 39.40 33.67 6998028	
2073.17 39.40 33.59 7004575	
2073.92 39.38 33.87 7011123	
2074.69 39.39 34.11 7017669	
2075.45 39.38 33.85 7024217	
2075.70 39.40 33.72 7030764	
2075.92 39.40 33.72 7037312	
2076.35 39.38 33.85 7043859	
2076.50 39.36 34.03 7050405	
2079.39 39.36 34.50 7056953	
2085.22 39.39 34.59 7063501	
2140.40 39.33 34.42 7070050	
2187.58 39.38 34.16 7076599	
2177.86 39.33 33.96 7083148	
2169.87 39.36 34.25 7089703	
2164.12 39.36 34.23 7096255	
2162.88 39.33 34.27 7102803	
2157.54 39.36 34.34 7109352	
2157.72 39.35 34.36 7115900	
2156.29 39.32 34.42 7122449	
2156.59 39.35 34.46 7128997	
2159.71 39.36 34.59 7135546	
2161.20 39.35 34.68 7142094	
2163.02 39.35 34.75 7148643	
2166.69 39.30 34.65 7155191	
2169.36 39.35 34.39 7161740	
2170.59 39.33 34.24 7168287	
2167.83 39.33 34.16 7174835	
2164.95 39.32 34.26 7181382	
2163.46 39.35 34.36 7187929	
2160.96 39.32 34.44 7194476	
2161.75 39.35 34.42 7201024	
2163.55 39.33 34.45 7207583	
2161.56 39.32 34.54 7214133	
2161.22 39.33 34.67 7220682	
2160.33 39.33 34.57 7227232	
2159.01 39.30 34.57 7233782	
2158.70 39.30 34.58 7240332	
2155.93 39.32 34.42 7246881	
2153.23 39.29 34.50 7253431	
2151.22 39.30 34.47 7259981	
2145.86 39.30 34.42 7266533	
2138.95 39.29 34.45 7273083	
2138.46 39.28 34.58 7279635	
2138.86 39.30 34.60 7286185	
2138.90 39.29 34.61 7292737	
2136.09 39.29 34.61 7299288	
2134.43 39.30 34.55 7305838	
2133.02 39.32 34.55 7312390	
2133.59 39.30 34.81 7318943	
2135.18 39.29 34.89 7325495	
2136.62 39.28 34.76 7332045	
2138.51 39.28 34.76 7338597	
2137.82 39.29 34.63 7345147	
2137.92 39.28 34.45 7351699	
2135.92 39.25 34.64 7358248	
2137.23 39.29 35.12 7364798	
2139.37 39.28 34.73 7371348	
2141.81 39.26 34.87 7377898	
2144.59 39.26 34.99 7384448	
2148.59 39.28 35.10 7390997	
2154.18 39.28 35.17 7397548	
2160.87 39.25 34.99 7404097	
2164.42 39.28 34.82 7410647	
2167.07 39.26 34.77 7417197	
2166.83 39.25 34.64 7423747	
2169.54 39.23 34.71 7430299	
2171.92 39.26 34.53 7436850	
2171.30 39.25 34.63 7443400	
2169.24 39.28 34.73 7449952	
2167.49 39.26 34.84 7456502	
2165.23 39.23 34.81 7463054	
2163.04 39.22 34.67 7469604	
2160.43 39.23 34.69 7476156	
2158.26 39.23 34.71 7482706	
2155.21 39.25 34.58 7489258	
2152.63 39.25 34.40 7495809	
2147.67 39.22 34.23 7502360	
2137.60 39.23 34.31 7508911	
2073.15 39.23 34.38 7515462	
2060.31 39.22 34.33 7522013	
2065.58 39.22 34.49 7528564	
2065.37 39.23 34.51 7535115	
2065.25 39.21 34.59 7541687	
2069.00 39.23 34.63 7548236	
2072.67 39.22 34.57 7554786	
2075.66 39.22 34.56 7561336	
2074.88 39.22 34.77 7567886	
2079.51 39.22 34.70 7574435	
2083.34 39.22 34.77 7580985	
2082.65 39.21 34.95 7587534	
2083.32 39.19 34.90 7594085	
2083.52 39.23 34.94 7600634	
2085.41 39.21 34.95 7607184	
2085.50 39.19 34.75 7613733	
2088.52 39.22 34.69 7620284	
2088.04 39.21 34.80 7626833	
2089.43 39.22 34.80 7633384	
2089.73 39.22 34.80 7639936	
2091.03 39.19 34.70 7646487	
2093.77 39.18 34.70 7653041	
2095.65 39.19 34.62 7659592	
2096.50 39.21 34.74 7666143	
2096.59 39.19 34.78 7672694	
2096.46 39.19 34.82 7679245	
2095.92 39.18 34.98 7685796	
2097.32 39.19 35.16 7692347	
2101.20 39.18 35.24 7698897	
2102.91 39.18 35.21 7705449	
2105.53 39.19 35.14 7712000	
2108.90 39.18 35.09 7718551	
2111.25 39.15 34.93 7725102	
2113.61 39.19 35.14 7731651	
2115.83 39.21 35.26 7738202	
2117.71 39.18 35.34 7744751	
2121.43 39.18 35.28 7751301	
2126.64 39.19 35.32 7757850	
2154.96 39.19 35.47 7764404	
2225.98 39.19 35.46 7770953	
2231.30 39.16 35.50 7777503	
2234.87 39.19 35.65 7784052	
2236.71 39.19 35.68 7790602	
2237.24 39.16 35.61 7797152	
2237.36 39.18 35.55 7803702	
2238.35 39.16 35.57 7810251	
2239.46 39.18 35.62 7816802	
2238.48 39.19 35.53 7823353	
2235.98 39.16 35.63 7829904	
2231.85 39.18 35.74 7836455	
2229.00 39.16 35.72 7843006	
2227.85 39.16 35.75 7849558	
2228.11 39.18 35.74 7856108	
2228.89 39.18 35.64 7862660	
2230.22 39.19 35.52 7869211	
2228.19 39.19 35.49 7875762	
2227.23 39.16 35.51 7882323	
2227.14 39.16 35.44 7888874	
2226.28 39.16 35.61 7895426	
2226.60 39.18 35.56 7901976	
2225.73 39.15 35.60 7908528	
2223.12 39.16 35.50 7915078	
2222.12 39.16 35.49 7921628	
2222.38 39.16 35.49 7928178	
2222.01 39.18 35.43 7934728	
2222.69 39.15 35.62 7941277	
2223.81 39.18 35.68 7947827	
2226.50 39.15 35.63 7954376	
2229.30 39.15 35.68 7960927	
2233.08 39.16 35.66 7967476	
2235.11 39.16 35.63 7974026	
2235.55 39.15 35.65 7980575	
2236.78 39.16 35.63 7987126	
2237.68 39.16 35.77 7993678	
2238.64 39.14 35.84 8000228	
2239.17 39.15 35.72 8006779	
2237.95 39.16 35.70 8013330	
2236.88 39.15 35.63 8019881	
2237.08 39.14 35.50 8026432	
2235.74 39.15 35.43 8032983	
2234.51 39.15 35.43 8039534	
2233.72 39.16 35.47 8046085	
2231.23 39.11 35.55 8052636	
2229.48 39.15 35.56 8059187	
2229.48 39.15 35.53 8065738	
2228.52 39.14 35.62 8072289	
2227.14 39.14 35.57 8078840	
2226.33 39.15 35.41 8085391	
2224.76 39.15 35.29 8091942	
2221.98 39.15 35.12 8098494	
2221.31 39.14 35.12 8105047	
2219.69 39.12 35.28 8111596	
2216.72 39.15 35.46 8118146	
2214.97 39.12 35.75 8124696	
2215.89 39.14 35.81 8131246	
2216.95 39.14 35.86 8137795	
2218.68 39.14 35.65 8144345	
2219.78 39.12 35.42 8150895	
2219.80 39.14 35.51 8157445	
2220.06 39.12 35.79 8163994	
2220.80 39.14 35.84 8170544	
2220.70 39.11 35.93 8177093	
2222.75 39.12 35.96 8183644	
2224.54 39.12 36.00 8190194	
2227.26 39.12 35.96 8196745	
2229.66 39.14 35.87 8203296	
2229.89 39.09 35.78 8209847	
2230.93 39.11 35.68 8216401	
2229.89 39.12 35.65 8222953	
2227.84 39.12 35.57 8229504	
2226.91 39.11 35.71 8236055	
2226.41 39.11 35.94 8242606	
2226.19 39.09 36.00 8249156	
2226.17 39.09 36.03 8255708	
2226.45 39.11 36.00 8262258	
2229.95 39.12 36.21 8268810	
2232.43 39.11 36.35 8275360	
2235.77 39.09 36.08 8281912	
2235.84 39.09 36.02 8288461	
2236.41 39.09 36.00 8295028	
2237.22 39.08 36.12 8301578	
2238.69 39.09 36.20 8308127	
2239.52 39.08 36.15 8314678	
2241.44 39.08 36.47 8321227	
2245.50 39.08 36.60 8327781	
2252.57 39.08 36.45 8334330	
2257.25 39.08 36.20 8340880	
2260.97 39.08 36.00 8347429	
2265.20 39.08 36.09 8353979	
2268.44 39.08 36.03 8360528	
2271.52 39.06 36.00 8367078	
2271.33 39.06 35.92 8373628	
2274.02 39.08 36.00 8380179	
2273.76 39.08 36.09 8386731	
2273.71 39.05 36.10 8393281	
2275.60 39.04 36.05 8399833	
2275.45 39.05 36.12 8406383	
2276.52 39.05 36.06 8412934	
2273.88 39.05 36.09 8419485	
2273.81 39.08 36.09 8426036	
2272.04 39.05 36.06 8432587	
2270.54 39.04 36.15 8439141	
2267.96 39.05 36.18 8445692	
2265.12 39.05 36.06 8452243	
2263.69 39.05 36.00 8458795	
2260.01 39.04 35.91 8465345	
2257.10 39.02 35.98 8471897	
2254.36 39.05 35.85 8478446	
2249.71 39.05 35.73 8484996	
2244.36 39.04 35.61 8491545	
2238.39 39.04 35.64 8498095	
2232.64 39.02 35.89 8504645	
2230.54 39.02 36.19 8511195	
2227.91 39.02 36.36 8517744	
2227.44 39.04 36.34 8524294	
2227.76 39.02 36.27 8530843	
2226.80 39.02 36.25 8537394	
2225.01 39.02 36.29 8543943	
2225.15 39.01 36.20 8550496	
2226.86 39.01 36.07 8557045	
2226.76 39.01 35.83 8563595	
2226.38 39.01 35.83 8570146	
2226.81 39.01 35.81 8576697	
2226.04 39.00 35.81 8583248	
2224.19 39.01 35.72 8589799	
2223.09 39.01 35.72 8596350	
2221.86 39.01 35.71 8602901	
2221.00 39.00 35.71 8609452	
2219.74 39.01 35.74 8616003	
2217.51 38.98 35.90 8622554	
2215.86 39.00 35.72 8629105	
2214.39 39.00 35.59 8635656	
2212.70 39.00 35.87 8642207	
2209.62 38.98 35.92 8648758	
2209.02 39.00 36.04 8655309	
2208.43 38.98 36.22 8661863	
2207.90 39.00 36.13 8668414	
2207.22 39.00 36.10 8674971	
2206.22 38.97 36.09 8681521	
2205.84 38.98 36.31 8688070	
2206.18 38.98 36.33 8694620	
2206.73 38.98 36.31 8701169	
2207.76 39.00 36.62 8707720	
2211.03 39.00 36.44 8714269	
2214.77 38.97 36.35 8720819	
2217.86 38.97 36.36 8727368	
2218.98 38.97 36.32 8733918	
2220.96 38.97 36.33 8740468	
2221.23 38.97 36.33 8747018	
2222.04 39.00 36.23 8753567	
2220.98 38.98 36.23 8760117	
2221.57 38.97 36.27 8766667	
2222.23 38.97 36.33 8773222	
2221.66 38.97 36.24 8779773	
2219.47 38.95 36.35 8786324	
2221.56 38.95 36.23 8792876	
2220.61 38.95 36.57 8799426	
2221.43 38.95 36.58 8805977	
2221.69 38.97 36.76 8812528	
2223.19 38.97 36.90 8819079	
2224.05 38.95 36.93 8825630	
2227.01 38.95 36.99 8832181	
2230.25 38.94 36.84 8838731	
2231.53 38.95 36.95 8845283	
2233.05 38.93 36.97 8851833	
2235.75 38.95 37.03 8858391	
2238.07 38.95 37.12 8864941	
2241.47 38.97 37.11 8871490	
2245.54 38.94 37.03 8878040	
2247.91 38.95 36.95 8884592	
2250.72 38.97 36.83 8891143	
2248.44 38.94 36.94 8897692	
2251.89 38.93 37.09 8904242	
2255.60 38.91 37.03 8910791	
2257.07 38.91 37.00 8917341	
2263.06 38.93 36.91 8923890	
2262.15 38.93 36.69 8930440	
2263.50 38.93 36.75 8936990	
2266.37 38.93 36.73 8943540	
2268.61 38.93 36.81 8950090	
2270.60 38.93 36.81 8956642	
2271.48 38.94 36.73 8963192	
2271.82 38.91 36.64 8969744	
2269.94 38.93 36.67 8976294	
2266.51 38.93 36.85 8982845	
2265.47 38.91 36.67 8989396	
2266.72 38.91 36.78 8995951	
2267.72 38.91 36.91 9002502	
2270.09 38.93 36.94 9009052	
2270.85 38.91 36.91 9015604	
2273.25 38.91 36.88 9022154	
2272.18 38.91 36.88 9028706	
2271.41 38.90 36.92 9035256	
2271.83 38.88 36.94 9041808	
2270.86 38.87 37.08 9048358	
2270.99 38.87 37.17 9054925	
2273.11 38.88 37.33 9061475	
2274.08 38.88 37.41 9068024	
2276.20 38.85 37.23 9074574	
2277.85 38.84 37.44 9081124	
2280.33 38.85 37.41 9087674	
2282.82 38.84 37.40 9094223	
2286.49 38.84 37.35 9100773	
2287.77 38.85 37.29 9107326	
2290.42 38.82 37.63 9113876	
2294.25 38.84 37.64 9120425	
2296.98 38.84 37.52 9126975	
2302.11 38.82 37.63 9133526	
2307.98 38.84 37.60 9140075	
2311.49 38.84 37.56 9146626	
2311.96 38.82 37.60 9153177	
2313.94 38.82 37.66 9159728	
2316.31 38.81 37.65 9166278	
2318.56 38.81 37.69 9172830	
2319.86 38.82 37.69 9179380	
2321.19 38.84 37.57 9185932	
2320.68 38.81 37.69 9192482	
2321.95 38.81 37.71 9199033	
2322.37 38.80 37.84 9205584	
2323.66 38.82 37.75 9212135	
2325.64 38.82 37.83 9218690	
2326.04 38.82 37.95 9225240	
2328.28 38.81 37.90 9231792	
2331.71 38.81 37.75 9238342	
2344.06 38.78 37.76 9244894	
2338.79 38.80 37.90 9251443	
2346.09 38.78 37.76 9257993	
2356.07 38.80 37.69 9264542	
2359.00 38.78 37.76 9271092	
2363.36 38.80 37.91 9277641	
2370.07 38.77 37.90 9284191	
2377.37 38.81 37.78 9290740	
2380.94 38.78 37.53 9297290	
2384.60 38.80 37.60 9303840	
2385.45 38.78 37.64 9310390	
2383.93 38.75 37.70 9316939	
2383.82 38.78 37.66 9323489	
2385.29 38.77 37.63 9330042	
2383.80 38.75 37.63 9336593	
2380.20 38.77 37.60 9343144	
2378.65 38.78 37.64 9349695	
2374.91 38.75 37.55 9356246	
2370.95 38.75 37.51 9362797	
2367.75 38.77 37.64 9369348	
2365.97 38.75 37.67 9375899	
2363.81 38.74 37.61 9382450	
2362.06 38.77 37.58 9389001	
2358.60 38.75 37.57 9395552	
2355.35 38.73 37.52 9402103	
2353.81 38.75 37.37 9408654	
2349.67 38.73 37.30 9415204	
2347.01 38.74 37.25 9421756	
2342.98 38.73 37.21 9428306	
2339.13 38.73 37.12 9434857	
2335.24 38.75 37.04 9441410	
2331.80 38.73 36.95 9447959	
2327.51 38.73 37.18 9454509	
2324.03 38.73 37.12 9461058	
2320.17 38.73 37.19 9467608	
2316.98 38.70 37.28 9474165	
2314.00 38.71 37.28 9480715	
2313.51 38.71 37.29 9487264	
2314.06 38.75 37.31 9493814	
2313.00 38.73 37.43 9500363	
2312.41 38.71 37.49 9506913	
2312.22 38.70 37.70 9513462	
2313.02 38.71 37.88 9520012	
2314.33 38.73 38.04 9526563	
2316.12 38.70 38.14 9533114	
2319.85 38.73 38.15 9539665	
2322.87 38.73 38.18 9546216	
2323.45 38.71 38.26 9552766	
2329.49 38.71 38.21 9559321	
2397.57 38.69 38.14 9565873	
2442.49 38.71 38.14 9572423	
2433.43 38.71 38.21 9578975	
2437.28 38.70 38.34 9585525	
2455.44 38.69 38.34 9592076	
2461.67 38.67 38.32 9598627	
2466.51 38.70 38.29 9605178	
2465.67 38.70 38.51 9611729	
2466.96 38.71 38.52 9618280	
2471.50 38.70 38.43 9624830	
2470.96 38.69 38.34 9631380	
2471.90 38.70 38.38 9637929	
2471.01 38.67 38.29 9644480	
2470.28 38.70 38.16 9651030	
2465.09 38.66 38.14 9657579	
2462.26 38.67 38.32 9664129	
2459.13 38.69 38.38 9670682	
2454.89 38.67 38.33 9677232	
2451.07 38.67 38.33 9683781	
2450.08 38.66 38.38 9690331	
2445.21 38.66 38.32 9696880	
2441.86 38.64 38.35 9703430	
2438.74 38.63 38.23 9709979	
2435.55 38.64 38.18 9716531	
2431.31 38.62 37.87 9723081	
2426.57 38.63 37.85 9729633	
2420.35 38.63 37.75 9736183	
2358.84 38.63 37.70 9742735	
2347.14 38.62 37.75 9749285	
2323.37 38.62 37.72 9755836	
2319.56 38.63 37.68 9762387	
2311.75 38.62 37.55 9768938	
2311.00 38.60 37.55 9775490	
2309.55 38.60 37.54 9782043	
2308.51 38.60 37.58 9788595	
2308.14 38.60 37.81 9795145	
2312.66 38.60 37.76 9801697	
2313.41 38.60 38.00 9808265	
2315.79 38.62 38.00 9814814	
2318.40 38.60 38.00 9821364	
2320.60 38.57 38.04 9827913	
2322.82 38.59 38.19 9834463	
2326.55 38.60 38.13 9841012	
2329.89 38.59 38.19 9847563	
2334.94 38.57 38.13 9854112	
2340.85 38.59 37.95 9860662	
2339.86 38.57 37.89 9867211	
2339.17 38.57 37.82 9873761	
2337.76 38.56 37.80 9880311	
2338.29 38.59 38.15 9886861	
2339.89 38.56 38.07 9893413	
2338.62 38.53 38.29 9899963	
2339.14 38.59 38.25 9906513	
2340.51 38.56 38.34 9913064	
2341.38 38.57 38.40 9919614	
2344.46 38.57 38.41 9926166	
2344.85 38.56 38.47 9932717	
2347.51 38.59 38.52 9939267	
2350.03 38.54 38.61 9945819	
2353.27 38.56 38.68 9952369	
2360.76 38.56 38.76 9958921	
2381.22 38.56 38.71 9965471	
2402.43 38.54 38.71 9972022	
2411.53 38.52 38.66 9978573	
2421.23 38.53 38.77 9985124	
2428.63 38.53 38.68 9991675	
2438.03 38.52 38.77 9998226	
2446.13 38.53 38.77 10004781	
2459.40 38.53 38.87 10011331	
2467.13 38.53 38.89 10017883	
2473.21 38.53 38.68 10024432	
2475.28 38.52 38.56 10030982	
2474.78 38.52 38.67 10037532	
2474.39 38.53 38.84 10044082	
2477.36 38.53 38.86 10050631	
2481.34 38.50 38.86 10057181	
2482.62 38.50 38.79 10063731	
2486.63 38.46 38.64 10070281	
2486.29 38.49 38.66 10076830	
2488.08 38.47 38.70 10083380	
2484.94 38.46 38.70 10089929	
2484.12 38.49 38.72 10096480	
2484.54 38.46 38.61 10103029	
2481.34 38.46 38.49 10109583	
2476.20 38.46 38.42 10116132	
2471.53 38.43 38.34 10122683	
2451.89 38.42 38.35 10129234	
2421.43 38.43 38.44 10135785	
2406.45 38.42 38.46 10142337	
2394.63 38.42 38.28 10148887	
2385.68 38.40 38.49 10155439	
2384.91 38.39 38.69 10161989	
2380.82 38.36 38.86 10168541	
2382.74 38.36 38.86 10175091	
2391.52 38.36 38.95 10181643	
2397.96 38.36 39.14 10188193	
2403.75 38.33 39.14 10194745	
2411.02 38.35 38.96 10201295	
2416.70 38.36 38.98 10207847	
2421.32 38.33 39.16 10214397	
2427.22 38.33 39.25 10220957	
2435.41 38.35 39.36 10227507	
2443.49 38.33 39.39 10234057	
2458.42 38.33 39.29 10240607	
2468.80 38.32 39.46 10247156	
2482.91 38.32 39.36 10253706	
2491.38 38.32 39.27 10260255	
2501.97 38.30 39.30 10266806	
2504.15 38.29 39.19 10273362	
2503.69 38.29 39.24 10279912	
2507.00 38.29 39.28 10286461	
2504.95 38.29 39.04 10293011	
2506.25 38.28 39.01 10299560	
2501.98 38.28 39.13 10306111	
2500.36 38.26 39.26 10312660	
2496.34 38.25 39.41 10319211	
2496.77 38.26 39.47 10325766	
2498.23 38.26 39.56 10332316	
2499.39 38.25 39.63 10338868	
2500.55 38.26 39.63 10345418	
2503.76 38.23 39.53 10351970	
2506.33 38.22 39.32 10358520	
2508.17 38.22 39.17 10365072	
2506.36 38.22 39.11 10371622	
2506.02 38.22 39.51 10378174	
2505.97 38.21 39.62 10384724	
2505.90 38.18 39.65 10391276	
2505.61 38.16 39.65 10397827	
2504.35 38.16 39.57 10404378	
2503.77 38.15 39.61 10410929	
2502.48 38.16 39.61 10417478	
2499.40 38.14 39.64 10424028	
2499.17 38.15 39.49 10430578	
2496.80 38.15 39.38 10437131	
2492.97 38.15 39.30 10443680	
2487.99 38.14 39.25 10450231	
2483.67 38.12 39.20 10456780	
2478.14 38.11 39.34 10463330	
2474.53 38.11 39.54 10469879	
2471.59 38.10 39.60 10476429	
2466.37 38.10 39.71 10482978	
2464.81 38.10 39.83 10489529	
2463.75 38.11 39.85 10496078	
2464.92 38.10 39.93 10502628	
2464.16 38.08 39.96 10509179	
2464.15 38.05 40.06 10515730	
2463.87 38.08 39.99 10522281	
2463.36 38.07 40.03 10528832	
2466.32 38.07 40.02 10535384	
2468.35 38.07 40.08 10541937	
2469.33 38.04 40.09 10548489	
2470.72 38.04 40.01 10555039	
2469.98 38.04 39.79 10561590	
2470.04 38.02 39.79 10568159	
2469.08 38.00 39.62 10574709	
2468.19 38.01 39.64 10581261	
2465.32 38.01 39.65 10587811	
2462.60 38.00 39.64 10594363	
2458.60 38.01 39.60 10600913	
2455.44 37.98 39.56 10607463	
2453.43 38.00 39.61 10614012	
2450.80 37.96 39.69 10620563	
2447.89 37.95 39.42 10627112	
2444.77 37.95 39.54 10633662	
2442.62 37.95 39.58 10640211	
2441.80 37.95 39.65 10646761	
2442.88 37.95 39.69 10653315	
2440.59 37.95 39.58 10659864	
2440.18 37.92 39.51 10666414	
2437.59 37.91 39.58 10672963	
2435.54 37.90 39.75 10679513	
2434.70 37.91 39.84 10686062	
2434.26 37.90 39.76 10692612	
2434.54 37.90 39.79 10699162	
2434.42 37.90 39.84 10705713	
2435.15 37.87 40.04 10712263	
2437.94 37.87 40.25 10718815	
2439.18 37.87 40.34 10725365	
2442.10 37.84 40.49 10731916	
2447.91 37.87 40.53 10738467	
2453.17 37.83 40.54 10745018	
2456.36 37.84 40.52 10751569	
2460.51 37.84 40.52 10758123	
2470.39 37.81 40.56 10764675	
2477.38 37.83 40.62 10771225	
2482.39 37.83 40.60 10777777	
2489.57 37.81 40.51 10784327	
2493.50 37.81 40.48 10790879	
2499.87 37.80 40.39 10797429	
2497.27 37.81 40.39 10803981	
2496.75 37.77 40.36 10810530	
2492.76 37.77 39.18 10817080	
2460.17 37.74 38.79 10823629	
2315.86 37.74 38.97 10830180	
2279.78 37.76 37.63 10836729	
2209.53 37.74 36.81 10843279	
1923.65 37.70 36.64 10849829	
1872.16 37.68 36.76 10856379	
1807.50 37.70 34.76 10862928	
1719.00 37.66 33.68 10869482	
1376.94 37.64 33.47 10876032	
1283.55 37.64 34.09 10882581	
1251.12 37.60 33.02 10889132	
1187.55 37.59 32.78 10895681	
1077.25 37.56 32.77 10902233	
1050.33 37.55 32.67 10908783	
1027.50 37.53 32.50 10915335	
1015.00 37.53 32.61 10921885	
999.47 37.49 31.89 10928437	
978.49 37.47 31.54 10934987	
896.27 37.46 31.36 10941539	
848.75 37.44 31.28 10948089	
831.79 37.42 31.00 10954641	
813.29 37.40 30.92 10961191	
802.31 37.37 30.80 10967743	
788.78 37.37 30.82 10974294	
779.39 37.36 30.65 10980848	
769.66 37.32 30.63 10987399	
759.93 37.33 30.62 10993950	
749.03 37.29 30.42 11000501	
740.90 37.26 30.26 11007051	
734.16 37.25 30.12 11013601	
726.54 37.25 30.15 11020150	
722.39 37.24 30.30 11026700	
713.74 37.18 30.20 11033249	
693.05 37.18 29.99 11039800	
676.07 37.16 29.99 11046349	
672.96 37.15 29.98 11052899	
668.53 37.14 29.95 11059448	
661.20 37.12 29.95 11065999	
662.15 37.11 29.98 11072556	
659.00 37.08 29.72 11079105	
657.29 37.07 29.70 11085655	
653.38 37.07 29.59 11092207	
649.43 37.05 29.71 11098758	
649.68 37.02 29.52 11105308	
645.86 36.99 29.50 11111860	
645.25 36.99 29.45 11118410	
643.05 36.97 29.58 11124962	
640.96 36.94 29.61 11131512	
639.19 36.92 29.70 11138063	
637.50 36.90 29.51 11144614	
636.33 36.90 29.38 11151165	
633.41 36.88 29.48 11157716	
633.87 36.88 29.24 11164267	
632.20 36.87 29.31 11170819	
630.40 36.84 29.39 11177369	
628.80 36.83 29.24 11183921	
627.32 36.81 29.35 11190471	
625.76 36.83 29.31 11197023	
625.64 36.78 29.35 11203577	
625.55 36.77 29.19 11210128	
624.41 36.74 29.15 11216677	
624.06 36.74 29.07 11223227	
622.69 36.71 29.15 11229777	
620.95 36.73 29.13 11236327	
620.50 36.69 29.08 11242876	
618.44 36.67 29.20 11249426	
618.02 36.67 29.15 11255976	
617.36 36.66 29.21 11262526	
616.28 36.64 29.03 11269075	
616.65 36.60 29.04 11275625	
616.48 36.60 29.03 11282174	
616.36 36.60 29.04 11288724	
615.86 36.57 29.02 11295275	
614.64 36.57 28.99 11301824	
614.17 36.54 28.88 11308375	
613.41 36.53 28.94 11314929	
611.90 36.51 28.99 11321497	
610.58 36.50 29.00 11328049	
609.58 36.51 29.05 11334599	
609.21 36.47 29.03 11341151	
609.48 36.47 29.03 11347701	
609.46 36.45 29.03 11354253	
608.10 36.42 29.05 11360803	
607.43 36.43 29.10 11367355	
606.78 36.40 28.93 11373905	
605.88 36.39 28.99 11380457	
605.06 36.38 28.99 11387008	
605.44 36.36 29.01 11393559	
605.99 36.36 29.02 11400110	
605.52 36.35 28.99 11406661	
604.98 36.33 29.01 11413212	
604.29 36.32 29.00 11419763	
603.51 36.32 29.04 11426316	
602.60 36.29 29.08 11432865	
602.66 36.29 29.00 11439415	
603.32 36.28 29.02 11445964	
602.68 36.25 28.98 11452515	
602.48 36.25 29.03 11459064	
602.60 36.25 29.00 11465614	
602.54 36.22 28.96 11472163	
602.82 36.23 29.06 11478713	
603.30 36.22 29.08 11485263	
603.43 36.18 29.07 11491813	
603.25 36.16 29.10 11498362	
603.83 36.18 29.11 11504912	
604.35 36.15 29.04 11511461	
604.82 36.14 29.04 11518011	
603.88 36.11 29.05 11524561	
603.70 36.11 29.04 11531112	
603.92 36.11 29.08 11537667	
604.79 36.08 29.04 11544217	
605.34 36.08 29.07 11550769	
605.39 36.06 29.05 11557319	
606.03 36.04 29.13 11563871	
606.52 36.04 29.06 11570421	
607.56 36.02 29.03 11576973	
607.30 36.04 28.97 11583523	
607.24 35.99 28.93 11590075	
606.94 35.99 28.99 11596625	
607.12 35.98 29.01 11603177	
606.27 35.95 29.06 11609728	
606.61 35.98 29.06 11616279	
606.65 35.97 29.07 11622830	
606.68 35.95 29.07 11629380	
606.17 35.94 29.02 11635938	
606.46 35.92 29.10 11642487	
607.03 35.92 29.12 11649040	
607.04 35.91 29.08 11655590	
607.04 35.89 29.08 11662140	
607.82 35.89 29.08 11668689	
608.06 35.88 29.04 11675239	
607.73 35.87 29.02 11681788	
608.23 35.87 29.00 11688338	
609.11 35.83 29.09 11694887	
608.75 35.83 29.09 11701437	
608.04 35.83 29.17 11707987	
607.88 35.81 29.19 11714537	
608.77 35.81 29.13 11721086	
609.87 35.80 29.07 11727636	
610.91 35.79 29.22 11734185	
610.41 35.79 29.12 11740737	
610.67 35.77 29.14 11747289	
610.85 35.76 29.18 11753839	
611.00 35.76 29.14 11760394	
610.60 35.74 29.18 11766944	
610.55 35.71 29.15 11773496	
611.45 35.70 29.18 11780046	
611.68 35.69 29.13 11786598	
612.01 35.65 29.16 11793148	
613.54 35.69 29.18 11799699	
613.65 35.67 29.16 11806251	
613.85 35.69 29.28 11812801	
613.70 35.67 29.21 11819353	
614.36 35.65 29.18 11825903	
614.11 35.63 29.23 11832455	
614.81 35.65 29.23 11839005	
615.21 35.61 29.16 11845557	
615.06 35.61 29.21 11852107	
615.85 35.60 29.22 11858657	
615.99 35.59 29.24 11865207	
616.14 35.57 29.24 11871767	
616.61 35.57 29.21 11878317	
616.38 35.56 29.25 11884866	
617.46 35.57 29.19 11891416	
617.43 35.57 29.24 11897965	
618.34 35.53 29.23 11904516	
617.94 35.56 29.30 11911065	
618.36 35.53 29.22 11917615	
618.52 35.53 29.33 11924164	
618.97 35.49 29.29 11930714	
618.65 35.50 29.26 11937263	
618.35 35.49 29.31 11943814	
618.75 35.47 29.29 11950363	
618.06 35.46 29.36 11956913	
618.10 35.45 29.34 11963464	
619.05 35.46 29.34 11970015	
618.41 35.45 29.36 11976565	
618.78 35.45 29.36 11983120	
618.94 35.42 29.34 11989671	
619.35 35.42 29.36 11996222	
619.45 35.40 29.34 12002774	
620.34 35.42 29.37 12009324	
621.31 35.42 29.36 12015876	
622.63 35.36 29.37 12022426	
623.71 35.36 29.45 12028978	
624.44 35.37 29.48 12035528	
625.68 35.37 29.43 12042079	
626.73 35.35 29.43 12048630	
627.57 35.36 29.48 12055181	
627.66 35.36 29.50 12061732	
627.69 35.32 29.48 12068282	
628.48 35.35 29.46 12074831	
628.26 35.30 29.48 12081398	
628.91 35.28 29.42 12087949	
629.59 35.28 29.44 12094501	
629.95 35.28 29.50 12101051	
630.23 35.28 29.55 12107601	
630.94 35.28 29.54 12114151	
631.33 35.25 29.52 12120700	
631.70 35.26 29.52 12127250	
632.35 35.26 29.50 12133799	
633.08 35.25 29.50 12140349	
633.65 35.24 29.62 12146899	
633.61 35.24 29.55 12153449	
634.03 35.22 29.53 12159998	
634.49 35.22 29.60 12166548	
634.97 35.20 29.56 12173100	
635.81 35.19 29.63 12179650	
636.75 35.19 29.68 12186201	
636.47 35.16 29.63 12192752	
637.02 35.18 29.61 12199303	
637.46 35.16 29.63 12205857	
637.84 35.18 29.58 12212408	
638.48 35.16 29.59 12218959	
638.74 35.15 29.66 12225510	
638.72 35.15 29.66 12232061	
638.88 35.12 29.67 12238612	
639.21 35.12 29.65 12245164	
640.25 35.12 29.64 12251714	
640.86 35.13 29.69 12258266	
641.49 35.09 29.73 12264816	
641.94 35.08 29.75 12271368	
641.73 35.11 29.73 12277918	
641.57 35.06 29.70 12284468	
642.10 35.05 29.83 12291017	
642.92 35.06 29.78 12297568	
643.95 35.08 29.83 12304117	
644.73 35.06 29.80 12310667	
645.13 35.08 29.85 12317216	
645.62 35.05 29.81 12323764	
646.17 35.05 29.76 12330313	
646.21 35.02 29.82 12336863	
645.92 35.04 29.81 12343412	
646.42 35.02 29.86 12349963	
647.24 35.04 29.81 12356512	
647.02 35.02 29.84 12363062	
648.30 35.02 29.82 12369611	
649.45 35.01 29.79 12376161	
649.24 34.98 29.87 12382712	
649.45 34.95 29.87 12389263	
649.83 34.95 29.85 12395814	
650.13 34.98 29.87 12402365	
649.90 34.95 29.92 12408915	
650.32 34.95 29.92 12415467	
649.84 34.94 29.91 12422018	
650.10 34.95 29.87 12428569	
651.16 34.93 29.88 12435123	
651.03 34.94 29.95 12441674	
651.75 34.90 29.94 12448225	
651.42 34.90 29.93 12454775	
651.69 34.90 29.99 12461327	
652.06 34.90 29.99 12467877	
653.12 34.88 29.99 12474429	
653.49 34.85 29.96 12480979	
653.50 34.87 29.97 12487531	
654.24 34.84 30.00 12494082	
654.42 34.85 30.01 12500631	
654.73 34.88 30.07 12507181	
655.73 34.87 30.07 12513730	
655.86 34.84 30.04 12520280	
656.31 34.84 30.00 12526830	
657.37 34.84 29.99 12533380	
657.50 34.83 30.03 12539929	
658.18 34.84 30.09 12546483	
658.41 34.78 30.03 12553032	
658.08 34.80 30.05 12559582	
658.71 34.81 30.03 12566131	
658.26 34.81 30.16 12572681	
658.68 34.78 30.09 12579230	
658.50 34.80 30.10 12585780	
659.34 34.77 30.09 12592330	
658.94 34.77 30.13 12598881	
660.12 34.77 30.19 12605431	
660.58 34.77 30.09 12611983	
660.37 34.74 30.08 12618533	
661.10 34.73 30.19 12625085	
662.16 34.75 30.13 12631635	
663.10 34.77 30.18 12638186	
662.70 34.73 30.17 12644738	
663.89 34.71 30.22 12651288	
663.79 34.71 30.17 12657843	
664.32 34.70 30.19 12664393	
664.73 34.70 30.19 12670952	
664.94 34.68 30.17 12677502	
665.28 34.70 30.19 12684054	
665.38 34.68 30.17 12690605	
665.25 34.68 30.22 12697155	
665.43 34.67 30.20 12703711	
