1572.86 27.15 39.17
1029
1580.19 27.14 39.17
5110
1581.32 27.15 39.21
7134
1584.21 27.15 39.21
9157
1588.57 27.14 39.18
11181
1585.53 27.15 39.18
13204
1587.56 27.15 39.18
15227
1583.65 27.13 39.18
17251
1584.48 27.18 39.19
19275
1587.69 27.15 39.20
21300
1583.58 27.17 39.17
23324
1583.68 27.15 39.17
25349
1581.63 27.15 39.13
27374
1579.20 27.15 39.08
29398
1580.00 27.17 39.14
31422
1580.31 27.17 39.13
33446
1582.04 27.14 39.14
36478
1585.20 27.20 39.07
43781
1588.57 27.21 39.07
51082
1590.70 27.22 39.07
58388
1593.40 27.22 39.07
65690
1596.81 27.22 39.11
72992
1599.28 27.21 39.03
80294
1604.48 27.21 39.12
87597
1605.60 27.21 39.10
94899
1609.67 27.21 39.12
102202
1614.90 27.24 39.24
109503
1620.23 27.25 39.21
116805
1629.43 27.24 39.27
124108
1639.26 27.24 39.27
131409
1650.56 27.24 39.25
138713
1660.84 27.25 39.22
146014
1666.63 27.24 39.28
153317
1671.07 27.25 39.28
160619
1678.73 27.24 39.24
167920
1682.12 27.27 39.25
175223
1684.14 27.25 39.22
182526
1686.78 27.25 39.25
189831
1688.50 27.27 39.22
197134
1690.03 27.27 39.21
204435
1689.89 27.24 39.22
211738
1689.00 27.27 39.20
219040
1689.66 27.27 39.18
226341
1688.77 27.25 39.21
233645
1685.30 27.25 39.18
240948
1684.00 27.25 39.21
248249
1681.95 27.27 39.24
255552
1680.39 27.25 39.20
262853
1680.34 27.25 39.22
270155
1680.35 27.28 39.27
277458
1679.89 27.27 39.24
284760
1680.25 27.27 39.28
292063
1681.15 27.31 39.20
299364
1680.98 27.29 39.21
306665
1679.67 27.28 39.18
313971
1677.98 27.29 39.15
321273
1677.34 27.28 39.12
328576
1677.58 27.29 39.17
335879
1676.47 27.31 39.11
343180
1676.08 27.29 39.13
350482
1674.95 27.31 39.14
357784
1674.73 27.28 39.17
365085
1673.60 27.31 39.22
372388
1673.22 27.27 39.16
379689
1672.74 27.29 39.15
386993
1672.54 27.28 39.18
394295
1672.35 27.28 39.17
401596
1671.60 27.29 39.17
408899
1670.68 27.29 39.17
416200
1670.41 27.29 39.20
423502
1669.56 27.31 39.22
430804
1669.77 27.31 39.23
438106
1669.99 27.32 39.26
445412
1669.47 27.28 39.21
452715
1670.71 27.29 39.29
460016
1670.86 27.28 39.28
467319
1672.34 27.31 39.27
474620
1673.35 27.32 39.23
481922
1673.58 27.31 39.24
489225
1673.05 27.31 39.26
496526
1673.33 27.29 39.24
503829
1673.77 27.29 39.21
511131
1674.12 27.29 39.27
518432
1675.44 27.29 39.24
525735
1675.65 27.29 39.29
533037
1675.85 27.31 39.34
540339
1676.09 27.32 39.30
547641
1677.10 27.31 39.29
554942
1678.60 27.31 39.32
562245
1679.23 27.31 39.33
569548
1680.01 27.34 39.36
576852
1679.61 27.32 39.35
584156
1679.95 27.34 39.38
591496
1680.31 27.32 39.35
598797
1680.45 27.32 39.36
606099
1681.18 27.34 39.39
613401
1681.59 27.32 39.40
620703
1682.51 27.32 39.39
628006
1684.94 27.29 39.43
635308
1686.30 27.31 39.42
642611
1686.20 27.31 39.37
649912
1686.80 27.32 39.38
657214
1688.76 27.34 39.36
664517
1689.34 27.31 39.33
671818
1689.93 27.32 39.33
679121
1690.30 27.31 39.30
686424
1691.53 27.34 39.35
693726
1691.47 27.32 39.36
701032
1692.49 27.32 39.38
708333
1693.35 27.31 39.33
715635
1695.36 27.31 39.24
722938
1698.32 27.32 39.25
730240
1698.22 27.32 39.29
737543
1698.31 27.32 39.27
744844
1699.32 27.32 39.27
752145
1699.36 27.32 39.22
759448
1700.11 27.32 39.32
766756
1701.61 27.32 39.32
774060
1702.01 27.34 39.31
781362
1702.78 27.32 39.30
788664
1703.36 27.32 39.29
795966
1702.44 27.31 39.27
803268
1701.72 27.31 39.24
810569
1701.64 27.31 39.22
817872
1700.43 27.32 39.20
825174
1699.64 27.31 39.20
832480
1700.16 27.29 39.23
839782
1701.00 27.29 39.27
847084
1700.05 27.31 39.23
854386
1699.61 27.29 39.24
861688
1700.76 27.32 39.22
868993
1700.09 27.32 39.22
876295
1699.60 27.32 39.13
883596
1698.88 27.31 39.08
890899
1699.15 27.32 39.17
898201
1699.15 27.34 39.22
905503
1698.27 27.32 39.25
912805
1699.09 27.29 39.23
920108
1698.02 27.32 39.30
927410
1699.03 27.29 39.31
934713
1700.39 27.34 39.38
942014
1700.76 27.29 39.39
949317
1703.23 27.29 39.40
956618
1704.77 27.29 39.43
963922
1705.88 27.31 39.48
971226
1708.57 27.32 39.52
978527
1710.08 27.31 39.50
985830
1712.32 27.31 39.56
993132
1714.59 27.32 39.54
1000434
1716.60 27.29 39.62
1007736
1719.85 27.29 39.66
1015038
1721.98 27.32 39.70
1022340
1722.81 27.31 39.65
1029643
1727.02 27.34 39.73
1036944
1729.92 27.34 39.71
1044247
1732.81 27.31 39.68
1051549
1736.40 27.32 39.64
1058850
1738.50 27.34 39.68
1066153
1741.29 27.31 39.66
1073455
1743.67 27.32 39.66
1080758
1745.68 27.32 39.62
1088064
1746.94 27.32 39.65
1095365
1749.12 27.31 39.65
1102667
1752.06 27.34 39.62
1109969
1756.38 27.34 39.64
1117271
1759.28 27.35 39.64
1124574
1761.52 27.32 39.65
1131875
1763.37 27.34 39.64
1139178
1764.78 27.34 39.71
1146480
1765.78 27.32 39.66
1153782
1766.38 27.34 39.71
1161084
1767.29 27.32 39.70
1168387
1767.54 27.34 39.68
1175688
1768.63 27.34 39.68
1182991
1769.94 27.35 39.61
1190292
1771.52 27.37 39.65
1197595
1772.26 27.32 39.65
1204897
1773.21 27.32 39.61
1212203
1773.59 27.32 39.64
1219505
1773.42 27.32 39.65
1226807
1773.26 27.34 39.62
1234109
1773.64 27.32 39.58
1241412
1773.74 27.32 39.61
1248713
1772.25 27.32 39.61
1256016
1773.09 27.35 39.65
1263319
1773.23 27.34 39.57
1270621
1773.21 27.35 39.58
1277923
1772.44 27.35 39.60
1285263
1771.86 27.34 39.54
1292566
1772.10 27.37 39.54
1299868
1772.16 27.37 39.58
1307170
1771.87 27.40 39.53
1314472
1771.04 27.40 39.54
1321775
1771.49 27.35 39.54
1329076
1772.68 27.41 39.36
1336382
1771.94 27.40 39.14
1343683
1770.89 27.38 38.96
1350986
1769.89 27.41 38.88
1358288
1767.41 27.37 38.71
1365591
1763.67 27.38 38.61
1372894
1759.37 27.40 38.57
1380195
1755.80 27.38 38.50
1387497
1754.41 27.38 38.50
1394800
1750.60 27.40 38.44
1402101
1747.70 27.38 38.45
1409404
1745.63 27.40 38.41
1416708
1743.75 27.38 38.36
1424009
1740.36 27.38 38.35
1431312
1736.78 27.38 38.38
1438613
1732.71 27.38 38.35
1445916
1731.54 27.40 38.35
1453218
1729.92 27.40 38.29
1460524
1728.47 27.40 38.34
1467827
1726.49 27.41 38.33
1475128
1724.56 27.40 38.38
1482429
1721.79 27.38 38.42
1489732
1719.67 27.38 38.47
1497033
1719.03 27.40 38.54
1504336
1717.03 27.41 38.54
1511639
1715.85 27.40 38.58
1518941
1712.21 27.41 38.67
1526243
1710.77 27.41 38.66
1533545
1708.90 27.41 38.73
1540846
1707.84 27.42 38.73
1548149
1708.18 27.40 38.73
1555450
1707.45 27.41 38.75
1562754
1707.44 27.44 38.79
1570056
1706.60 27.42 38.89
1577358
1707.53 27.41 38.86
1584663
1708.31 27.42 38.89
1591965
1708.99 27.44 38.88
1599266
1708.87 27.41 38.89
1606569
1710.17 27.41 38.91
1613871
1711.37 27.41 38.92
1621174
1711.35 27.40 38.84
1628476
1712.12 27.44 38.85
1635778
1712.81 27.42 38.91
1643080
1714.19 27.42 38.92
1650382
1714.64 27.42 38.89
1657692
1715.00 27.41 38.88
1664995
1715.27 27.42 38.86
1672296
1715.65 27.41 38.80
1679599
1714.45 27.42 38.82
1686901
1714.46 27.40 38.86
1694202
1713.52 27.41 38.83
1701506
1715.16 27.44 38.86
1708811
1715.23 27.41 38.86
1716113
1714.63 27.40 38.89
1723416
1713.79 27.41 38.86
1730717
1713.57 27.40 38.83
1738020
1713.07 27.40 38.83
1745326
1711.87 27.38 38.83
1752627
1711.95 27.38 38.79
1759930
1711.04 27.40 38.76
1767231
1710.35 27.38 38.76
1774534
1708.96 27.38 38.77
1781836
1707.87 27.40 38.76
1789137
1706.55 27.37 38.78
1796441
1705.29 27.38 38.80
1803743
1703.43 27.38 38.79
1811045
1702.12 27.38 38.84
1818348
1701.21 27.40 38.79
1825649
1702.17 27.38 38.74
1832955
1702.08 27.38 38.71
1840258
1700.38 27.38 38.71
1847560
1698.59 27.37 38.74
1854862
1696.99 27.40 38.72
1862165
1695.12 27.37 38.71
1869466
1695.12 27.40 38.63
1876769
1693.04 27.38 38.57
1884070
1692.81 27.41 38.61
1891373
1690.82 27.37 38.55
1898676
1687.79 27.37 38.51
1905977
1684.68 27.37 38.49
1913280
1681.25 27.38 38.38
1920581
1675.68 27.38 38.26
1927882
1664.46 27.40 37.97
1935185
1632.49 27.37 37.93
1942487
1588.20 27.38 37.81
1949790
1528.31 27.37 37.73
1957096
1486.30 27.38 37.68
1964397
1485.46 27.37 37.65
1971738
1479.58 27.38 37.47
1979040
1470.62 27.38 37.34
1986341
1465.89 27.37 37.32
1993644
1458.18 27.37 37.29
2000946
1447.76 27.40 37.16
2008248
1437.54 27.35 37.17
2015551
1427.93 27.37 37.15
2022852
1418.44 27.37 37.05
2030155
1406.44 27.38 37.02
2037456
1393.47 27.35 36.94
2044759
1387.15 27.37 36.96
2052061
1378.80 27.35 36.91
2059363
1371.70 27.35 36.87
2066665
1367.92 27.37 36.87
2073968
1362.86 27.38 36.90
2081269
1358.34 27.35 36.85
2088576
1353.89 27.41 36.87
2095877
1351.94 27.37 36.86
2103185
1348.59 27.37 36.76
2110488
1347.54 27.38 36.65
2117789
1346.24 27.41 36.73
2125091
1342.18 27.38 36.68
2132395
1341.31 27.38 36.71
2139696
1338.96 27.38 36.67
2146999
1335.85 27.35 36.59
2154300
1334.07 27.37 36.55
2161604
1331.38 27.35 36.51
2168907
1326.82 27.35 36.41
2176208
1324.10 27.38 36.41
2183512
1321.11 27.37 36.43
2190814
1316.76 27.38 36.42
2198116
1313.00 27.38 36.39
2205418
1310.75 27.38 36.36
2212723
1308.92 27.38 36.39
2220025
1306.23 27.38 36.41
2227329
1303.37 27.38 36.33
2234630
1302.73 27.38 36.33
2241933
1301.49 27.38 36.31
2249235
1298.88 27.37 36.27
2256536
1297.51 27.38 36.31
2263839
1295.66 27.41 36.22
2271140
1295.32 27.38 36.26
2278444
1294.06 27.40 36.28
2285747
1293.72 27.40 36.31
2293048
1293.09 27.40 36.31
2300351
1292.21 27.41 36.28
2307653
1291.85 27.42 36.28
2314955
1291.24 27.42 36.25
2322257
1290.57 27.42 36.27
2329559
1290.34 27.42 36.27
2336865
1289.98 27.42 36.22
2344168
1289.93 27.44 36.23
2351469
1289.80 27.44 36.24
2358772
1290.09 27.41 36.24
2366074
1290.04 27.42 36.28
2373377
1290.53 27.42 36.22
2380679
1291.03 27.42 36.24
2387981
1290.66 27.41 36.16
2395282
1290.41 27.40 36.20
2402585
1289.45 27.44 36.12
2409886
1287.86 27.41 36.12
2417189
1287.45 27.42 36.06
2424492
1286.15 27.41 36.05
2431793
1284.31 27.41 35.93
2439096
1283.24 27.42 35.98
2446397
1281.35 27.42 35.99
2453699
1278.70 27.42 35.98
2461004
1277.34 27.42 35.99
2468306
1275.26 27.41 35.73
2475609
1268.90 27.42 34.84
2482912
990.64 27.40 32.98
2490213
902.17 27.37 32.67
2497516
892.12 27.35 33.19
2504817
877.62 27.35 33.75
2512118
869.17 27.34 34.09
2519421
879.24 27.34 34.84
2526723
891.06 27.31 35.12
2534025
922.13 27.31 35.30
2541328
1022.98 27.31 35.39
2548636
1048.25 27.32 35.47
2555939
1069.29 27.32 35.53
2563241
1095.58 27.32 35.59
2570544
1109.28 27.32 35.08
2577846
1108.00 27.31 34.11
2585151
1103.00 27.31 34.70
2592454
1100.57 27.29 34.86
2599756
1100.13 27.31 35.20
2607057
1100.16 27.31 35.21
2614361
1098.84 27.32 35.20
2621664
1096.57 27.28 35.09
2628965
1096.95 27.29 35.33
2636268
1098.86 27.28 35.51
2643569
1101.25 27.28 35.47
2650871
1102.81 27.32 35.49
2658174
1107.36 27.29 35.50
2665515
1109.08 27.28 35.57
2672817
1111.55 27.31 34.65
2680118
1110.85 27.31 34.46
2687420
1106.01 27.31 34.13
2694722
1096.65 27.28 34.73
2702024
1087.24 27.28 34.90
2709329
1082.09 27.28 35.02
2716633
1080.61 27.29 35.08
2723934
1081.10 27.31 35.05
2731237
1081.06 27.27 35.11
2738538
1082.37 27.29 35.21
2745839
1084.47 27.29 35.30
2753142
1086.52 27.29 35.28
2760443
1087.21 27.28 34.28
2767747
1081.85 27.28 34.00
2775050
897.54 27.25 33.30
2782351
866.36 27.24 32.63
2789653
836.46 27.22 32.64
2796954
820.92 27.22 33.71
2804256
823.68 27.22 34.14
2811558
832.20 27.22 34.06
2818860
827.78 27.20 33.04
2826163
814.77 27.20 32.57
2833469
759.86 27.17 33.08
2840770
766.55 27.15 33.32
2848072
772.83 27.17 33.67
2855374
787.34 27.17 33.53
2862675
795.84 27.14 33.13
2869978
802.02 27.14 33.53
2877280
805.29 27.13 33.76
2884582
812.42 27.15 33.96
2891885
829.39 27.11 34.11
2899186
879.69 27.13 34.07
2906488
874.23 27.13 32.33
2913790
829.09 27.15 31.82
2921092
771.14 27.10 32.06
2928395
709.30 27.11 32.12
2935696
686.15 27.09 31.43
2942998
676.49 27.06 31.92
2950301
670.73 27.06 31.45
2957602
664.02 27.03 31.78
2964909
665.80 27.04 32.56
2972210
675.22 27.00 32.78
2979511
686.89 26.96 33.21
2986813
765.20 26.97 33.41
2994115
771.60 26.96 32.78
3001417
765.83 26.97 31.79
3008719
724.98 26.92 31.69
3016022
646.67 26.92 31.42
3023324
617.11 26.87 31.32
3030627
597.59 26.83 31.54
3037928
593.86 26.85 31.40
3045231
591.50 26.81 31.81
3052532
596.45 26.82 32.29
3059834
608.27 26.79 32.79
3067138
694.47 26.78 33.11
3074439
733.33 26.76 33.27
3081742
744.63 26.79 33.24
3089044
770.56 26.81 33.13
3096348
777.27 26.81 33.11
3103651
784.03 26.78 33.14
3110952
790.35 26.79 33.13
3118256
793.37 26.79 33.29
3125558
800.38 26.79 33.41
3132859
804.37 26.79 33.49
3140162
809.71 26.82 33.53
3147464
815.95 26.81 33.70
3154766
821.73 26.83 33.74
3162068
840.82 26.83 33.85
3169370
855.65 26.85 34.01
3176673
868.39 26.85 34.04
3183975
878.96 26.83 34.21
3191277
886.03 26.85 34.32
3198579
887.91 26.85 34.21
3205882
894.12 26.86 34.06
3213184
899.06 26.87 33.68
3220490
898.24 26.87 33.26
3227791
893.63 26.87 33.31
3235093
886.84 26.89 33.09
3242396
785.14 26.86 32.64
3249697
763.17 26.87 32.79
3256999
747.04 26.86 32.34
3264303
728.96 26.85 32.07
3271604
725.83 26.85 32.59
3278907
723.30 26.85 32.97
3286208
727.30 26.83 33.04
3293510
728.84 26.82 33.02
3300813
734.77 26.85 32.93
3308114
735.45 26.82 32.95
3315418
732.26 26.83 32.56
3322720
728.26 26.83 32.72
3330021
727.70 26.81 32.33
3337324
725.92 26.79 32.73
3344625
727.95 26.81 33.10
3351931
729.10 26.82 33.23
3359271
733.98 26.82 33.26
3366574
739.85 26.83 33.27
3373876
759.06 26.85 32.88
3381177
754.96 26.83 32.49
3388478
754.58 26.85 32.78
3395781
757.24 26.85 33.13
3403082
759.83 26.85 33.02
3410385
761.54 26.85 32.69
3417688
759.99 26.86 32.27
3424990
757.31 26.86 32.37
3432292
756.95 26.87 32.51
3439600
754.60 26.89 32.41
3446901
747.47 26.86 31.83
3454204
736.02 26.86 31.89
3461506
719.72 26.85 32.03
3468809
705.68 26.87 32.21
3476111
695.25 26.87 32.35
3483415
698.77 26.90 32.39
3490718
697.30 26.89 32.16
3498019
697.91 26.89 32.29
3505321
697.98 26.90 31.34
3512624
691.19 26.90 31.39
3519925
689.48 26.92 31.62
3527228
686.18 26.92 31.35
3534530
680.09 26.90 31.23
3541831
676.78 26.90 31.27
3549134
675.75 26.90 31.46
3556435
674.44 26.92 31.96
3563737
673.59 26.89 31.70
3571040
675.42 26.92 32.28
3578341
677.76 26.94 31.66
3585643
678.48 26.92 31.58
3592946
678.21 26.94 31.91
3600247
679.91 26.92 31.94
3607554
681.07 26.93 32.18
3614855
683.40 26.93 32.09
3622156
683.26 26.92 31.77
3629459
680.74 26.92 31.72
3636760
680.50 26.92 31.83
3644062
680.66 26.92 31.96
3651365
681.91 26.93 32.03
3658667
683.07 26.93 32.10
3665969
685.13 26.93 32.23
3673271
690.33 26.93 32.42
3680572
726.48 26.96 32.52
3687874
745.80 26.97 32.54
3695176
748.12 26.97 32.55
3702478
748.89 26.96 32.47
3709782
749.38 26.99 32.44
3717083
748.92 27.00 32.51
3724385
748.53 27.00 32.43
3731687
748.10 27.00 31.74
3738991
741.83 27.03 31.16
3746293
710.35 27.01 31.01
3753595
665.02 27.00 31.36
3760898
667.31 26.99 31.70
3768200
667.21 27.00 32.09
3775502
674.47 27.00 32.19
3782804
680.78 26.99 32.28
3790105
688.50 27.03 32.24
3797406
691.62 27.00 32.24
3804709
696.12 27.03 32.26
3812011
699.84 27.01 32.14
3819313
696.80 27.03 31.68
3826616
690.41 26.99 30.95
3833917
683.68 27.01 31.06
3841220
676.55 26.99 31.30
3848521
670.40 26.99 31.65
3855822
666.73 27.00 31.89
3863126
666.54 27.01 31.92
3870430
669.62 27.00 31.98
3877732
669.71 26.97 32.03
3885035
673.58 27.00 32.03
3892336
675.02 27.03 31.20
3899638
674.04 26.99 31.00
3906939
671.84 26.99 30.82
3914241
668.65 26.97 31.12
3921544
666.05 27.01 31.46
3928845
663.37 26.99 31.60
3936147
662.01 26.99 31.67
3943450
661.39 27.00 31.73
3950751
662.15 26.99 31.76
3958053
663.29 26.97 31.82
3965355
664.38 26.99 31.41
3972657
663.74 26.99 31.25
3979959
663.82 27.01 31.46
3987260
664.08 27.01 31.65
3994566
664.45 27.00 31.70
4001868
664.93 27.03 31.81
4009169
665.33 27.01 31.89
4016473
666.60 27.00 31.92
4023774
668.07 27.00 31.89
4031075
669.57 27.00 31.95
4038378
671.49 27.01 32.02
4045679
