1483.67 27.06 39.14
1179
1484.14 27.07 39.15
3231
1484.57 27.06 39.11
5256
1486.80 27.07 39.13
7280
1487.64 27.06 39.16
9305
1489.06 27.06 39.10
13330
1489.42 27.07 39.14
15353
1489.53 27.09 39.08
17376
1489.46 27.07 39.10
19399
1490.48 27.06 39.10
21423
1490.79 27.07 39.03
23445
1491.10 27.07 39.06
25468
1491.53 27.10 39.05
28496
1492.37 27.07 39.01
35800
1494.17 27.07 38.98
43102
1494.93 27.10 38.95
50403
1495.42 27.10 39.01
57705
1496.01 27.10 39.00
65006
1496.48 27.13 38.98
72308
1497.58 27.11 39.03
79613
1497.13 27.11 39.00
86915
1497.11 27.13 38.95
94217
1498.98 27.14 39.01
101519
1499.03 27.11 38.91
108821
1499.95 27.13 38.84
116122
1500.22 27.14 38.93
123425
1499.48 27.14 39.03
130734
1503.23 27.13 39.12
138035
1507.94 27.14 38.99
145337
1517.80 27.13 38.90
152638
1537.37 27.16 39.06
159941
1542.71 27.13 39.06
167242
1543.69 27.11 39.05
174544
1546.35 27.11 39.00
181848
1545.52 27.13 38.93
189149
1550.58 27.14 38.85
196451
1551.18 27.16 38.86
203752
1550.38 27.16 38.88
211058
1547.46 27.16 38.86
218359
1546.73 27.14 38.83
225662
1543.38 27.14 38.85
232965
1540.08 27.14 40.62
240266
1542.44 27.18 39.80
247569
1541.51 27.18 39.30
254870
1541.95 27.20 39.23
262172
1543.37 27.20 39.15
269473
1545.12 27.20 39.06
276775
1547.12 27.18 39.13
284079
1548.99 27.18 39.07
291380
1552.95 27.18 39.13
298682
1555.95 27.20 39.11
305984
1559.21 27.18 39.14
313286
1560.94 27.20 39.14
320587
1564.11 27.18 39.16
327888
1568.99 27.18 39.22
335195
1573.59 27.17 39.25
342496
1573.10 27.18 39.14
349798
1578.22 27.20 38.90
357099
1579.82 27.20 38.77
364402
1578.30 27.17 38.67
371704
1574.96 27.18 38.66
379005
1572.95 27.21 38.63
386308
1567.25 27.16 38.68
393609
1565.30 27.18 38.88
400912
1562.37 27.18 38.97
408213
1561.94 27.18 38.97
415515
1562.56 27.17 38.93
422818
1562.47 27.18 38.78
430119
1562.37 27.18 38.82
437422
1561.54 27.17 38.91
444723
1561.62 27.17 38.92
452026
1561.11 27.21 38.95
459327
1560.57 27.18 38.96
466633
1562.00 27.20 38.93
473935
1563.72 27.20 38.96
481236
1563.25 27.21 38.94
488540
1565.11 27.21 38.94
495841
1563.74 27.20 38.93
503143
1564.52 27.20 38.92
510445
1566.67 27.21 38.93
517746
1566.22 27.21 38.90
525048
1568.44 27.21 38.93
532349
1570.12 27.18 38.93
539653
1571.41 27.23 38.93
546954
1570.02 27.24 38.94
554256
1572.76 27.24 38.90
561558
1573.22 27.23 38.87
568859
1574.76 27.21 38.81
576161
1575.23 27.23 38.74
583503
1575.45 27.23 38.70
590807
1576.97 27.23 38.70
598111
1577.13 27.24 38.74
605413
1574.72 27.24 38.76
612716
1573.50 27.23 38.78
620017
1573.93 27.24 38.80
627319
1571.54 27.24 38.75
634621
1570.65 27.24 38.78
641924
1569.74 27.25 38.79
649225
1570.95 27.25 38.82
656528
1571.23 27.25 38.76
663829
1571.01 27.25 38.80
671130
1570.24 27.27 38.82
678432
1571.47 27.25 38.85
685734
1571.80 27.27 38.76
693037
1571.88 27.28 38.87
700338
1572.09 27.27 38.84
707641
1573.03 27.28 38.82
714942
1572.11 27.28 38.81
722248
1573.15 27.30 38.81
729550
1574.82 27.28 38.79
736851
1574.68 27.30 38.79
744155
1574.49 27.28 38.81
751456
1574.35 27.31 38.76
758758
1575.48 27.30 38.74
766059
1573.70 27.30 38.70
773368
1573.87 27.28 38.68
780672
1574.09 27.31 38.76
787973
1573.25 27.31 38.74
795275
1575.51 27.31 38.72
802576
1575.43 27.31 38.78
809879
1576.28 27.30 38.73
817180
1577.14 27.34 38.75
824481
1578.50 27.33 38.75
831783
1579.68 27.34 38.71
839086
1580.32 27.35 38.72
846388
1580.52 27.34 38.77
853692
1581.02 27.31 38.79
860995
1581.72 27.31 38.79
868297
1583.47 27.34 38.71
875599
1584.85 27.33 38.71
882902
1585.39 27.31 38.68
890203
1587.20 27.33 38.73
897505
1586.64 27.35 38.73
904807
1584.46 27.35 38.72
912109
1586.61 27.35 38.76
919411
1586.28 27.34 38.76
926713
1585.58 27.37 38.77
934016
1586.76 27.37 38.74
941317
1587.27 27.35 38.70
948620
1588.79 27.37 38.74
955921
1591.54 27.38 38.74
963223
1592.71 27.35 38.79
970526
1593.46 27.37 38.75
977827
1595.76 27.38 38.79
985133
1595.61 27.37 38.76
992435
1598.35 27.35 38.73
999737
1601.25 27.37 38.76
1007038
1603.46 27.38 38.73
1014339
1603.01 27.35 38.79
1021642
1603.57 27.37 38.80
1028943
1604.24 27.38 38.79
1036246
1606.13 27.40 38.78
1043548
1606.18 27.37 38.79
1050850
1606.68 27.38 38.74
1058153
1607.79 27.38 38.74
1065454
1609.39 27.38 38.78
1072756
1608.79 27.35 38.75
1080057
1610.69 27.41 38.77
1087361
1612.37 27.38 38.69
1094662
1611.68 27.40 38.74
1101964
1615.02 27.38 38.80
1109270
1618.11 27.40 38.73
1116571
1622.42 27.41 38.69
1123874
1624.24 27.40 38.75
1131175
1624.47 27.38 38.78
1138478
1622.87 27.38 38.75
1145780
1621.26 27.41 38.74
1153082
1621.16 27.41 38.82
1160384
1622.35 27.41 38.80
1167686
1622.76 27.43 38.82
1174988
1623.38 27.41 38.76
1182289
1625.15 27.40 38.69
1189593
1625.87 27.37 38.70
1196894
1623.90 27.40 38.70
1204195
1625.10 27.38 38.74
1211497
1624.89 27.43 38.79
1218799
1626.76 27.43 38.77
1226101
1626.16 27.44 38.70
1233405
1626.70 27.43 38.69
1240709
1628.72 27.41 38.67
1248011
1628.15 27.44 38.81
1255354
1628.07 27.43 38.86
1262656
1627.14 27.41 39.06
1269957
1628.68 27.44 39.13
1277260
1632.61 27.43 39.05
1284561
1634.50 27.43 39.05
1291864
1638.20 27.41 38.91
1299167
1645.28 27.43 38.85
1306468
1650.06 27.41 38.87
1313771
1647.83 27.41 38.67
1321072
1646.08 27.44 38.25
1328374
1640.74 27.44 37.95
1335676
1631.25 27.41 37.51
1342979
1538.79 27.41 36.91
1350282
1371.50 27.44 36.79
1357586
1354.29 27.41 36.97
1364888
1347.60 27.45 37.20
1372190
1342.29 27.43 37.53
1379492
1354.76 27.41 38.19
1386793
1367.42 27.41 38.24
1394097
1466.50 27.41 38.21
1401399
1548.90 27.41 38.22
1408701
1554.07 27.41 38.22
1416003
1566.85 27.41 38.46
1423304
1565.94 27.41 38.49
1430607
1573.13 27.40 38.42
1437908
1581.74 27.41 38.42
1445210
1585.01 27.43 38.53
1452513
1586.88 27.43 38.56
1459814
1588.03 27.41 38.58
1467116
1594.24 27.43 38.56
1474418
1595.99 27.41 38.55
1481723
1598.24 27.38 38.50
1489027
1601.59 27.41 38.50
1496328
1602.41 27.41 38.41
1503630
1603.83 27.43 38.27
1510932
1603.91 27.41 38.23
1518234
1604.24 27.41 38.18
1525535
1604.64 27.40 38.18
1532838
1603.85 27.43 38.13
1540141
1601.54 27.45 38.02
1547442
1597.54 27.43 37.89
1554745
1591.43 27.43 37.80
1562046
1579.72 27.41 37.75
1569348
1512.71 27.43 37.67
1576650
1510.25 27.44 37.60
1583952
1479.04 27.44 37.43
1591254
1448.29 27.43 36.90
1598555
1352.30 27.41 36.41
1605861
1263.64 27.41 36.22
1613162
1203.98 27.41 36.15
1620464
1130.66 27.43 35.95
1627766
1072.15 27.43 35.88
1635068
1060.66 27.44 35.80
1642370
1040.11 27.43 35.80
1649671
1024.99 27.45 35.70
1656974
1018.54 27.43 35.70
1664282
1014.85 27.44 35.70
1671584
1010.61 27.44 35.68
1678885
1004.87 27.45 35.42
1686189
1000.65 27.44 35.24
1693491
996.12 27.44 35.19
1700793
984.43 27.47 34.98
1708095
970.13 27.45 34.91
1715396
949.91 27.44 34.87
1722698
941.75 27.45 34.75
1730003
931.02 27.41 34.73
1737306
911.03 27.44 34.63
1744608
892.74 27.45 34.62
1751909
886.45 27.45 34.52
1759212
881.40 27.44 34.57
1766513
879.25 27.43 34.67
1773815
886.79 27.43 34.67
1781116
888.38 27.44 34.49
1788420
889.14 27.44 34.39
1795722
889.31 27.44 34.30
1803023
890.55 27.41 34.28
1810325
888.66 27.45 34.34
1817627
888.12 27.44 34.33
1824929
886.86 27.41 34.22
1832230
884.30 27.43 34.19
1839532
881.82 27.45 34.21
1846834
877.50 27.44 34.10
1854136
874.28 27.43 34.05
1861441
873.92 27.44 34.06
1868742
870.88 27.44 34.22
1876045
870.67 27.43 34.42
1883348
874.91 27.44 34.56
1890651
877.92 27.47 34.47
1897953
881.29 27.45 34.19
1905254
883.29 27.47 34.28
1912556
885.62 27.45 34.29
1919857
885.19 27.45 34.28
1927201
887.22 27.45 34.33
1934503
888.21 27.44 34.43
1941805
889.66 27.44 34.40
1949108
891.60 27.50 34.40
1956408
893.42 27.45 34.34
1963711
897.89 27.47 34.32
1971012
906.00 27.47 34.28
1978314
912.71 27.45 34.35
1985617
917.76 27.48 34.38
1992922
919.86 27.47 34.08
2000224
919.80 27.45 33.91
2007525
911.29 27.47 33.88
2014828
902.63 27.48 33.88
2022129
895.35 27.47 33.98
2029431
895.38 27.47 34.03
2036732
892.24 27.48 33.81
2044034
890.00 27.48 33.68
2051337
885.55 27.45 33.51
2058638
874.71 27.48 33.40
2065940
793.84 27.48 33.26
2073241
793.77 27.48 33.18
2080543
780.76 27.48 33.06
2087844
769.26 27.47 32.94
2095148
760.88 27.45 32.87
2102450
745.36 27.48 32.79
2109751
729.04 27.48 32.80
2117057
722.83 27.47 32.77
2124358
724.19 27.51 32.86
2131660
723.09 27.48 32.93
2138961
718.61 27.48 32.96
2146263
718.61 27.47 33.08
2153566
719.72 27.47 33.18
2160867
721.53 27.47 33.21
2168169
726.14 27.48 33.14
2175470
728.85 27.50 33.11
2182772
729.75 27.48 33.12
2190074
738.50 27.50 33.18
2197376
763.64 27.50 33.19
2204678
781.65 27.50 33.38
2211979
782.83 27.48 33.36
2219281
785.55 27.48 33.36
2226583
793.40 27.48 33.39
2233885
796.89 27.48 33.48
2241186
805.60 27.48 33.63
2248491
812.39 27.47 33.68
2255794
824.71 27.47 33.60
2263095
834.91 27.50 33.60
2270397
850.53 27.47 33.74
2277698
852.77 27.50 33.56
2285000
856.57 27.50 33.39
2292303
860.42 27.48 33.38
2299604
859.88 27.47 33.33
2306907
863.35 27.50 33.45
2314208
862.48 27.47 33.61
2321510
866.43 27.51 33.66
2328811
869.83 27.48 33.78
2336114
871.78 27.48 33.82
2343416
875.34 27.50 33.87
2350717
877.35 27.50 33.84
2358020
879.38 27.48 33.76
2365321
879.27 27.50 33.64
2372624
881.56 27.51 33.62
2379928
881.84 27.53 33.55
2387230
881.50 27.50 33.52
2394533
880.43 27.50 33.52
2401835
880.54 27.51 33.57
2409137
881.47 27.50 33.70
2416438
880.35 27.51 33.76
2423740
881.72 27.51 33.74
2431041
883.42 27.51 33.76
2438344
884.31 27.50 33.73
2445646
886.99 27.51 33.77
2452947
888.86 27.51 33.84
2460250
889.30 27.48 33.78
2467552
888.59 27.48 33.67
2474854
886.83 27.48 33.72
2482155
890.06 27.50 34.40
2489456
893.97 27.51 34.56
2496758
1045.32 27.48 34.76
2504062
1067.24 27.51 34.79
2511366
1077.39 27.48 34.85
2518667
1089.53 27.48 34.84
2525969
1093.09 27.50 34.88
2533273
1104.25 27.48 34.94
2540574
1108.11 27.50 34.93
2547876
1114.39 27.48 34.95
2555185
1117.54 27.48 34.98
2562488
1122.37 27.48 34.89
2569789
1125.15 27.48 34.71
2577092
1124.15 27.48 34.64
2584394
1120.96 27.48 34.56
2591695
1116.44 27.47 34.49
2598998
1107.87 27.50 34.51
2606341
1050.61 27.48 34.56
2613643
1055.05 27.48 34.59
2620944
1057.49 27.50 34.59
2628250
1051.69 27.48 34.59
2635552
1050.24 27.50 34.61
2642854
1047.69 27.50 34.57
2650157
1048.32 27.50 34.55
2657458
1052.40 27.50 34.35
2664761
1049.83 27.48 34.05
2672062
1038.00 27.48 33.94
2679364
991.10 27.48 33.82
2686666
961.24 27.47 33.86
2693968
955.27 27.48 33.74
2701271
942.41 27.51 33.22
2708572
925.90 27.50 32.96
2715874
899.65 27.47 32.77
2723175
810.47 27.48 32.72
2730477
798.10 27.47 32.65
2737779
788.34 27.50 32.63
2745080
775.76 27.47 32.59
2752382
763.30 27.48 32.58
2759687
758.50 27.48 32.61
2766990
754.96 27.47 32.65
2774292
752.74 27.48 32.62
2781593
751.95 27.45 32.56
2788895
749.33 27.47 32.45
2796197
749.35 27.47 32.41
2803500
746.50 27.50 32.29
2810801
744.11 27.50 32.24
2818103
741.04 27.47 32.13
2825406
733.65 27.47 32.06
2832707
724.34 27.48 32.08
2840009
700.60 27.47 32.14
2847310
693.14 27.47 32.03
2854614
684.36 27.47 31.96
2861915
677.94 27.48 31.88
2869216
673.42 27.45 31.72
2876518
672.91 27.48 31.70
2883822
670.10 27.47 31.65
2891125
665.52 27.45 31.71
2898426
662.34 27.50 31.74
2905729
659.04 27.50 31.89
2913031
656.24 27.48 32.48
2920332
659.80 27.47 32.55
2927635
672.97 27.47 32.69
2934936
746.52 27.48 32.78
2942238
772.65 27.48 32.75
2949539
777.08 27.45 32.84
2956841
789.40 27.47 32.90
2964145
802.94 27.47 32.68
2971446
808.48 27.47 32.65
2978748
813.22 27.45 32.66
2986049
812.50 27.48 32.56
2993352
814.30 27.50 32.57
3000653
818.49 27.45 32.62
3007954
817.86 27.48 32.65
3015261
816.56 27.44 32.45
3022562
814.99 27.45 32.53
3029864
815.09 27.45 32.41
3037165
813.46 27.45 32.41
3044467
814.06 27.48 32.49
3051770
813.87 27.45 32.72
3059072
813.39 27.44 32.70
3066374
813.54 27.44 32.85
3073675
811.72 27.45 32.66
3080977
809.37 27.44 32.26
3088278
808.45 27.44 32.35
3095581
807.15 27.44 32.34
3102883
806.91 27.45 32.30
3110184
805.74 27.44 32.48
3117487
803.45 27.45 32.74
3124789
803.07 27.45 32.91
3132091
804.34 27.47 33.02
3139392
805.49 27.47 32.89
3146698
807.10 27.48 32.76
3154000
807.16 27.48 33.02
3161302
809.44 27.51 33.25
3168605
811.51 27.54 32.89
3175906
811.29 27.53 32.82
3183208
812.48 27.55 32.78
3190509
811.54 27.57 32.66
3197810
811.45 27.58 32.70
3205112
811.40 27.62 32.69
3212413
812.74 27.65 32.76
3219717
810.84 27.65 32.50
3227018
810.17 27.68 32.46
3234320
808.68 27.71 32.37
3241623
805.97 27.72 32.21
3248924
803.39 27.78 32.19
3256227
798.42 27.82 32.19
3263528
794.08 27.85 32.11
3270834
783.03 27.86 31.80
3278176
775.26 27.89 31.70
3285479
756.10 27.91 31.76
3292781
730.62 27.93 31.85
3300082
720.22 27.95 31.91
3307384
719.22 28.02 31.90
3314686
715.55 28.02 31.99
3321989
719.45 28.05 31.79
3329290
723.68 28.09 31.58
3336592
725.52 28.09 31.60
3343894
727.43 28.09 31.53
3351195
729.08 28.12 31.51
3358498
730.01 28.12 31.43
3365799
731.23 28.13 31.31
3373102
731.08 28.13 31.26
3380403
729.79 28.15 31.32
3387705
729.45 28.13 31.28
3395008
726.51 28.13 31.15
3402312
723.74 28.12 31.15
3409614
724.13 28.12 31.16
3416916
721.65 28.15 31.17
3424219
720.11 28.11 31.15
3431520
718.89 28.12 31.11
3438822
718.29 28.12 31.19
3446131
718.51 28.12 31.23
3453433
718.63 28.08 31.15
3460736
718.32 28.06 31.31
3468037
719.15 28.06 31.44
3475340
719.48 28.05 31.51
3482641
721.56 28.02 31.46
3489942
722.98 28.02 31.34
3497244
722.41 28.01 31.20
3504545
720.79 28.01 31.28
3511848
718.65 27.98 31.22
3519150
718.43 27.96 31.13
3526452
716.31 27.96 31.15
3533758
711.79 27.95 31.29
3541059
710.03 27.92 31.22
3548361
711.17 27.93 31.25
3555662
707.45 27.91 31.30
3562966
706.29 27.91 31.37
3570267
704.67 27.89 31.33
3577569
704.36 27.86 31.29
3584871
705.26 27.86 31.34
3592172
705.73 27.84 31.34
3599475
705.99 27.86 31.02
3606776
706.23 27.84 31.11
3614078
704.41 27.81 31.05
3621380
701.06 27.82 31.14
3628681
700.17 27.79 31.15
3635983
698.59 27.78 31.26
3643284
698.16 27.79 31.23
3650587
696.35 27.76 31.26
3657891
696.41 27.74 31.30
3665195
697.32 27.78 31.39
3672497
697.22 27.74 31.26
3679798
697.18 27.75 31.37
3687100
697.71 27.71 31.50
3694401
698.06 27.71 31.60
3701704
699.05 27.72 31.63
3709005
699.69 27.71 31.63
3716307
698.99 27.69 31.74
3723610
700.63 27.69 31.74
3730911
701.00 27.69 31.80
3738214
701.15 27.66 31.76
3745515
700.07 27.66 31.63
3752817
701.06 27.66 31.56
3760118
700.12 27.68 31.54
3767419
699.85 27.65 31.60
3774722
699.66 27.66 31.54
3782023
697.31 27.64 31.64
3789329
694.49 27.64 31.60
3796630
694.12 27.65 31.60
3803932
693.89 27.64 31.59
3811234
694.19 27.62 31.64
3818536
694.00 27.62 31.61
3825839
692.38 27.62 31.68
3833140
691.31 27.61 31.64
3840442
690.07 27.61 31.55
3847743
688.59 27.60 31.50
3855046
688.02 27.61 31.37
3862348
686.32 27.60 31.32
3869649
684.25 27.60 31.26
3876952
682.45 27.61 31.12
3884253
679.32 27.60 31.19
3891556
673.54 27.58 31.27
3898857
670.52 27.60 31.20
3906159
665.17 27.58 31.19
3913461
664.30 27.58 31.07
3920765
663.66 27.57 31.07
3928069
662.80 27.58 31.16
3935370
660.55 27.54 31.16
3942672
661.00 27.57 31.10
3950014
657.84 27.55 31.12
3957315
