1330.68 27.58 37.30
3089
1332.21 27.56 37.25
5154
1333.09 27.56 37.24
7177
1334.35 27.59 37.23
9200
1334.93 27.55 37.23
11225
1336.77 27.56 37.13
13247
1334.41 27.58 37.10
15271
1331.81 27.58 37.07
17296
1328.18 27.59 37.04
19321
1324.00 27.60 37.04
21345
1311.61 27.59 36.99
23369
1274.53 27.59 36.98
25394
1247.00 27.60 37.02
28424
1230.21 27.60 36.98
35725
1221.78 27.62 37.03
43026
1217.86 27.62 36.86
50329
1214.12 27.65 36.73
57631
1206.23 27.65 36.74
64932
1205.83 27.65 36.66
72233
1203.39 27.67 36.75
79540
1202.69 27.67 36.70
86842
1199.02 27.66 36.79
94143
1197.50 27.66 36.69
101444
1196.68 27.70 36.72
108745
1197.60 27.69 36.69
116048
1198.65 27.70 36.71
123351
1201.34 27.72 36.73
130653
1203.38 27.72 36.74
137954
1204.71 27.72 36.69
145256
1206.86 27.72 36.77
152559
1209.67 27.73 36.78
159860
1212.91 27.72 36.84
167161
1218.11 27.75 36.84
174465
1220.61 27.72 36.82
181767
1226.80 27.72 36.81
189069
1234.93 27.73 36.85
196370
1241.19 27.73 36.81
203672
1243.99 27.73 36.69
210978
1246.49 27.75 36.56
218279
1246.19 27.75 36.65
225582
1245.74 27.75 36.67
232884
1245.27 27.75 36.61
240186
1244.07 27.75 36.64
247488
1242.08 27.77 36.70
254789
1241.31 27.75 36.64
262090
1240.86 27.76 36.61
269393
1240.09 27.79 36.59
276739
1239.73 27.76 36.55
284041
1240.59 27.75 36.66
291342
1239.43 27.75 36.70
298644
1241.00 27.77 36.68
305947
1242.37 27.76 36.70
313248
1244.43 27.77 36.66
320549
1245.56 27.79 36.58
327853
1246.87 27.76 36.61
335159
1247.42 27.75 36.69
342460
1249.89 27.76 36.63
349761
1252.06 27.76 36.65
357063
1251.69 27.76 36.77
364366
1255.62 27.79 36.90
371667
1259.19 27.76 36.96
378969
1263.12 27.79 37.04
386271
1267.49 27.79 36.96
393573
1271.83 27.77 36.80
400876
1273.50 27.77 36.87
408177
1277.16 27.81 36.78
415478
1279.73 27.79 36.74
422781
1283.44 27.77 36.75
430084
1285.32 27.79 36.73
437385
1285.00 27.80 36.73
444686
1285.87 27.79 36.70
451989
1285.52 27.79 36.68
459291
1285.86 27.80 36.47
466596
1286.17 27.77 36.43
473897
1282.79 27.79 36.43
481208
1278.42 27.80 36.33
488511
1274.36 27.77 36.23
495812
1268.78 27.77 36.40
503113
1263.12 27.79 36.31
510415
1258.81 27.80 36.57
517719
1254.18 27.80 36.69
525020
1253.14 27.81 36.71
532321
1251.90 27.80 36.36
539622
1251.81 27.81 36.30
546925
1250.72 27.81 36.30
554227
1248.82 27.81 36.33
561529
1247.23 27.83 36.22
568830
1244.10 27.81 36.18
576133
1243.03 27.84 36.27
583436
1239.82 27.83 36.26
590737
1238.19 27.84 36.29
598041
1237.88 27.83 36.20
605344
1237.61 27.83 36.10
612646
1236.59 27.81 36.17
619949
1237.62 27.83 36.27
627250
1238.85 27.81 36.39
634552
1238.57 27.84 36.37
641855
1238.54 27.83 36.42
649156
1240.58 27.84 36.45
656457
1242.20 27.80 36.44
663759
1243.42 27.84 36.40
671062
1244.89 27.86 36.40
678365
1245.80 27.83 36.37
685666
1248.04 27.83 36.37
692967
1251.28 27.83 36.33
700269
1251.89 27.84 36.35
707572
1252.68 27.86 36.36
714873
1254.72 27.86 36.39
722178
1256.44 27.83 36.42
729481
1257.56 27.81 36.39
736783
1259.73 27.81 36.49
744085
1262.04 27.86 36.47
751386
1262.24 27.86 36.49
758688
1264.06 27.86 36.40
765991
1264.48 27.84 36.40
773293
1266.20 27.84 36.40
780594
1267.88 27.83 36.42
787896
1268.29 27.84 36.41
795199
1270.87 27.84 36.42
802500
1272.76 27.84 36.45
809801
1275.85 27.84 36.49
817103
1277.07 27.84 36.43
824406
1277.29 27.83 36.41
831709
1277.62 27.86 36.38
839010
1278.76 27.84 36.30
846311
1279.22 27.86 36.30
853617
1278.69 27.87 36.29
860919
1279.53 27.84 36.31
868220
1279.17 27.84 36.30
875523
1278.60 27.84 36.35
882825
1278.97 27.84 36.36
890127
1278.89 27.84 36.30
897429
1278.38 27.81 36.31
904730
1276.71 27.84 36.35
912032
1276.37 27.84 36.46
919335
1276.51 27.86 36.54
926637
1277.86 27.84 36.63
933938
1280.35 27.83 36.67
941283
1283.44 27.84 36.65
948585
1287.65 27.86 36.61
955888
1295.94 27.84 36.57
963189
1301.58 27.83 36.51
970490
1305.45 27.84 36.54
977794
1305.31 27.86 36.55
985099
1305.64 27.86 36.60
992401
1303.81 27.84 36.60
999702
1307.30 27.86 36.63
1007004
1309.63 27.86 36.65
1014307
1312.99 27.83 36.58
1021608
1313.15 27.84 36.50
1028910
1314.08 27.86 36.49
1036213
1313.11 27.87 36.50
1043515
1314.45 27.86 36.58
1050817
1313.19 27.84 36.56
1058118
1311.43 27.86 36.50
1065419
1310.43 27.84 36.61
1072722
1310.16 27.86 36.55
1080025
1307.52 27.83 36.42
1087327
1305.90 27.86 36.40
1094628
1303.54 27.87 36.41
1101930
1303.14 27.84 36.45
1109236
1303.25 27.86 36.41
1116538
1300.35 27.84 36.50
1123840
1300.19 27.86 36.58
1131142
1299.59 27.86 36.65
1138445
1301.93 27.84 36.60
1145746
1305.09 27.86 36.54
1153048
1306.86 27.84 36.47
1160350
1306.78 27.86 36.41
1167653
1307.06 27.87 36.44
1174955
1307.56 27.86 36.49
1182256
1308.14 27.84 36.54
1189557
1309.03 27.83 36.63
1196860
1310.30 27.86 36.66
1204162
1311.96 27.84 36.58
1211464
1311.84 27.84 36.46
1218765
1311.80 27.83 36.37
1226067
1311.42 27.86 36.39
1233374
1309.77 27.84 36.45
1240675
1309.95 27.86 36.41
1247976
1310.04 27.84 36.34
1255279
1310.19 27.84 36.31
1262582
1309.33 27.84 36.39
1269883
1309.98 27.83 36.38
1277185
1310.33 27.84 36.39
1284487
1310.56 27.87 36.43
1291790
1310.20 27.86 36.46
1299091
1310.83 27.84 36.50
1306393
1312.42 27.86 36.54
1313695
1313.09 27.83 36.51
1320998
1312.86 27.87 36.40
1328300
1312.25 27.84 36.14
1335601
1309.15 27.84 36.41
1342902
1309.27 27.81 36.39
1350205
1308.99 27.86 36.43
1357511
1307.87 27.84 35.91
1364812
1303.22 27.83 35.59
1372122
1255.11 27.83 35.99
1379424
1228.54 27.86 35.99
1386727
1227.25 27.83 36.32
1394028
1234.62 27.83 36.47
1401330
1247.52 27.83 36.60
1408632
1255.07 27.81 36.12
1415934
1256.94 27.84 36.29
1423237
1263.09 27.80 36.54
1430538
1275.71 27.83 36.48
1437841
1295.59 27.81 36.41
1445143
1308.25 27.81 36.36
1452446
1326.19 27.80 36.48
1459747
1324.52 27.81 36.25
1467048
1324.31 27.81 36.07
1474352
1323.12 27.79 35.86
1481657
1314.79 27.79 35.60
1488959
1303.43 27.79 35.89
1496260
1256.80 27.76 35.92
1503563
1242.98 27.77 36.02
1510865
1243.15 27.79 36.16
1518167
1238.02 27.81 36.13
1525469
1241.85 27.77 36.20
1532771
1241.97 27.79 36.04
1540074
1241.42 27.79 35.54
1547375
1234.61 27.79 35.08
1554676
1194.84 27.79 34.86
1561978
1100.24 27.77 34.75
1569281
1083.19 27.77 34.78
1576584
1057.65 27.79 34.41
1583885
1013.99 27.77 34.32
1591186
976.39 27.79 34.53
1598489
978.36 27.77 34.73
1605838
978.04 27.79 34.82
1613139
978.71 27.77 35.05
1620441
987.73 27.79 34.60
1627744
989.61 27.80 34.47
1635046
992.29 27.79 34.12
1642347
986.22 27.76 33.87
1649648
977.51 27.80 34.15
1656950
972.79 27.79 34.19
1664252
967.90 27.80 34.41
1671556
965.09 27.77 33.90
1678857
956.59 27.77 33.94
1686158
946.49 27.80 34.43
1693460
945.91 27.80 34.42
1700763
945.20 27.79 34.32
1708064
948.89 27.79 34.11
1715365
949.26 27.79 34.51
1722669
951.59 27.77 34.47
1729971
954.07 27.80 34.14
1737276
954.72 27.79 33.70
1744577
952.93 27.77 33.67
1751879
950.78 27.76 33.34
1759182
946.71 27.77 33.55
1766483
940.76 27.79 33.28
1773785
931.67 27.77 33.42
1781086
905.48 27.76 33.44
1788389
886.62 27.76 33.55
1795691
887.42 27.76 33.75
1802992
881.47 27.76 32.93
1810294
868.66 27.76 32.85
1817596
855.48 27.76 33.11
1824900
844.76 27.79 32.99
1832201
831.26 27.76 32.46
1839502
811.89 27.75 32.37
1846805
783.76 27.76 32.55
1854107
748.98 27.75 32.46
1861412
742.21 27.75 32.31
1868713
735.17 27.72 32.45
1876015
730.93 27.73 32.70
1883317
732.75 27.73 32.55
1890620
731.60 27.75 32.40
1897921
730.09 27.73 32.68
1905222
730.87 27.73 32.45
1912524
730.60 27.73 32.38
1919827
727.23 27.73 32.21
1927129
724.87 27.72 32.19
1934430
721.17 27.72 32.00
1941733
718.14 27.72 32.00
1949035
701.49 27.75 31.85
1956336
667.48 27.72 31.83
1963637
658.56 27.72 32.02
1970940
657.99 27.72 31.76
1978243
654.32 27.73 31.70
1985545
647.73 27.72 31.97
1992849
649.48 27.72 32.11
2000150
653.94 27.72 32.74
2007453
658.70 27.72 32.90
2014755
674.95 27.73 33.02
2022056
742.64 27.72 33.08
2029359
778.26 27.72 33.17
2036661
792.14 27.69 33.16
2043964
805.42 27.69 32.46
2051265
803.01 27.70 32.19
2058566
794.24 27.70 32.10
2065869
791.11 27.70 32.26
2073171
783.69 27.72 32.53
2080473
778.24 27.73 32.60
2087774
776.44 27.72 32.74
2095077
774.50 27.72 32.86
2102379
774.89 27.72 32.94
2109681
776.70 27.72 33.23
2116982
785.92 27.70 33.40
2124286
844.59 27.70 33.32
2131590
837.59 27.72 33.12
2138892
832.80 27.70 33.09
2146194
828.26 27.70 32.71
2153495
818.50 27.67 32.27
2160797
810.18 27.72 32.19
2168100
799.45 27.70 32.18
2175401
782.98 27.70 32.34
2182703
747.26 27.70 32.37
2190005
731.54 27.72 32.29
2197308
733.98 27.72 32.57
2204609
735.35 27.70 32.37
2211910
734.09 27.70 32.75
2219213
731.57 27.70 32.51
2226515
731.63 27.70 32.49
2233818
730.81 27.70 32.44
2241120
732.55 27.72 32.55
2248424
735.97 27.70 32.80
2255727
738.16 27.73 32.11
2263080
737.83 27.73 31.53
2270382
729.67 27.72 31.24
2277683
661.80 27.72 31.21
2284986
637.09 27.75 31.32
2292288
626.24 27.73 31.31
2299589
612.43 27.70 31.02
2306890
603.94 27.73 31.14
2314193
596.02 27.70 31.06
2321496
559.26 27.70 30.95
2328797
557.75 27.72 31.05
2336098
547.46 27.72 30.99
2343400
553.02 27.72 30.80
2350702
550.67 27.72 30.58
2358004
547.25 27.72 30.54
2365305
544.29 27.75 30.74
2372608
540.36 27.76 30.79
2379913
537.76 27.72 30.76
2387216
537.66 27.72 30.77
2394517
534.39 27.73 30.71
2401818
532.71 27.72 30.60
2409121
531.79 27.75 30.65
2416423
531.60 27.72 30.65
2423725
530.65 27.73 30.72
2431026
529.81 27.72 30.54
2438329
528.93 27.70 30.60
2445631
529.26 27.72 30.89
2452933
529.64 27.73 30.96
2460234
530.42 27.72 30.81
2467535
531.30 27.72 30.72
2474838
531.51 27.72 30.75
2482141
532.50 27.70 30.87
2489442
534.91 27.72 30.94
2496743
537.29 27.70 30.92
2504045
537.56 27.72 30.98
2511351
537.85 27.73 30.91
2518652
538.63 27.70 30.94
2525955
539.81 27.70 30.95
2533257
540.60 27.73 31.00
2540560
540.96 27.69 30.89
2547861
543.15 27.69 31.03
2555162
544.35 27.70 30.99
2562464
545.39 27.72 30.99
2569767
548.25 27.70 30.94
2577069
550.73 27.72 31.21
2584370
552.95 27.72 31.21
2591671
556.12 27.70 31.30
2598973
558.07 27.70 31.34
2606276
561.23 27.67 31.37
2613577
566.40 27.69 31.33
2620878
581.25 27.67 31.06
2628182
588.33 27.69 31.33
2635487
589.23 27.70 31.45
2642789
595.65 27.67 31.33
2650090
596.68 27.70 31.24
2657392
594.40 27.69 31.06
2664695
592.65 27.70 31.09
2671996
592.67 27.69 31.21
2679298
593.37 27.70 31.22
2686600
593.81 27.70 31.25
2693903
595.23 27.70 31.14
2701204
596.00 27.70 31.38
2708505
598.84 27.69 31.52
2715806
601.88 27.70 30.73
2723108
601.86 27.69 30.18
2730412
597.47 27.67 29.97
2737713
588.30 27.70 30.40
2745014
545.69 27.67 30.16
2752317
532.97 27.67 29.97
2759619
527.69 27.66 30.52
2766923
523.17 27.66 30.33
2774225
523.16 27.69 30.37
2781528
523.39 27.67 30.24
2788830
524.43 27.66 30.29
2796131
524.35 27.67 30.39
2803433
523.64 27.66 30.99
2810735
525.52 27.67 31.08
2818037
528.38 27.66 30.81
2825338
531.74 27.65 30.39
2832641
533.29 27.66 30.24
2839942
533.85 27.66 30.24
2847244
531.64 27.66 30.24
2854546
529.78 27.67 30.47
2861848
527.86 27.65 30.17
2869149
524.85 27.65 29.87
2876451
523.29 27.66 29.88
2883755
520.26 27.66 29.73
2891056
517.43 27.66 29.72
2898360
512.97 27.66 29.80
2905663
501.60 27.65 29.88
2912965
490.21 27.63 30.14
2920266
479.19 27.65 30.26
2927611
478.87 27.67 30.24
2934914
478.71 27.65 30.21
2942216
483.26 27.65 30.26
2949518
487.80 27.65 30.33
2956819
490.92 27.65 30.37
2964120
494.16 27.63 30.33
2971422
495.06 27.65 30.29
2978725
497.70 27.66 30.39
2986027
499.48 27.65 30.30
2993328
501.88 27.67 30.32
3000631
502.87 27.66 30.26
3007933
504.04 27.65 30.32
3015235
504.65 27.63 30.36
3022539
505.30 27.63 30.47
3029842
506.34 27.63 30.52
3037145
507.75 27.63 30.47
3044446
508.54 27.63 30.45
3051747
509.30 27.65 30.50
3059050
510.40 27.62 30.60
3066352
512.76 27.63 30.71
3073653
515.45 27.63 30.88
3080954
519.70 27.63 31.19
3088257
536.52 27.63 31.15
3095559
572.06 27.62 31.02
3102861
603.00 27.65 31.08
3110163
609.69 27.62 31.07
3117464
614.82 27.62 31.09
3124766
619.78 27.59 31.01
3132069
624.87 27.60 31.11
3139371
626.92 27.60 31.11
3146672
628.89 27.62 31.19
3153985
630.05 27.60 31.20
3161287
632.79 27.60 31.25
3168588
635.91 27.62 31.30
3175890
637.43 27.59 31.23
3183193
639.16 27.59 31.29
3190495
640.96 27.59 31.18
3197796
642.37 27.58 31.27
3205098
643.84 27.56 31.06
3212400
644.06 27.58 30.91
3219702
642.35 27.55 30.79
3227004
640.97 27.58 30.72
3234306
638.56 27.59 30.69
3241607
623.12 27.56 30.46
3248909
598.39 27.58 30.27
3256212
575.99 27.56 30.26
3263513
569.17 27.58 30.34
3270814
560.47 27.58 30.29
3278116
554.14 27.58 30.35
3285423
547.94 27.56 30.33
3292724
543.06 27.58 30.35
3300025
539.35 27.56 30.33
3307328
538.40 27.56 30.33
3314630
537.94 27.58 30.26
3321931
536.57 27.58 30.24
3329232
538.30 27.59 30.35
3336536
538.39 27.56 30.42
3343838
537.13 27.56 30.42
3351139
537.15 27.56 30.49
3358440
538.19 27.58 30.45
3365741
538.58 27.56 30.47
3373044
538.35 27.56 30.51
3380346
537.80 27.56 30.61
3387648
539.01 27.56 30.72
3394950
539.52 27.55 30.73
3402252
540.17 27.55 30.77
3409558
543.69 27.55 30.79
3416859
545.41 27.56 30.73
3424160
547.80 27.55 30.77
3431462
549.34 27.55 30.80
3438766
552.03 27.56 30.80
3446067
555.75 27.55 30.82
3453368
555.92 27.55 30.85
3460671
558.13 27.56 30.80
3467973
559.75 27.56 30.41
3475274
559.15 27.55 30.43
3482575
557.03 27.56 30.34
3489878
554.57 27.58 30.36
3497180
554.41 27.56 30.34
3504483
552.97 27.56 30.33
3511784
550.68 27.56 30.16
3519085
548.04 27.58 30.12
3526387
543.23 27.55 30.23
3533690
533.14 27.56 30.34
3540995
526.85 27.56 30.42
3548296
523.90 27.58 30.42
3555598
524.54 27.56 30.49
3562901
525.54 27.55 30.49
3570202
526.67 27.56 30.49
3577503
528.26 27.55 30.08
3584805
526.75 27.53 30.01
3592152
522.24 27.55 30.20
3599453
520.60 27.55 30.40
3606754
520.26 27.52 30.50
3614055
523.03 27.55 30.46
3621357
524.89 27.53 30.51
3628660
526.30 27.55 30.57
3635961
528.01 27.55 30.69
3643262
530.15 27.53 30.66
3650565
529.90 27.55 30.61
3657868
532.36 27.58 30.57
3665169
534.17 27.53 30.69
3672473
536.09 27.55 30.76
3679776
538.33 27.52 30.78
3687078
542.06 27.55 30.77
3694380
544.17 27.53 30.57
3701681
545.91 27.53 30.70
3708984
548.64 27.52 30.76
3716286
555.02 27.53 30.80
3723587
559.77 27.52 30.74
3730889
562.62 27.53 30.66
3738190
562.84 27.52 30.58
3745492
564.62 27.53 30.58
3752795
563.17 27.53 30.62
3760097
561.82 27.49 30.47
3767398
562.31 27.53 30.28
3774700
560.18 27.52 30.34
3782003
558.06 27.50 30.47
3789304
555.03 27.52 30.40
3796609
553.27 27.52 30.35
3803911
551.03 27.50 30.28
3811214
547.39 27.52 30.14
3818515
543.27 27.52 30.04
3825816
538.43 27.50 30.08
3833118
521.05 27.52 30.08
3840421
509.45 27.49 30.10
3847724
496.53 27.50 30.11
3855025
492.16 27.49 30.17
3862326
492.16 27.50 30.09
3869629
490.31 27.52 30.08
3876931
489.17 27.50 30.05
3884232
489.84 27.52 30.16
3891533
492.39 27.52 29.95
3898836
492.35 27.50 30.13
3906139
491.35 27.50 30.15
3913440
493.10 27.50 29.90
3920741
492.45 27.52 29.90
3928047
494.24 27.52 29.86
3935349
493.29 27.50 29.86
3942650
493.99 27.52 29.87
3949952
494.78 27.50 30.02
3957255
494.33 27.49 30.06
3964557
495.69 27.53 30.17
3971858
497.13 27.49 30.13
3979159
498.48 27.49 30.21
3986460
500.40 27.50 30.31
3993762
501.24 27.52 30.48
4001065
502.88 27.52 30.46
4008367
505.02 27.52 30.47
4015668
506.69 27.53 30.83
4022970
509.45 27.53 30.65
4030272
