1177.73 35.08 33.43 1529	
1166.79 35.08 33.80 3569	
1151.70 35.06 33.48 5594	
1142.43 35.05 33.09 7618	
1131.14 35.05 32.73 9643	
1112.81 35.04 32.39 11667	
1097.02 35.02 32.24 13691	
1075.86 35.02 32.16 15716	
1073.49 35.05 35.60 19741	
1087.56 35.00 36.82 21764	
1113.29 35.02 36.24 23787	
1153.06 35.01 35.91 25810	
1251.22 35.00 35.88 27834	
1422.58 35.01 37.14 29857	
1468.06 35.01 36.47 31881	
1482.73 35.01 36.15 33905	
1508.07 35.00 36.00 35930	
1537.72 35.00 35.45 37954	
1554.69 35.00 34.93 39980	
1562.67 34.98 34.75 42007	
1541.23 34.97 34.36 44032	
1518.95 34.97 33.96 46056	
1490.92 34.98 33.44 48081	
1433.37 34.98 32.90 52107	
1320.06 34.98 32.97 54130	
1218.77 34.98 33.24 56153	
1123.38 34.97 32.62 61444	
1080.62 35.00 32.48 67992	
992.94 35.04 32.34 74541	
934.97 35.11 32.30 81089	
885.18 35.15 32.17 87638	
845.55 35.22 31.85 94186	
819.96 35.26 31.71 100733	
801.47 35.33 31.60 107282	
787.38 35.42 31.69 113830	
775.54 35.47 31.68 120379	
768.45 35.56 31.59 126927	
760.60 35.65 31.45 133478	
753.51 35.73 31.34 140025	
747.90 35.84 31.29 146573	
744.73 35.87 31.19 153120	
743.72 35.98 31.16 159667	
743.44 36.04 31.01 166214	
743.39 36.12 30.94 172762	
743.36 36.21 30.77 179308	
743.54 36.26 30.67 185856	
743.01 36.32 30.50 192403	
742.90 36.42 30.35 198950	
741.84 36.47 30.20 205497	
739.15 36.56 30.10 212044	
738.54 36.63 30.04 218593	
735.17 36.70 29.93 225141	
732.96 36.74 29.90 231690	
732.11 36.80 29.84 238238	
730.10 36.90 30.03 244787	
731.58 36.92 30.53 251335	
735.74 36.99 30.69 257887	
762.14 37.04 30.56 264435	
841.01 37.09 30.47 270984	
860.76 37.16 30.18 277532	
860.23 37.19 30.17 284081	
872.04 37.28 30.09 290629	
874.11 37.29 30.04 297178	
878.25 37.35 29.99 303726	
879.66 37.42 29.83 310275	
879.15 37.46 29.75 316822	
878.23 37.50 29.74 323368	
877.67 37.55 29.64 329916	
876.80 37.60 29.56 336463	
876.43 37.60 29.35 343010	
876.84 37.66 29.45 349557	
874.67 37.71 29.69 356105	
874.90 37.76 29.93 362652	
877.27 37.80 30.13 369199	
881.30 37.84 30.32 375749	
908.20 37.88 30.47 382297	
987.26 37.91 30.42 388844	
1002.19 37.96 30.33 395393	
1006.12 38.01 30.24 401941	
1003.29 38.05 30.34 408489	
1004.93 38.10 30.42 415038	
1009.75 38.12 30.37 421586	
1013.87 38.16 30.47 428135	
1017.86 38.21 30.28 434683	
1023.29 38.26 30.19 441232	
1023.88 38.29 30.00 447780	
1023.10 38.33 29.85 454329	
1020.56 38.35 29.89 460877	
1019.42 38.40 30.01 467426	
1019.09 38.43 30.01 473974	
1017.01 38.46 29.86 480524	
1016.57 38.49 29.78 487071	
1015.18 38.54 29.64 493622	
1012.81 38.59 29.59 500168	
1009.39 38.62 29.56 506716	
1007.07 38.63 29.48 513263	
1005.08 38.69 29.50 519811	
1002.38 38.71 29.48 526357	
1001.91 38.74 29.51 532904	
1001.41 38.75 29.46 539452	
1001.23 38.81 29.45 545998	
1001.06 38.84 29.22 552546	
1000.87 38.87 29.10 559093	
999.46 38.88 29.10 565642	
996.47 38.91 29.08 572190	
993.44 38.95 29.00 578739	
989.64 38.98 28.97 585287	
986.23 39.02 28.88 591836	
980.85 39.04 28.75 598384	
963.01 39.08 28.67 604956	
951.05 39.12 28.72 611509	
940.15 39.12 28.64 618057	
930.59 39.15 28.56 624606	
924.65 39.18 28.65 631154	
918.05 39.21 28.65 637703	
914.40 39.22 28.55 644251	
909.92 39.25 28.55 650800	
906.75 39.29 28.59 657346	
902.26 39.29 28.54 663901	
902.67 39.30 28.42 670448	
903.23 39.36 28.31 676995	
902.70 39.36 28.28 683542	
901.84 39.38 28.30 690089	
900.69 39.42 28.17 696636	
898.95 39.43 28.17 703183	
898.49 39.47 28.45 709731	
900.60 39.47 28.73 716278	
902.19 39.49 28.55 722825	
907.41 39.52 28.77 729375	
912.37 39.53 28.80 735924	
918.64 39.57 28.92 742472	
929.45 39.59 29.20 749021	
958.20 39.60 29.02 755569	
1018.26 39.64 29.11 762118	
1037.85 39.61 28.97 768666	
1043.24 39.66 28.73 775215	
1046.46 39.68 28.70 781763	
1044.85 39.68 28.72 788313	
1038.26 39.71 28.67 794861	
1033.65 39.70 28.46 801410	
1031.21 39.71 28.39 807958	
1027.52 39.73 28.54 814507	
1024.89 39.77 28.63 821055	
1023.88 39.78 28.53 827602	
1022.47 39.80 28.56 834149	
1021.86 39.84 28.48 840696	
1018.83 39.83 28.37 847247	
1016.88 39.84 28.37 853794	
1015.01 39.86 28.62 860342	
1013.73 39.90 28.65 866889	
1011.63 39.86 28.48 873437	
1011.79 39.91 28.41 879983	
1010.48 39.92 28.39 886531	
1007.78 39.94 28.46 893078	
1006.77 39.94 28.38 899625	
1004.11 39.97 28.25 906172	
1002.71 40.01 28.31 912720	
1003.12 39.99 28.35 919269	
1001.34 40.01 28.20 925817	
999.08 40.01 28.24 932366	
998.01 40.05 28.29 938914	
997.03 40.05 28.42 945463	
996.73 40.08 28.24 952011	
995.63 40.11 28.06 958560	
995.11 40.09 28.01 965112	
991.99 40.09 28.22 971660	
989.07 40.12 28.19 978208	
987.16 40.11 28.16 984757	
983.11 40.15 28.08 991305	
980.34 40.16 28.08 997854	
979.73 40.16 28.15 1004402	
978.44 40.16 28.26 1010950	
978.69 40.19 28.20 1017497	
979.77 40.20 28.09 1024045	
978.51 40.20 28.10 1030591	
978.16 40.22 28.09 1037138	
977.99 40.22 28.29 1043686	
978.96 40.23 28.43 1050233	
979.48 40.28 28.27 1056780	
980.76 40.25 28.09 1063327	
982.45 40.28 28.11 1069875	
983.22 40.29 28.12 1076425	
982.50 40.31 27.95 1082973	
981.53 40.32 28.09 1089521	
981.07 40.35 28.06 1096070	
981.32 40.33 28.13 1102618	
981.71 40.35 28.16 1109167	
982.29 40.38 28.30 1115715	
983.59 40.38 28.34 1122264	
985.72 40.41 28.33 1128811	
987.36 40.41 28.35 1135361	
991.40 40.42 28.40 1141909	
998.54 40.42 28.37 1148457	
1014.33 40.45 28.53 1155006	
1084.04 40.45 28.58 1161554	
1102.10 40.46 28.50 1168103	
1103.32 40.46 28.45 1174651	
1114.70 40.47 28.48 1181199	
1117.09 40.49 28.47 1187746	
1122.39 40.47 28.37 1194297	
1124.33 40.50 28.39 1200844	
1126.90 40.50 28.45 1207392	
1124.90 40.52 28.41 1213938	
1125.56 40.54 28.24 1220486	
1128.51 40.53 28.37 1227033	
1130.05 40.57 28.51 1233581	
1131.00 40.54 28.61 1240128	
1133.50 40.54 28.44 1246675	
1136.78 40.57 28.92 1253223	
1143.92 40.57 28.95 1259771	
1170.08 40.60 28.71 1266320	
1204.44 40.60 28.74 1272868	
1209.37 40.60 28.61 1279417	
1215.13 40.63 28.61 1285965	
1211.59 40.64 28.84 1292514	
1209.68 40.66 28.91 1299062	
1217.51 40.66 28.93 1305615	
1218.22 40.67 28.88 1312187	
1218.77 40.63 29.04 1318735	
1224.16 40.67 29.32 1325285	
1226.43 40.68 29.26 1331833	
1234.08 40.70 29.44 1338382	
1260.89 40.70 29.39 1344930	
1317.85 40.70 29.27 1351478	
1312.18 40.71 29.03 1358024	
1309.68 40.73 29.10 1364572	
1316.43 40.73 29.46 1371119	
1316.64 40.74 29.43 1377667	
1319.32 40.73 29.19 1384214	
1324.35 40.76 29.13 1390760	
1322.08 40.76 29.13 1397308	
1318.89 40.76 29.05 1403855	
1317.38 40.78 29.13 1410403	
1315.49 40.77 29.08 1416953	
1311.36 40.80 28.89 1423501	
1307.50 40.81 28.64 1430049	
1302.92 40.77 28.74 1436598	
1299.82 40.83 28.89 1443146	
1294.72 40.84 28.89 1449695	
1291.12 40.84 28.94 1456243	
1289.38 40.87 29.14 1462799	
1286.28 40.87 29.12 1469347	
1285.84 40.87 29.22 1475896	
1285.65 40.88 29.11 1482445	
1284.03 40.91 28.94 1488994	
1283.47 40.90 29.08 1495542	
1282.03 40.93 28.95 1502091	
1281.48 40.94 28.82 1508639	
1280.36 40.94 28.85 1515188	
1278.10 40.94 28.96 1521735	
1276.11 40.94 29.16 1528286	
1276.22 40.95 29.18 1534833	
1277.42 40.97 28.95 1541380	
1278.67 40.98 28.87 1547927	
1278.22 40.98 28.62 1554475	
1277.05 40.97 28.70 1561022	
1275.88 41.02 28.67 1567569	
1274.21 41.02 28.71 1574117	
1272.51 41.02 28.67 1580664	
1270.14 41.04 28.73 1587211	
1267.57 41.04 28.71 1593759	
1266.26 41.06 28.70 1600308	
1264.20 41.02 28.74 1606857	
1263.59 41.09 28.62 1613406	
1261.31 41.11 28.72 1619954	
1259.46 41.12 28.78 1626503	
1257.86 41.09 28.73 1633051	
1256.39 41.13 28.60 1639603	
1255.15 41.13 28.75 1646151	
1253.53 41.12 28.90 1652700	
1252.32 41.15 28.88 1659249	
1252.20 41.15 28.75 1665798	
1251.76 41.18 28.67 1672346	
1251.13 41.18 28.71 1678895	
1250.42 41.19 28.77 1685442	
1250.43 41.19 28.94 1691990	
1251.34 41.21 28.95 1698536	
1251.22 41.21 28.97 1705083	
1252.78 41.22 28.94 1711631	
1254.26 41.24 28.94 1718178	
1255.23 41.22 28.92 1724726	
1256.45 41.24 28.84 1731272	
1256.24 41.25 28.87 1737820	
1255.55 41.25 28.89 1744367	
1254.78 41.28 28.93 1750918	
1255.08 41.28 28.97 1757465	
1256.76 41.29 28.86 1764014	
1258.25 41.29 28.76 1770562	
1258.23 41.29 28.76 1777111	
1259.55 41.28 29.39 1783659	
1264.63 41.31 29.74 1790208	
1356.14 41.31 29.78 1796756	
1457.05 41.32 29.70 1803304	
1492.65 41.35 29.87 1809854	
1501.36 41.33 29.87 1816402	
1511.95 41.32 29.90 1822951	
1527.24 41.31 30.06 1829499	
1538.88 41.33 30.05 1836048	
1557.43 41.33 30.05 1842596	
1588.84 41.31 30.23 1849146	
1633.62 41.33 30.12 1855692	
1638.20 41.33 30.02 1862243	
1634.65 41.33 29.70 1868790	
1615.79 41.33 29.44 1875338	
1601.61 41.35 29.61 1881885	
1581.34 41.36 29.62 1888433	
1517.79 41.36 29.43 1894980	
1476.60 41.35 29.23 1901528	
1444.68 41.36 29.15 1908074	
1431.48 41.36 29.05 1914621	
1416.80 41.36 29.36 1921169	
1415.23 41.37 29.34 1927717	
1407.39 41.39 29.23 1934266	
1404.15 41.37 29.23 1940814	
1400.22 41.37 29.23 1947364	
1396.35 41.40 29.43 1953912	
1396.52 41.39 29.33 1960461	
1396.38 41.37 29.08 1967009	
1395.23 41.39 28.95 1973561	
1393.28 41.42 28.99 1980109	
1390.90 41.40 28.85 1986658	
1388.13 41.40 28.82 1993206	
1383.98 41.42 28.82 1999755	
1381.42 41.42 28.77 2006304	
1378.08 41.37 28.80 2012853	
1374.79 41.42 28.76 2019424	
1369.97 41.40 28.94 2025971	
1357.94 41.40 29.04 2032519	
1358.87 41.40 29.17 2039066	
1360.07 41.42 29.22 2045614	
1366.65 41.42 29.15 2052160	
1373.40 41.42 29.15 2058707	
1380.02 41.40 29.22 2065255	
1384.92 41.42 29.15 2071802	
1389.57 41.40 29.08 2078350	
1391.98 41.42 28.95 2084900	
1393.00 41.43 29.10 2091449	
1395.48 41.42 29.18 2097997	
1399.55 41.40 29.43 2104546	
1403.25 41.42 29.46 2111094	
1407.53 41.40 29.41 2117643	
1413.59 41.42 29.48 2124191	
1420.42 41.39 29.51 2130740	
1424.60 41.40 29.56 2137289	
1429.90 41.42 29.43 2143838	
1434.04 41.37 29.49 2150386	
1438.47 41.42 29.54 2156935	
1442.26 41.40 29.48 2163483	
1446.02 41.39 29.53 2170032	
1450.06 41.40 29.50 2176579	
1452.53 41.37 29.30 2183126	
1456.24 41.40 29.30 2189673	
1456.80 41.39 29.36 2196220	
1458.46 41.40 29.43 2202765	
1458.34 41.42 29.53 2209312	
1458.32 41.37 29.46 2215860	
1459.92 41.39 29.48 2222407	
1460.67 41.40 29.48 2228955	
1460.01 41.40 29.50 2235501	
1462.04 41.42 29.56 2242049	
1464.94 41.37 29.51 2248596	
1468.97 41.40 29.48 2255144	
1474.92 41.40 29.53 2261700	
1476.31 41.42 29.48 2268249	
1478.21 41.40 29.43 2274797	
1480.25 41.42 29.48 2281346	
1480.23 41.45 29.50 2287894	
1479.37 41.39 29.54 2294443	
1480.57 41.40 29.59 2300991	
1479.75 41.40 29.46 2307539	
1478.50 41.43 29.48 2314092	
1477.73 41.43 29.50 2320641	
1475.14 41.43 29.37 2327189	
1467.05 41.40 29.22 2333737	
1452.69 41.45 29.22 2340286	
1442.02 41.42 29.28 2346834	
1437.41 41.43 29.27 2353382	
1428.38 41.42 29.30 2359929	
1422.95 41.46 29.24 2366476	
1419.13 41.43 29.40 2373023	
1413.11 41.42 29.46 2379571	
1407.53 41.42 29.48 2386118	
1405.59 41.43 29.47 2392666	
1406.13 41.45 29.40 2399213	
1405.15 41.43 29.61 2405761	
1408.17 41.45 29.53 2412307	
1409.42 41.45 29.60 2418854	
1410.45 41.45 29.53 2425405	
1410.06 41.45 29.37 2431952	
1412.05 41.47 29.39 2438501	
1410.07 41.49 29.39 2445049	
1408.63 41.47 29.25 2451598	
1408.97 41.47 29.21 2458146	
1409.24 41.50 29.31 2464695	
1408.27 41.49 29.24 2471243	
1407.72 41.50 29.26 2477792	
1408.30 41.50 29.22 2484340	
1406.75 41.50 29.14 2490889	
1407.75 41.50 29.19 2497437	
1407.20 41.50 29.14 2503987	
1406.63 41.52 29.21 2510535	
1406.86 41.50 29.26 2517084	
1408.07 41.53 29.23 2523630	
1408.64 41.53 29.29 2530178	
1409.68 41.54 29.43 2536728	
1411.42 41.54 29.46 2543276	
1412.99 41.56 29.51 2549823	
1413.64 41.56 29.39 2556370	
1414.99 41.54 29.48 2562917	
1419.18 41.57 29.59 2569464	
1475.67 41.57 29.53 2576012	
1487.92 41.56 29.57 2582559	
1483.43 41.60 29.59 2589106	
1484.61 41.57 29.72 2595653	
1487.03 41.61 29.79 2602202	
1491.43 41.60 29.69 2608750	
1495.37 41.61 29.69 2615300	
1497.05 41.60 29.64 2621848	
1499.11 41.63 29.68 2628397	
1502.24 41.61 29.69 2634945	
1506.48 41.61 29.79 2641494	
1508.81 41.61 29.63 2648045	
1511.46 41.63 29.71 2654594	
1513.82 41.63 29.68 2661142	
1519.24 41.64 29.66 2667691	
1520.68 41.61 29.59 2674239	
1522.49 41.64 29.63 2680788	
1523.05 41.66 29.63 2687337	
1527.71 41.67 29.58 2693884	
1529.13 41.66 29.53 2700432	
1530.59 41.67 29.52 2706978	
1531.97 41.69 29.53 2713526	
1532.86 41.70 29.42 2720073	
1532.31 41.70 29.63 2726621	
1533.15 41.73 29.83 2733192	
1532.75 41.71 29.75 2739739	
1532.43 41.73 29.57 2746287	
1532.66 41.73 29.49 2752833	
1533.86 41.74 29.44 2759384	
1533.34 41.73 29.41 2765932	
1533.35 41.74 29.43 2772482	
1533.00 41.74 29.41 2779030	
1533.37 41.76 29.29 2785579	
1531.66 41.76 29.31 2792127	
1530.92 41.78 29.31 2798675	
1528.97 41.80 29.35 2805224	
1527.66 41.81 29.39 2811772	
1527.17 41.81 29.41 2818321	
1525.40 41.80 29.44 2824869	
1525.14 41.80 29.43 2831418	
1525.27 41.83 29.50 2837966	
1525.34 41.83 29.53 2844515	
1526.39 41.83 29.55 2851062	
1527.54 41.83 29.74 2857610	
1531.39 41.84 30.16 2864156	
1558.00 41.86 30.01 2870707	
1647.60 41.86 30.11 2877254	
1661.88 41.87 30.03 2883802	
1664.85 41.87 29.75 2890349	
1668.12 41.90 29.65 2896897	
1660.67 41.88 29.44 2903444	
1651.43 41.90 29.53 2909990	
1642.09 41.91 29.62 2916538	
1633.04 41.90 29.53 2923085	
1632.30 41.91 29.90 2929634	
1634.09 41.91 30.01 2936182	
1642.32 41.90 30.06 2942731	
1649.02 41.91 30.47 2949279	
1662.32 41.92 30.62 2955828	
1756.19 41.92 30.69 2962376	
1799.10 41.91 30.59 2968925	
1824.05 41.92 30.46 2975473	
1826.50 41.91 30.46 2982026	
1824.82 41.92 30.47 2988574	
1824.41 41.94 30.41 2995123	
1826.70 41.94 30.33 3001671	
1825.50 41.95 30.17 3008220	
1820.82 41.97 30.08 3014767	
1820.99 41.95 30.15 3021314	
1818.10 41.97 30.08 3027861	
1811.43 41.94 30.00 3034408	
1802.32 41.95 29.93 3040956	
1789.14 41.98 29.87 3047502	
1750.36 41.97 29.84 3054050	
1669.38 41.95 29.79 3060604	
1659.34 41.94 29.64 3067152	
1656.95 41.98 29.54 3073698	
1647.05 41.98 29.53 3080246	
1633.90 41.98 29.48 3086793	
1621.01 41.99 29.43 3093345	
1616.35 41.99 29.61 3099893	
1610.93 41.99 29.58 3106442	
1605.32 42.01 29.54 3112990	
1602.39 42.01 29.46 3119539	
1601.18 41.97 29.51 3126087	
1599.05 41.99 29.59 3132636	
1598.42 41.99 29.67 3139185	
1600.16 41.99 29.66 3145734	
1598.63 42.01 29.67 3152282	
1597.58 41.98 29.75 3158831	
1597.16 42.01 29.81 3165379	
1597.14 41.99 29.76 3171928	
1596.22 41.97 29.69 3178476	
1594.26 41.98 29.77 3185024	
1593.82 41.98 29.69 3191570	
1593.24 41.98 29.66 3198117	
1591.77 41.95 29.62 3204668	
1590.31 41.98 29.57 3211215	
1586.45 41.97 29.54 3217763	
1585.11 41.92 29.57 3224310	
1581.78 41.95 29.54 3230858	
1576.60 41.94 29.54 3237405	
1574.69 41.94 29.54 3243952	
1568.28 41.95 29.52 3250499	
1560.99 41.92 29.39 3257047	
1557.94 41.94 29.39 3263595	
1554.55 41.92 29.44 3270144	
1549.46 41.94 29.39 3276692	
1548.13 41.97 29.34 3283240	
1545.36 41.94 29.34 3289789	
1542.52 41.94 29.40 3296337	
1540.44 41.94 29.51 3302886	
1538.10 41.91 29.65 3309434	
1538.10 41.92 29.67 3315986	
1537.91 41.92 29.50 3322534	
1539.97 41.92 29.65 3329083	
1540.66 41.91 29.78 3335631	
1542.72 41.91 29.85 3342180	
1544.21 41.91 29.75 3348728	
1546.97 41.90 29.73 3355276	
1548.96 41.91 29.80 3361823	
1551.70 41.92 29.75 3368371	
1554.03 41.90 29.86 3374918	
1557.28 41.91 29.70 3381465	
1559.82 41.90 29.86 3388012	
1562.44 41.90 29.81 3394560	
1565.02 41.87 29.78 3401107	
1566.39 41.90 29.95 3407654	
1568.18 41.88 30.11 3414201	
1570.85 41.88 29.86 3420748	
1572.37 41.88 29.86 3427299	
1573.31 41.90 29.91 3433847	
1575.47 41.88 29.99 3440420	
1577.68 41.88 29.93 3446969	
1578.93 41.86 29.84 3453517	
1581.29 41.87 29.70 3460065	
1582.30 41.86 29.75 3466613	
1583.68 41.86 29.75 3473162	
1583.86 41.87 29.71 3479710	
1583.40 41.88 29.70 3486259	
1584.81 41.87 29.71 3492807	
1587.12 41.90 29.76 3499356	
1588.79 41.86 29.98 3505904	
1591.25 41.88 30.04 3512453	
1598.51 41.88 30.14 3519000	
1677.31 41.87 30.22 3525547	
1692.35 41.88 30.22 3532094	
1704.84 41.90 30.28 3538644	
1715.48 41.87 30.29 3545192	
1717.62 41.87 30.34 3551739	
1722.80 41.88 30.31 3558286	
1725.83 41.90 30.42 3564833	
1730.28 41.90 30.28 3571381	
1730.90 41.91 30.09 3577928	
1727.13 41.91 30.01 3584475	
1721.17 41.90 30.01 3591022	
1718.22 41.91 30.03 3597571	
1713.13 41.88 30.06 3604119	
1704.96 41.92 30.02 3610669	
1668.69 41.90 29.98 3617217	
1636.95 41.91 30.16 3623766	
1642.83 41.91 30.13 3630314	
1643.45 41.90 30.26 3636862	
1653.38 41.92 30.29 3643411	
1657.75 41.90 30.26 3649963	
1662.30 41.94 30.45 3656511	
1667.93 41.90 30.23 3663060	
1670.96 41.91 30.06 3669609	
1669.01 41.88 30.06 3676157	
1666.11 41.91 29.78 3682705	
1661.24 41.94 30.10 3689251	
1660.56 41.95 29.90 3695799	
1655.62 41.98 30.07 3702346	
1651.23 41.99 29.81 3708894	
1643.42 42.05 29.35 3715441	
1624.03 42.09 28.71 3721989	
1485.44 42.14 28.34 3728536	
1382.31 42.21 28.26 3735084	
1333.30 42.26 27.82 3741631	
1299.74 42.35 27.91 3748177	
1238.48 42.42 27.90 3754725	
1224.24 42.49 27.75 3761277	
1212.99 42.56 27.30 3767826	
1197.51 42.64 27.10 3774374	
1179.78 42.70 27.37 3780923	
1166.22 42.75 27.05 3787471	
1160.62 42.81 26.82 3794020	
1145.94 42.86 26.78 3800568	
1136.50 42.91 26.30 3807118	
1127.57 42.98 26.52 3813666	
1118.28 43.04 26.64 3820215	
1114.36 43.05 26.36 3826763	
1113.67 43.08 26.05 3833312	
1107.13 43.10 25.94 3839860	
1101.69 43.13 25.66 3846409	
1094.65 43.12 25.65 3852956	
1772.38 43.18 25.94 3859511	
1068.42 43.16 24.51 3866057	
996.77 43.19 24.66 3872605	
943.23 43.15 24.59 3879150	
918.13 43.18 24.46 3885697	
898.04 43.13 24.44 3892244	
894.31 43.18 24.43 3898791	
883.69 43.15 24.40 3905339	
875.46 43.15 24.42 3911886	
864.24 43.15 24.28 3918433	
857.62 43.15 24.35 3924981	
849.88 43.16 24.13 3931530	
837.86 43.13 23.95 3938078	
821.60 43.16 23.77 3944628	
812.81 43.18 23.77 3951176	
801.09 43.18 23.74 3957725	
797.65 43.22 23.74 3964273	
791.57 43.23 23.70 3970822	
787.66 43.27 23.81 3977370	
787.14 43.29 23.67 3983919	
783.58 43.33 23.60 3990470	
780.66 43.36 23.62 3997019	
780.09 43.39 23.68 4003567	
776.16 43.44 23.59 4010116	
774.75 43.47 23.55 4016663	
774.59 43.50 23.48 4023211	
773.65 43.54 23.43 4029757	
772.13 43.60 23.22 4036304	
771.95 43.65 23.13 4042852	
770.29 43.71 23.12 4049399	
768.79 43.76 23.14 4055947	
768.17 43.80 23.10 4062494	
766.66 43.87 23.07 4069041	
765.49 43.90 23.22 4075588	
764.93 44.01 23.08 4082136	
764.33 44.02 23.10 4088684	
764.07 44.09 23.16 4095233	
764.01 44.15 22.96 4101781	
763.44 44.19 22.82 4108333	
763.77 44.25 22.77 4114881	
764.44 44.30 22.72 4121430	
762.65 44.37 22.67 4127979	
762.07 44.40 22.72 4134528	
761.52 44.45 22.60 4141076	
761.12 44.52 22.49 4147624	
760.57 44.50 21.84 4154198	
760.18 44.53 22.00 4160746	
760.11 44.56 22.01 4167296	
759.41 44.56 22.01 4173844	
759.34 44.64 22.19 4180390	
757.63 44.64 21.66 4186938	
757.12 44.66 20.75 4193485	
757.77 44.64 20.62 4200033	
757.35 44.67 21.41 4206580	
756.92 44.67 21.19 4213127	
756.07 44.69 21.39 4219677	
754.81 44.73 21.43 4226225	
752.18 44.78 21.47 4232772	
748.85 44.82 21.44 4239320	
747.03 44.87 21.57 4245867	
741.46 44.93 21.53 4252414	
738.69 44.95 21.41 4258963	
734.72 45.00 21.48 4265511	
732.78 45.04 21.49 4272060	
730.19 45.06 21.42 4278608	
729.97 45.09 21.35 4285157	
727.20 45.14 21.16 4291705	
724.47 45.14 21.15 4298254	
722.63 45.18 21.02 4304802	
721.19 45.18 20.78 4311351	
719.65 45.23 20.77 4317899	
718.66 45.22 19.66 4324448	
716.79 45.21 19.94 4330996	
715.75 45.19 20.09 4337549	
713.91 45.18 20.27 4344095	
712.30 45.22 20.37 4350643	
710.76 45.22 20.26 4357190	
709.53 45.21 20.18 4363738	
708.72 45.22 19.82 4370285	
706.82 45.21 19.80 4376832	
704.11 45.23 19.98 4383379	
702.14 45.21 20.22 4389926	
701.47 45.25 20.39 4396474	
699.87 45.28 20.48 4403021	
696.55 45.31 20.46 4409568	
691.99 45.33 20.70 4416115	
688.83 45.35 19.59 4422664	
687.35 45.35 19.88 4429212	
683.80 45.33 19.90 4435761	
681.16 45.38 20.05 4442309	
681.21 45.33 20.15 4448858	
680.42 45.33 19.50 4455410	
680.07 45.32 19.71 4461959	
678.78 45.29 19.00 4468507	
676.81 45.21 18.74 4475056	
673.76 45.21 18.98 4481604	
672.07 45.22 19.10 4488153	
670.10 45.18 19.51 4494701	
667.68 45.16 19.56 4501250	
665.17 45.14 19.18 4507798	
664.74 45.12 19.78 4514344	
663.66 45.11 19.63 4520892	
661.06 45.09 19.74 4527439	
659.40 45.06 19.84 4533987	
657.72 44.95 19.11 4540533	
656.43 44.87 18.56 4547081	
654.12 44.81 19.05 4553628	
652.23 44.76 19.19 4560176	
650.59 44.71 19.37 4566726	
648.80 44.66 19.27 4573273	
645.02 44.66 19.75 4579820	
638.19 44.57 19.69 4586368	
634.26 44.59 19.93 4592916	
632.48 44.56 20.04 4599464	
631.06 44.54 20.16 4606013	
628.21 44.53 20.03 4612561	
626.20 44.53 20.16 4619110	
624.21 44.49 19.89 4625658	
622.49 44.46 19.68 4632207	
621.24 44.40 19.53 4638755	
618.49 44.35 19.64 4645304	
617.65 44.29 19.27 4651852	
616.05 44.19 19.03 4658401	
613.36 44.12 18.95 4664956	
612.42 44.08 19.08 4671505	
611.35 43.99 19.42 4678052	
610.54 43.94 19.69 4684603	
608.66 43.90 19.96 4691149	
608.34 43.84 20.05 4697697	
606.74 43.80 20.21 4704244	
606.31 43.78 20.30 4710792	
605.76 43.74 20.24 4717339	
604.44 43.70 20.37 4723887	
603.70 43.68 20.20 4730433	
602.70 43.67 19.69 4736980	
600.86 43.61 19.65 4743528	
600.23 43.53 19.48 4750074	
598.97 43.44 19.57 4756623	
598.19 43.42 19.66 4763171	
597.48 43.39 20.04 4769720	
595.78 43.32 20.29 4776268	
595.25 43.33 20.49 4782818	
594.66 43.36 20.59 4789366	
594.57 43.35 20.69 4795915	
594.65 43.32 20.69 4802466	
594.66 43.35 20.73 4809015	
594.41 43.37 20.64 4815563	
593.22 43.39 20.73 4822112	
592.15 43.42 20.71 4828660	
591.72 43.46 20.75 4835209	
590.25 43.43 20.70 4841757	
589.65 43.47 20.63 4848305	
589.22 43.47 20.66 4854852	
588.63 43.46 20.64 4861424	
588.17 43.52 20.57 4867972	
587.83 43.52 20.59 4874519	
587.43 43.56 20.61 4881067	
586.65 43.57 20.61 4887613	
585.99 43.59 20.61 4894160	
585.69 43.61 20.62 4900708	
585.89 43.63 20.60 4907255	
585.18 43.67 20.60 4913806	
584.18 43.64 20.53 4920354	
583.82 43.67 20.56 4926903	
583.60 43.70 20.58 4933451	
583.52 43.71 20.59 4940000	
583.04 43.71 20.51 4946548	
582.64 43.76 20.50 4953097	
582.33 43.78 20.55 4959645	
580.47 43.83 20.57 4966194	
580.18 43.90 20.50 4972742	
578.91 43.91 20.69 4979292	
579.36 43.96 20.53 4985840	
579.12 44.01 20.40 4992389	
579.08 44.06 20.30 4998937	
578.44 44.08 20.35 5005484	
578.80 44.12 20.28 5012031	
578.15 44.16 20.29 5018578	
576.52 44.16 20.29 5025126	
576.09 44.25 20.33 5031676	
576.32 44.29 20.22 5038224	
576.02 44.32 20.24 5044770	
575.70 44.37 20.28 5051318	
575.92 44.43 20.43 5057865	
577.59 44.47 20.65 5064413	
579.71 44.53 20.54 5070960	
581.46 44.56 20.27 5077509	
583.36 44.60 20.20 5084057	
585.02 44.66 20.13 5090606	
586.64 44.71 20.01 5097153	
587.06 44.76 19.99 5103702	
587.31 44.80 19.85 5110250	
587.34 44.82 19.70 5116800	
587.25 44.90 19.67 5123348	
587.14 44.88 19.69 5129896	
586.61 44.93 19.58 5136445	
585.99 44.97 19.60 5142993	
585.65 45.02 19.64 5149545	
585.78 45.08 19.53 5156093	
584.63 45.11 19.61 5162640	
585.45 45.15 19.61 5169187	
586.42 45.18 19.62 5175735	
585.87 45.22 19.60 5182282	
586.74 45.25 19.66 5188829	
586.40 45.29 19.49 5195376	
586.97 45.33 19.51 5201924	
586.37 45.36 19.46 5208471	
586.27 45.43 19.58 5215019	
587.27 45.45 19.76 5221565	
589.58 45.50 19.74 5228112	
591.56 45.53 19.82 5234661	
594.97 45.59 19.68 5241209	
601.10 45.61 19.64 5247758	
607.53 45.64 19.61 5254306	
609.40 45.66 19.55 5260858	
611.78 45.70 19.44 5267406	
615.68 45.73 19.34 5273955	
619.17 45.74 19.45 5280503	
619.97 45.79 19.25 5287053	
620.47 45.80 19.12 5293600	
622.38 45.81 19.27 5300149	
621.93 45.83 19.18 5306697	
621.55 45.86 19.20 5313247	
622.25 45.90 19.24 5319795	
622.88 45.90 19.11 5326342	
623.15 45.95 19.04 5332889	
622.82 45.98 18.86 5339436	
622.12 46.01 19.01 5345983	
621.31 46.02 18.95 5352530	
620.12 46.01 18.97 5359078	
619.64 46.07 19.03 5365624	
619.53 46.07 18.90 5372172	
618.98 46.05 19.08 5378722	
620.12 46.11 19.26 5385270	
621.49 46.15 19.05 5391817	
623.52 46.15 19.05 5398366	
625.85 46.15 18.96 5404914	
626.89 46.17 18.89 5411463	
626.23 46.21 18.91 5418011	
626.73 46.22 18.91 5424560	
626.85 46.24 18.85 5431108	
627.05 46.26 18.84 5437657	
627.30 46.28 18.84 5444205	
627.71 46.31 18.89 5450754	
627.60 46.31 18.71 5457302	
627.54 46.35 18.82 5463858	
627.29 46.35 18.88 5470406	
627.09 46.39 18.75 5476955	
625.93 46.39 18.62 5483502	
625.74 46.42 18.66 5490050	
624.76 46.42 18.66 5496600	
623.95 46.43 18.59 5503148	
