761.72 31.67 35.77 1025	
753.86 31.71 35.76 3077	
753.77 31.72 35.73 5099	
746.89 31.78 35.67 7122	
746.73 31.79 35.56 9146	
744.58 31.82 35.41 11169	
736.93 31.89 35.36 13193	
732.68 31.91 35.29 15216	
732.84 31.95 35.20 17241	
731.65 32.02 35.25 22029	
726.96 32.12 35.27 28576	
726.95 32.20 34.80 35124	
727.21 32.28 34.48 41671	
724.92 32.42 34.25 48218	
724.95 32.47 33.93 54766	
725.37 32.57 33.79 61315	
724.57 32.63 33.68 67863	
724.87 32.71 33.50 74412	
722.12 32.76 33.35 80960	
722.12 32.80 33.27 87508	
722.23 32.86 33.09 94061	
721.86 32.93 32.98 100608	
719.15 32.97 32.90 107155	
722.24 33.01 32.81 113702	
720.98 33.06 32.74 120250	
718.14 33.08 32.71 126797	
715.59 33.11 32.69 133345	
712.45 33.15 32.65 139891	
711.59 33.20 32.50 146441	
710.68 33.25 32.44 152989	
708.08 33.27 32.46 159538	
707.70 33.29 32.36 166086	
707.62 33.32 32.30 172635	
706.95 33.37 32.20 179183	
706.48 33.38 32.14 185733	
706.45 33.41 32.10 192280	
705.59 33.44 32.08 198828	
705.50 33.46 32.05 205374	
703.23 33.45 31.95 211926	
703.83 33.49 31.97 218473	
702.54 33.54 31.90 225019	
703.02 33.56 31.92 231568	
703.32 33.58 31.86 238117	
703.26 33.59 31.84 244666	
703.97 33.65 31.78 251214	
704.94 33.64 31.77 257763	
703.57 33.66 31.75 264311	
702.77 33.68 31.69 270860	
701.04 33.71 31.72 277407	
700.64 33.73 31.71 283955	
699.52 33.71 31.73 290502	
700.07 33.75 31.71 297050	
699.86 33.76 31.65 303597	
700.17 33.80 31.63 310145	
699.34 33.79 31.76 316693	
699.81 33.79 31.73 323241	
700.44 33.85 31.77 329794	
700.35 33.86 31.80 336343	
700.31 33.88 31.65 342891	
700.87 33.89 31.65 349440	
701.08 33.89 31.64 355988	
701.84 33.92 31.68 362535	
701.65 33.93 31.79 369083	
702.91 33.95 31.94 375630	
704.69 33.96 31.72 382178	
703.65 33.97 31.64 388725	
702.83 33.99 31.59 395273	
702.77 34.03 31.59 401821	
701.25 34.05 31.56 408370	
701.51 34.05 31.52 414918	
702.06 34.09 31.54 421467	
700.71 34.07 31.58 428015	
700.60 34.09 31.55 434564	
700.53 34.13 31.67 441113	
701.17 34.13 31.63 447661	
700.84 34.16 31.59 454211	
702.13 34.16 31.62 460759	
702.57 34.17 31.62 467306	
702.19 34.20 31.59 473852	
703.74 34.22 31.55 480400	
704.96 34.22 31.52 486948	
705.36 34.23 31.52 493498	
707.16 34.26 31.51 500046	
710.59 34.27 31.50 506595	
713.58 34.28 31.56 513143	
714.92 34.30 31.70 519692	
715.82 34.32 31.80 526240	
719.88 34.32 31.79 532788	
721.36 34.30 31.80 539335	
725.12 34.36 31.75 545883	
727.10 34.34 31.75 552430	
730.57 34.36 31.66 558977	
732.07 34.39 31.65 565524	
735.38 34.37 31.76 572076	
736.19 34.39 31.82 578625	
738.82 34.40 31.68 585174	
739.98 34.42 31.62 591722	
741.29 34.43 31.68 598270	
744.12 34.43 31.77 604819	
746.28 34.49 31.79 611367	
748.08 34.44 31.84 617915	
749.26 34.46 31.77 624462	
753.39 34.47 31.79 631037	
757.67 34.47 31.80 637585	
765.06 34.49 31.80 644132	
777.92 34.51 31.67 650681	
788.44 34.50 31.59 657229	
788.35 34.50 31.53 663778	
789.45 34.53 31.55 670326	
789.99 34.51 31.62 676875	
788.89 34.53 31.59 683423	
791.42 34.54 31.55 689976	
791.84 34.55 31.44 696523	
787.57 34.53 31.40 703071	
786.93 34.57 31.37 709618	
787.34 34.57 31.37 716165	
787.67 34.58 31.30 722719	
788.73 34.60 31.33 729267	
787.98 34.58 31.34 735815	
788.81 34.61 32.07 742364	
791.04 34.63 32.22 748912	
793.52 34.63 32.04 755462	
797.48 34.61 31.85 762010	
799.43 34.61 31.77 768559	
802.25 34.63 31.88 775107	
803.33 34.64 31.97 781655	
805.03 34.63 31.93 788201	
805.21 34.65 31.97 794748	
806.93 34.67 32.04 801296	
807.17 34.70 32.10 807846	
809.04 34.67 32.12 814394	
810.76 34.70 32.06 820942	
811.70 34.68 32.12 827491	
814.36 34.71 32.32 834039	
817.37 34.73 32.32 840588	
822.03 34.73 32.26 847137	
831.70 34.74 32.33 853686	
838.48 34.75 32.29 860233	
852.64 34.75 32.28 866780	
855.50 34.75 32.26 873327	
860.96 34.78 32.30 879875	
863.11 34.77 32.22 886422	
871.09 34.82 32.23 892969	
874.48 34.85 32.46 899518	
878.52 34.84 32.54 906066	
885.11 34.84 32.41 912615	
890.57 34.87 32.37 919163	
895.35 34.85 32.50 925712	
902.12 34.87 32.40 932263	
904.72 34.90 32.45 938811	
907.69 34.91 32.49 945358	
911.35 34.92 32.44 951906	
914.72 34.91 32.45 958453	
918.21 34.91 32.41 965000	
925.34 34.95 32.35 971547	
924.69 34.95 32.44 978096	
929.10 34.97 32.53 984645	
935.20 34.97 32.59 991194	
940.62 34.98 32.54 997742	
940.99 34.97 32.57 1004291	
946.92 34.98 32.48 1010839	
952.74 35.01 32.47 1017388	
957.80 35.02 32.60 1023935	
962.91 35.01 32.64 1030482	
981.39 35.02 32.52 1037030	
1002.39 35.04 32.60 1043577	
1011.97 35.05 32.68 1050128	
1020.82 35.04 32.60 1056675	
1016.21 35.05 32.59 1063224	
1013.63 35.08 32.79 1069773	
1016.85 35.06 32.78 1076322	
1020.54 35.11 32.52 1082870	
1018.73 35.11 32.45 1089419	
1017.62 35.11 32.42 1095968	
1015.25 35.11 32.37 1102517	
1013.13 35.12 32.40 1109064	
1013.00 35.12 32.42 1115612	
1011.72 35.12 32.42 1122159	
1010.53 35.15 32.50 1128707	
1008.82 35.15 32.51 1135254	
1007.76 35.15 32.44 1141801	
1006.71 35.21 32.46 1148350	
1005.84 35.21 32.42 1154899	
1003.14 35.21 32.52 1161451	
1002.47 35.19 32.54 1168000	
1002.01 35.22 32.48 1174549	
1000.11 35.24 32.61 1181097	
998.64 35.25 32.51 1187646	
998.59 35.24 32.41 1194193	
999.24 35.26 32.45 1200741	
998.67 35.26 32.58 1207288	
999.45 35.26 32.57 1213835	
999.81 35.28 32.51 1220382	
1000.24 35.28 32.60 1226930	
1001.79 35.28 32.65 1233479	
1004.64 35.29 32.55 1240028	
1005.40 35.31 32.50 1246576	
1007.99 35.31 32.41 1253125	
1008.53 35.33 32.37 1259673	
1008.26 35.35 32.37 1266223	
1008.53 35.36 32.35 1272774	
1005.95 35.35 32.20 1279322	
1003.66 35.35 32.15 1285869	
1002.01 35.36 32.26 1292417	
1000.46 35.38 32.28 1298964	
999.22 35.38 32.35 1305511	
999.40 35.38 32.42 1312059	
999.55 35.41 32.39 1318636	
998.83 35.42 32.41 1325185	
998.22 35.41 32.46 1331733	
997.65 35.42 32.39 1338281	
996.59 35.43 32.41 1344831	
996.43 35.43 32.38 1351379	
996.07 35.43 32.47 1357928	
995.59 35.45 32.47 1364475	
997.08 35.43 32.42 1371023	
996.38 35.46 32.50 1377570	
999.80 35.48 32.53 1384118	
1007.36 35.48 32.59 1390668	
1023.80 35.49 32.67 1397216	
1034.23 35.49 32.62 1403764	
1039.40 35.51 32.59 1410314	
1047.89 35.51 32.59 1416862	
1046.98 35.51 32.60 1423411	
1049.46 35.52 32.67 1429959	
1050.68 35.52 32.73 1436509	
1054.74 35.52 32.77 1443057	
1056.98 35.53 32.72 1449605	
1057.76 35.53 32.62 1456152	
1059.02 35.56 32.58 1462700	
1057.13 35.55 32.58 1469247	
1058.91 35.55 32.58 1475794	
1059.46 35.55 32.52 1482342	
1057.58 35.56 32.57 1488891	
1058.45 35.57 32.58 1495440	
1058.86 35.56 32.76 1501991	
1059.74 35.56 32.78 1508540	
1059.10 35.55 32.75 1515089	
1059.06 35.59 32.68 1521645	
1059.81 35.57 32.65 1528194	
1058.12 35.57 32.62 1534741	
1057.77 35.60 32.64 1541288	
1056.73 35.59 32.64 1547836	
1056.27 35.62 32.68 1554383	
1056.16 35.59 32.68 1560931	
1055.81 35.60 32.68 1567478	
1056.71 35.62 32.54 1574028	
1056.14 35.62 32.48 1580576	
1055.84 35.60 32.54 1587125	
1056.91 35.62 32.63 1593673	
1056.62 35.62 32.70 1600222	
1055.03 35.62 32.64 1606771	
1053.58 35.63 32.67 1613323	
1052.84 35.63 32.70 1619870	
1051.01 35.64 32.66 1626418	
1050.90 35.66 32.66 1632965	
1050.78 35.66 32.72 1639513	
1051.03 35.66 32.72 1646060	
1049.80 35.66 32.72 1652608	
1049.88 35.70 32.73 1659156	
1048.54 35.66 32.73 1665704	
1048.68 35.67 32.79 1672253	
1047.30 35.69 32.79 1678802	
1048.13 35.69 32.83 1685351	
1047.29 35.70 32.89 1691899	
1047.19 35.66 32.84 1698449	
1047.21 35.72 32.92 1704995	
1048.87 35.69 32.96 1711543	
1050.13 35.70 32.89 1718090	
1051.91 35.72 32.93 1724642	
1052.64 35.70 32.82 1731189	
1056.32 35.69 33.00 1737736	
1062.48 35.72 33.08 1744285	
1091.00 35.70 33.10 1750834	
1100.69 35.73 32.95 1757382	
1105.29 35.72 33.03 1763932	
1107.39 35.73 32.96 1770480	
1105.79 35.73 32.98 1777029	
1104.84 35.76 33.00 1783577	
1101.79 35.73 33.13 1790125	
1105.13 35.73 33.05 1796672	
1101.31 35.75 33.06 1803219	
1099.62 35.73 33.05 1809767	
1101.81 35.76 33.12 1816314	
1101.27 35.76 33.24 1822862	
1101.63 35.76 33.14 1829410	
1101.02 35.76 33.18 1835963	
1101.57 35.76 33.21 1842511	
1103.75 35.76 33.44 1849060	
1112.18 35.77 33.43 1855608	
1138.53 35.77 33.35 1862158	
1145.53 35.80 33.37 1868706	
1156.50 35.77 33.43 1875254	
1160.92 35.80 33.41 1881801	
1168.52 35.79 33.54 1888349	
1180.46 35.80 33.58 1894896	
1193.40 35.81 33.37 1901444	
1191.54 35.83 33.51 1907992	
1192.92 35.79 33.61 1914542	
1198.20 35.80 33.64 1921090	
1203.39 35.81 33.74 1927639	
1201.26 35.81 33.65 1934187	
1207.49 35.83 33.64 1940736	
1209.28 35.81 33.67 1947288	
1207.45 35.83 33.61 1953836	
1207.88 35.83 33.63 1960383	
1205.18 35.83 33.61 1966930	
1203.32 35.84 33.49 1973478	
1200.35 35.84 33.43 1980025	
1194.35 35.86 33.45 1986573	
1192.85 35.86 33.54 1993121	
1191.76 35.89 33.68 1999670	
1192.39 35.89 33.68 2006247	
1193.87 35.87 33.58 2012795	
1195.41 35.89 33.61 2019345	
1195.33 35.89 33.71 2025893	
1194.26 35.90 33.64 2032442	
1195.21 35.89 33.45 2038989	
1194.66 35.87 33.58 2045537	
1195.26 35.89 33.62 2052084	
1193.92 35.91 33.81 2058635	
1194.98 35.89 33.96 2065182	
1197.14 35.91 34.24 2071730	
1198.95 35.90 34.15 2078278	
1205.28 35.91 34.43 2084828	
1294.96 35.93 34.51 2091376	
1295.23 35.94 34.44 2097925	
1305.08 35.93 34.39 2104473	
1308.31 35.93 34.25 2111023	
1300.83 35.93 34.22 2117570	
1300.04 35.91 34.14 2124118	
1298.52 35.94 34.07 2130665	
1294.50 35.96 34.16 2137212	
1292.46 35.97 34.14 2143760	
1284.80 35.99 34.07 2150307	
1281.13 35.99 34.07 2156856	
1276.43 35.99 34.11 2163404	
1270.97 36.00 33.84 2169957	
1265.18 35.97 33.67 2176505	
1260.44 36.00 33.72 2183054	
1252.73 35.99 33.86 2189602	
1245.18 36.00 33.97 2196152	
1240.05 36.01 33.97 2202699	
1233.51 36.01 34.00 2209246	
1230.46 36.00 34.00 2215793	
1232.47 36.01 34.00 2222341	
1229.94 36.03 34.02 2228888	
1230.82 36.00 33.97 2235436	
1230.82 36.01 33.93 2241984	
1230.93 36.06 33.88 2248534	
1232.15 36.04 33.95 2255082	
1235.13 36.04 34.05 2261630	
1236.08 36.04 34.35 2268179	
1237.64 36.06 34.31 2274727	
1241.45 36.06 34.15 2281280	
1244.85 36.06 34.08 2287827	
1247.24 36.07 34.21 2294375	
1249.50 36.06 34.29 2300922	
1252.46 36.06 34.41 2307470	
1252.49 36.07 34.41 2314016	
1254.90 36.10 34.21 2320571	
1255.34 36.08 34.17 2327120	
1253.82 36.10 34.14 2333669	
1256.94 36.11 34.27 2340217	
1259.60 36.07 34.28 2346766	
1257.89 36.14 34.37 2353314	
1261.09 36.11 34.30 2359864	
1263.21 36.12 34.17 2366412	
1263.31 36.14 34.21 2372960	
1264.30 36.11 34.27 2379507	
1264.72 36.12 34.47 2386055	
1267.34 36.17 34.14 2392605	
1266.33 36.16 34.14 2399153	
1266.59 36.14 34.57 2405700	
1266.52 36.16 34.64 2412249	
1268.21 36.16 34.72 2418797	
1271.79 36.19 34.87 2425346	
1275.12 36.16 34.81 2431895	
1278.60 36.12 34.38 2438444	
1286.23 36.19 34.50 2444992	
1302.73 36.20 34.76 2451540	
1325.36 36.17 35.01 2458088	
1344.23 36.20 35.03 2464635	
1354.25 36.21 35.07 2471183	
1360.60 36.21 35.08 2477730	
1368.35 36.20 34.83 2484278	
1372.88 36.21 35.11 2490827	
1375.55 36.21 35.08 2497376	
1380.29 36.23 35.01 2503928	
1382.33 36.20 35.35 2510477	
1394.08 36.20 35.27 2517025	
1455.29 36.24 35.28 2523575	
1466.62 36.23 35.15 2530123	
1457.77 36.23 35.07 2536671	
1451.67 36.23 35.15 2543218	
1453.05 36.23 35.02 2549766	
1451.43 36.24 34.84 2556313	
1442.07 36.23 34.81 2562860	
1431.44 36.23 34.75 2569408	
1428.14 36.24 34.81 2575956	
1422.20 36.24 34.90 2582505	
1414.60 36.26 34.88 2589053	
1409.53 36.26 34.85 2595602	
1402.95 36.26 34.78 2602151	
1398.85 36.27 34.75 2608700	
1394.95 36.28 34.83 2615252	
1391.91 36.26 34.70 2621800	
1390.28 36.27 34.77 2628346	
1386.79 36.27 34.65 2634894	
1382.19 36.27 34.58 2641441	
1378.62 36.27 34.74 2647989	
1379.67 36.28 34.83 2654536	
1377.16 36.28 34.85 2661085	
1376.60 36.28 35.26 2667634	
1377.15 36.28 35.38 2674183	
1379.65 36.30 35.25 2680731	
1383.83 36.28 35.20 2687280	
1395.65 36.28 35.40 2693857	
1503.66 36.30 35.43 2700404	
1526.11 36.30 35.18 2706952	
1521.43 36.31 35.08 2713499	
1508.87 36.28 34.68 2720047	
1493.99 36.31 34.64 2726597	
1474.67 36.31 34.84 2733145	
1450.10 36.34 35.16 2739693	
1436.75 36.31 35.37 2746242	
1453.43 36.31 35.45 2752791	
1462.92 36.31 35.47 2759340	
1467.06 36.32 35.49 2765888	
1468.25 36.31 35.46 2772436	
1468.14 36.31 35.59 2778985	
1474.59 36.34 35.50 2785532	
1482.62 36.32 35.42 2792080	
1484.74 36.34 35.32 2798627	
1486.05 36.31 35.25 2805175	
1485.18 36.34 35.27 2811722	
1481.33 36.32 35.19 2818270	
1479.42 36.32 35.23 2824818	
1478.21 36.34 35.27 2831367	
1475.85 36.34 35.10 2837919	
1474.11 36.34 35.08 2844468	
1471.13 36.34 35.20 2851016	
1467.73 36.35 35.35 2857565	
1466.35 36.37 35.46 2864114	
1468.86 36.35 35.67 2870662	
1472.21 36.35 35.70 2877209	
1477.33 36.34 35.92 2883757	
1510.32 36.35 35.92 2890303	
1589.23 36.35 35.84 2896850	
1617.38 36.38 35.99 2903398	
1632.33 36.37 36.08 2909946	
1639.60 36.37 35.88 2916496	
1648.76 36.38 35.66 2923044	
1646.99 36.37 35.67 2929593	
1640.55 36.37 35.52 2936141	
1629.66 36.38 35.28 2942690	
1613.42 36.38 35.53 2949237	
1594.29 36.41 35.47 2955789	
1564.51 36.41 35.37 2962335	
1510.54 36.38 35.26 2968883	
1487.94 36.40 35.13 2975430	
1484.31 36.41 35.35 2981978	
1476.65 36.40 35.27 2988526	
1465.90 36.41 35.06 2995075	
1453.38 36.41 34.75 3001624	
1443.47 36.40 34.88 3008173	
1427.86 36.42 35.08 3014721	
1419.86 36.42 34.90 3021270	
1409.66 36.42 34.75 3027818	
1399.77 36.40 35.05 3034365	
1392.51 36.41 35.25 3040913	
1393.87 36.42 35.25 3047460	
1397.06 36.41 35.19 3054008	
1399.57 36.44 35.16 3060555	
1406.70 36.45 35.32 3067106	
1411.74 36.42 35.37 3073654	
1415.44 36.44 35.43 3080203	
1418.79 36.45 35.40 3086751	
1416.40 36.45 35.15 3093301	
1414.86 36.44 35.38 3099849	
1417.43 36.44 35.50 3106398	
1418.39 36.45 35.28 3112945	
1418.35 36.47 35.12 3119500	
1419.28 36.47 35.19 3126047	
1419.22 36.45 35.27 3132595	
1418.66 36.47 35.08 3139142	
1416.40 36.48 34.90 3145690	
1415.73 36.48 35.08 3152238	
1416.80 36.48 35.20 3158787	
1414.87 36.48 35.36 3165336	
1413.59 36.48 35.37 3171885	
1415.79 36.49 35.45 3178436	
1417.08 36.49 35.50 3184985	
1419.39 36.49 35.45 3191534	
1419.08 36.49 35.49 3198082	
1421.40 36.49 35.70 3204628	
1423.34 36.49 35.65 3211175	
1427.28 36.51 35.66 3217723	
1445.48 36.52 35.83 3224270	
1510.90 36.54 35.73 3230818	
1508.22 36.54 35.68 3237366	
1518.08 36.52 35.74 3243915	
1514.36 36.52 35.64 3250464	
1516.66 36.52 35.56 3257013	
1518.04 36.55 35.60 3263561	
1519.76 36.55 35.55 3270110	
1516.07 36.52 35.52 3276658	
1516.03 36.55 35.59 3283206	
1510.92 36.55 35.63 3289756	
1510.94 36.55 35.57 3296304	
1511.02 36.54 35.64 3302851	
1513.20 36.54 35.60 3309399	
1513.05 36.55 35.56 3315946	
1515.60 36.54 35.49 3322496	
1517.32 36.55 35.54 3329044	
1516.79 36.55 35.46 3335592	
1516.28 36.58 35.46 3342141	
1515.01 36.57 35.46 3348689	
1516.93 36.58 35.41 3355239	
1514.37 36.57 35.32 3361787	
1512.68 36.57 35.37 3368335	
1509.92 36.57 35.37 3374882	
1508.32 36.58 35.44 3381457	
1506.27 36.57 35.47 3388005	
1505.43 36.58 35.33 3394552	
1501.60 36.59 35.21 3401105	
1497.72 36.62 35.25 3407653	
1494.77 36.57 35.42 3414202	
1491.62 36.59 35.45 3420750	
1489.12 36.59 35.12 3427300	
1484.48 36.62 35.12 3433848	
1482.11 36.61 35.17 3440397	
1480.98 36.64 35.31 3446944	
1478.64 36.62 35.41 3453492	
1477.43 36.62 35.28 3460038	
1477.64 36.62 35.40 3466586	
1476.63 36.64 35.48 3473133	
1476.56 36.62 35.58 3479681	
1474.93 36.65 35.62 3486229	
1475.11 36.62 35.49 3492779	
1474.08 36.65 35.51 3499327	
1469.96 36.65 35.52 3505875	
1473.39 36.67 35.57 3512428	
1475.12 36.62 35.57 3518977	
1478.57 36.67 35.53 3525529	
1479.47 36.67 35.34 3532077	
1478.23 36.69 35.29 3538624	
1478.16 36.67 35.30 3545171	
1478.08 36.67 35.43 3551719	
1479.98 36.67 35.55 3558266	
1482.30 36.67 35.56 3564813	
1484.64 36.71 35.58 3571361	
1489.00 36.69 35.67 3577911	
1493.15 36.72 35.83 3584459	
1504.50 36.69 35.73 3591008	
1530.69 36.69 35.84 3597556	
1557.72 36.68 35.73 3604105	
1570.40 36.71 35.89 3610652	
1581.60 36.71 35.92 3617199	
1581.99 36.69 35.93 3623749	
1583.76 36.74 36.01 3630297	
1585.35 36.74 36.09 3636844	
1593.42 36.72 36.31 3643392	
1596.09 36.71 36.10 3649940	
1599.05 36.74 36.05 3656489	
1596.57 36.72 35.99 3663038	
1596.31 36.74 36.07 3669586	
1596.17 36.75 35.96 3676135	
1596.72 36.75 35.87 3682683	
1596.18 36.75 35.95 3689233	
1598.84 36.72 35.94 3695779	
1601.83 36.74 36.06 3702327	
1603.56 36.75 36.02 3708874	
1606.92 36.74 35.96 3715422	
1609.73 36.77 36.14 3721969	
1615.51 36.72 36.15 3728517	
1636.98 36.75 36.33 3735069	
1698.12 36.75 36.27 3741618	
1751.71 36.75 36.26 3748166	
1770.59 36.78 36.35 3754716	
1777.81 36.78 36.40 3761264	
1791.16 36.77 36.36 3767813	
1798.04 36.77 36.17 3774360	
1796.81 36.78 36.26 3780908	
1793.97 36.77 36.28 3787455	
1790.58 36.81 36.27 3794002	
1786.97 36.78 36.30 3800550	
1781.89 36.78 36.03 3807097	
1780.29 36.78 35.82 3813647	
1771.57 36.75 35.92 3820195	
1760.81 36.77 35.97 3826745	
1728.76 36.79 35.97 3833293	
1677.94 36.79 36.06 3839842	
1667.88 36.78 35.97 3846394	
1679.65 36.78 35.75 3852943	
1678.98 36.78 35.91 3859490	
1682.80 36.79 36.05 3866038	
1676.06 36.78 36.18 3872585	
1682.58 36.78 36.20 3879133	
1681.12 36.79 36.03 3885680	
1680.17 36.79 35.96 3892228	
1681.24 36.78 35.99 3898775	
1677.44 36.79 35.91 3905324	
1675.74 36.79 36.04 3911873	
1675.12 36.79 36.05 3918429	
1670.32 36.79 35.96 3924977	
1666.68 36.81 35.91 3931527	
1665.63 36.81 36.02 3938075	
1663.83 36.81 36.07 3944624	
1662.11 36.81 36.04 3951171	
1661.61 36.78 36.00 3957723	
1659.19 36.78 36.01 3964270	
1659.62 36.79 36.09 3970818	
1658.51 36.81 36.13 3977365	
1656.29 36.81 36.08 3983912	
1655.82 36.79 36.12 3990461	
1654.67 36.82 35.99 3997009	
1652.16 36.82 36.07 4003558	
1650.57 36.81 36.24 4010107	
1651.86 36.81 36.30 4016656	
1655.48 36.81 36.16 4023204	
1655.53 36.81 36.12 4029752	
1650.31 36.81 36.13 4036299	
1653.73 36.82 36.04 4042847	
1654.71 36.83 35.99 4049394	
1654.99 36.81 36.17 4055942	
1656.65 36.82 36.07 4062489	
1657.65 36.82 36.05 4069070	
1656.79 36.79 36.08 4075619	
1655.70 36.83 36.00 4082167	
1655.07 36.83 35.94 4088716	
1653.51 36.81 36.07 4095265	
1651.62 36.82 36.13 4101814	
1652.21 36.83 36.07 4108362	
1653.07 36.82 36.08 4114910	
1654.64 36.82 36.08 4121457	
1654.57 36.83 36.06 4128005	
1655.23 36.82 36.11 4134552	
1654.34 36.82 36.16 4141100	
1655.95 36.82 36.31 4147647	
1655.79 36.82 36.32 4154195	
1659.69 36.83 36.20 4160745	
1663.26 36.83 36.07 4167293	
1664.80 36.82 36.12 4173842	
1667.87 36.85 36.29 4180395	
1674.44 36.86 36.45 4186943	
1681.20 36.85 36.32 4193492	
1686.44 36.83 36.32 4200040	
1692.67 36.86 36.24 4206587	
1696.88 36.85 36.16 4213135	
1704.64 36.85 36.33 4219682	
1708.21 36.88 36.32 4226230	
1711.82 36.86 36.16 4232777	
1715.12 36.86 36.11 4239326	
1719.57 36.86 36.29 4245874	
1725.08 36.86 36.54 4252424	
1729.98 36.86 36.48 4258972	
1735.75 36.88 36.58 4265521	
1754.81 36.86 36.54 4272070	
1774.54 36.89 36.48 4278619	
1782.28 36.89 36.35 4285166	
1772.20 36.86 36.35 4291717	
1769.77 36.88 36.53 4298264	
1767.59 36.90 36.39 4304812	
1758.60 36.89 36.38 4311359	
1754.96 36.89 36.26 4317906	
1754.28 36.90 36.22 4324455	
1751.73 36.86 36.32 4331004	
1753.88 36.90 36.31 4337553	
1754.05 36.88 36.22 4344101	
1754.44 36.89 36.48 4350650	
1752.68 36.89 36.59 4357199	
1752.96 36.90 36.61 4363748	
1750.89 36.90 36.66 4370295	
1750.44 36.90 36.36 4376843	
1748.61 36.86 35.97 4383390	
1747.23 36.90 35.82 4389938	
1738.18 36.86 35.78 4396485	
1727.38 36.86 35.85 4403037	
1650.18 36.86 35.67 4409585	
1609.36 36.86 35.57 4416135	
1592.72 36.89 34.88 4422683	
1568.86 36.86 34.72 4429232	
1524.69 36.88 34.77 4435780	
1415.31 36.88 34.32 4442330	
1384.13 36.90 34.37 4448877	
1372.56 36.88 34.00 4455425	
1347.37 36.86 33.54 4461972	
1324.83 36.88 33.54 4468519	
1223.77 36.89 33.43 4475067	
1180.37 36.90 33.10 4481614	
1170.42 36.88 33.33 4488163	
1159.53 36.89 33.34 4494711	
1159.04 36.89 32.84 4501260	
1149.69 36.90 32.45 4507809	
1128.04 36.88 32.62 4514361	
1108.28 36.89 32.38 4520909	
1057.07 36.89 32.25 4527459	
1010.88 36.88 32.27 4534006	
997.49 36.88 32.38 4540553	
987.82 36.88 32.11 4547100	
994.82 36.86 32.01 4553648	
993.70 36.88 31.85 4560195	
986.90 36.86 31.66 4566743	
986.76 36.86 31.62 4573291	
984.25 36.85 31.60 4579840	
985.31 36.86 31.41 4586389	
982.87 36.86 31.38 4592937	
977.75 36.85 31.26 4599486	
969.94 36.85 31.23 4606034	
918.43 36.83 31.19 4612583	
891.02 36.85 31.08 4619130	
892.44 36.83 31.03 4625678	
897.81 36.85 30.96 4632228	
902.70 36.83 30.98 4638776	
899.22 36.83 31.09 4645323	
889.04 36.83 31.02 4651871	
887.57 36.85 30.98 4658419	
887.48 36.83 30.91 4664968	
886.57 36.83 30.89 4671517	
886.58 36.83 30.93 4678066	
886.41 36.82 31.11 4684614	
888.12 36.85 30.94 4691163	
888.49 36.81 30.80 4697711	
889.15 36.81 30.79 4704260	
890.93 36.82 30.79 4710807	
889.08 36.81 30.70 4717362	
885.52 36.81 30.56 4723909	
883.30 36.81 30.36 4730457	
878.46 36.81 30.40 4737004	
874.90 36.82 30.52 4743550	
875.60 36.82 30.49 4750131	
880.20 36.82 30.54 4756680	
880.28 36.81 30.43 4763229	
881.12 36.83 30.55 4769777	
880.26 36.82 30.66 4776326	
878.66 36.83 30.67 4782874	
880.24 36.85 30.62 4789422	
881.77 36.83 30.66 4795969	
881.28 36.85 30.53 4802516	
881.96 36.86 30.44 4809064	
882.00 36.85 30.35 4815611	
880.01 36.85 30.25 4822159	
877.48 36.85 30.12 4828707	
874.78 36.88 30.15 4835256	
872.68 36.86 30.09 4841804	
870.23 36.86 30.03 4848353	
869.28 36.89 30.02 4854902	
866.94 36.89 30.08 4861454	
863.53 36.86 30.08 4868002	
862.73 36.86 30.08 4874550	
862.74 36.86 30.09 4881097	
861.72 36.85 29.86 4887644	
861.16 36.85 29.90 4894192	
858.88 36.86 29.89 4900739	
855.90 36.85 29.99 4907286	
853.15 36.85 30.00 4913833	
851.18 36.86 29.98 4920382	
847.81 36.85 30.03 4926930	
845.58 36.83 29.85 4933480	
844.17 36.83 29.88 4940028	
842.01 36.83 29.86 4946577	
839.81 36.85 29.88 4953125	
837.81 36.83 29.83 4959674	
837.03 36.86 29.85 4966221	
836.23 36.86 29.71 4972769	
834.29 36.85 29.62 4979319	
832.18 36.85 29.39 4985867	
829.90 36.85 29.38 4992414	
824.00 36.86 29.48 4998962	
817.26 36.85 29.58 5005510	
815.07 36.88 29.59 5012059	
809.44 36.86 29.51 5018607	
807.70 36.82 29.17 5025156	
804.89 36.83 29.30 5031705	
804.30 36.85 29.48 5038254	
802.26 36.85 29.64 5044802	
800.41 36.85 29.61 5051350	
800.24 36.83 29.43 5057897	
799.16 36.83 29.30 5064444	
796.54 36.82 28.94 5070992	
792.87 36.81 28.97 5077539	
790.60 36.85 29.32 5084086	
787.85 36.82 29.12 5090635	
788.14 36.82 29.12 5097187	
787.34 36.82 29.13 5103735	
787.19 36.85 29.13 5110284	
785.50 36.83 29.28 5116832	
784.96 36.81 29.11 5123382	
783.19 36.86 29.08 5129930	
781.62 36.83 29.02 5136478	
779.83 36.83 29.26 5143025	
777.36 36.83 29.12 5149573	
775.94 36.83 28.97 5156120	
774.77 36.83 28.67 5162667	
772.94 36.83 28.48 5169215	
771.23 36.85 28.69 5175763	
767.53 36.82 28.80 5182312	
764.12 36.81 28.79 5188860	
760.00 36.81 28.74 5195409	
758.34 36.81 28.86 5201957	
750.83 36.81 28.90 5208510	
749.41 36.79 28.83 5215058	
741.95 36.79 28.82 5221606	
736.23 36.79 28.76 5228153	
735.23 36.78 28.36 5234701	
730.17 36.79 28.14 5241247	
726.07 36.78 28.33 5247795	
720.16 36.77 28.30 5254342	
720.45 36.77 28.57 5260891	
718.94 36.75 28.50 5267439	
715.85 36.75 28.41 5273989	
714.96 36.75 28.48 5280537	
711.71 36.74 28.51 5287086	
709.65 36.74 28.48 5293634	
706.53 36.71 28.49 5300183	
704.73 36.72 28.42 5306732	
703.97 36.69 28.51 5313280	
702.42 36.69 28.58 5319827	
700.19 36.71 28.49 5326377	
699.72 36.69 28.41 5332925	
699.17 36.71 28.39 5339471	
696.63 36.69 28.44 5346019	
695.52 36.67 28.20 5352568	
694.24 36.67 27.98 5359117	
691.67 36.64 27.93 5365665	
688.29 36.67 28.07 5372214	
684.78 36.64 28.31 5378762	
681.10 36.64 28.40 5385311	
680.46 36.62 28.30 5391859	
680.03 36.62 28.23 5398407	
680.39 36.62 28.27 5404954	
681.01 36.61 28.34 5411502	
680.96 36.59 28.47 5418049	
681.53 36.61 28.44 5424596	
678.59 36.61 28.30 5431144	
677.13 36.62 27.96 5437721	
675.91 36.58 28.00 5444273	
674.30 36.59 28.31 5450821	
673.52 36.59 28.21 5457371	
671.75 36.58 28.15 5463919	
671.96 36.58 28.14 5470468	
671.08 36.57 28.23 5477015	
669.95 36.55 28.21 5483563	
670.91 36.57 28.12 5490110	
671.72 36.57 28.10 5496657	
670.72 36.57 28.11 5503204	
669.99 36.55 27.99 5509758	
670.06 36.55 28.14 5516307	
669.54 36.55 28.12 5522856	
669.74 36.54 28.17 5529405	
669.36 36.57 28.12 5535953	
668.68 36.55 28.08 5542502	
668.48 36.54 28.05 5549050	
667.27 36.54 28.02 5555603	
667.80 36.57 28.11 5562150	
669.24 36.57 28.10 5568698	
668.51 36.54 28.08 5575244	
668.46 36.55 28.08 5581792	
668.02 36.55 28.15 5588339	
666.85 36.54 28.07 5594887	
666.68 36.54 28.08 5601435	
665.41 36.55 28.07 5607984	
665.98 36.55 28.05 5614533	
665.67 36.52 28.07 5621082	
665.57 36.57 28.03 5627630	
665.12 36.54 28.03 5634179	
664.34 36.54 28.02 5640727	
664.10 36.55 27.99 5647275	
664.20 36.55 28.08 5653822	
663.11 36.55 28.17 5660369	
663.10 36.57 28.12 5666917	
661.83 36.57 28.11 5673467	
661.39 36.57 28.03 5680015	
661.38 36.58 27.88 5686562	
660.86 36.57 27.96 5693111	
661.13 36.59 27.97 5699659	
661.68 36.58 27.90 5706208	
662.12 36.58 27.90 5712756	
662.35 36.58 27.97 5719305	
661.97 36.61 28.02 5725854	
661.90 36.59 27.97 5732403	
662.39 36.58 28.01 5738950	
662.49 36.61 27.97 5745498	
662.55 36.61 27.97 5752045	
661.95 36.59 28.02 5758592	
661.79 36.64 28.10 5765139	
662.11 36.64 28.03 5771686	
662.10 36.62 27.94 5778235	
661.77 36.62 27.84 5784784	
661.86 36.61 27.86 5791336	
661.21 36.65 27.87 5797884	
660.64 36.65 27.79 5804433	
659.53 36.65 27.79 5810981	
660.30 36.62 27.67 5817531	
661.37 36.65 27.76 5824077	
661.90 36.67 27.70 5830625	
661.58 36.67 27.85 5837172	
661.71 36.65 27.80 5843720	
661.62 36.68 27.75 5850267	
661.23 36.64 27.83 5856815	
660.00 36.65 27.94 5863363	
659.85 36.65 27.90 5869912	
658.55 36.68 27.91 5876460	
658.52 36.68 27.89 5883010	
657.88 36.68 27.72 5889558	
657.94 36.67 27.80 5896107	
658.33 36.69 27.86 5902658	
658.49 36.69 27.85 5909206	
658.06 36.71 27.92 5915753	
658.84 36.69 27.85 5922300	
658.81 36.69 27.83 5928848	
658.98 36.71 27.69 5935395	
658.00 36.72 27.80 5941943	
656.06 36.72 27.81 5948491	
655.17 36.74 27.67 5955040	
654.12 36.74 27.55 5961588	
654.83 36.74 27.57 5968137	
655.71 36.75 27.66 5974686	
656.25 36.74 27.49 5981235	
655.79 36.74 27.53 5987783	
655.21 36.74 27.57 5994331	
654.49 36.75 27.57 6000877	
654.19 36.78 27.66 6007425	
653.79 36.75 27.57 6013972	
654.39 36.78 27.57 6020523	
654.45 36.77 27.57 6027070	
654.00 36.77 27.60 6033618	
654.09 36.75 27.58 6040167	
653.99 36.78 27.54 6046716	
653.03 36.77 27.58 6053265	
653.06 36.78 27.66 6059813	
653.38 36.77 27.63 6066362	
654.17 36.78 27.70 6072910	
653.94 36.78 27.63 6079458	
654.00 36.78 27.56 6086005	
655.74 36.78 27.77 6092552	
658.32 36.79 27.63 6099099	
662.29 36.79 27.66 6105647	
661.27 36.81 27.59 6112194	
662.49 36.79 27.67 6118771	
663.62 36.82 27.73 6125320	
663.96 36.81 27.66 6131869	
662.34 36.82 27.70 6138415	
661.75 36.86 27.52 6144964	
659.74 36.83 27.46 6151513	
659.90 36.85 27.46 6158061	
660.92 36.86 27.36 6164609	
663.51 36.85 27.42 6171156	
662.68 36.85 27.39 6177703	
662.92 36.86 27.42 6184250	
663.00 36.85 27.47 6190797	
663.91 36.85 27.62 6197345	
