995.41 30.92 36.87 1136	
991.02 30.94 36.80 3202	
992.21 30.96 36.73 5225	
989.18 30.99 36.70 7248	
984.74 31.01 36.72 9272	
980.31 31.08 36.61 11295	
976.20 31.09 36.58 13320	
970.97 31.13 36.50 15344	
964.19 31.15 36.30 20133	
954.77 31.23 36.10 26681	
939.80 31.33 35.85 33227	
934.89 31.40 35.76 39777	
920.57 31.47 35.62 46323	
909.92 31.50 35.40 52872	
892.94 31.57 35.30 59420	
868.56 31.64 35.23 65968	
861.52 31.67 35.10 72516	
855.74 31.71 35.00 79064	
846.96 31.77 34.96 85611	
843.48 31.80 34.92 92160	
837.13 31.85 34.79 98710	
831.31 31.87 34.76 105259	
826.31 31.91 34.75 111808	
823.55 31.94 34.65 118355	
821.93 32.01 34.46 124904	
820.85 32.01 34.39 131451	
816.97 32.05 34.31 137999	
815.56 32.04 34.33 144547	
813.61 32.10 34.16 151095	
811.90 32.14 34.05 157643	
809.83 32.15 33.94 164199	
808.54 32.17 33.97 170746	
807.18 32.17 33.87 177295	
805.85 32.24 33.89 183842	
804.38 32.26 33.92 190390	
801.83 32.26 33.85 196938	
800.13 32.29 33.74 203486	
798.45 32.31 33.66 210034	
797.55 32.32 33.47 216586	
796.59 32.36 33.48 223133	
796.17 32.38 33.50 229682	
795.01 32.39 33.39 236229	
792.41 32.42 33.33 242777	
791.05 32.43 33.29 249325	
788.33 32.42 33.32 255873	
788.36 32.46 33.30 262421	
787.49 32.45 33.24 268968	
786.58 32.46 33.25 275516	
785.98 32.51 33.21 282065	
785.88 32.51 33.11 288612	
785.21 32.53 33.12 295161	
785.12 32.56 33.11 301710	
783.78 32.56 33.05 308257	
783.24 32.59 33.01 314806	
783.03 32.58 33.07 321353	
782.91 32.59 33.08 327901	
783.44 32.61 33.11 334452	
785.03 32.65 33.16 341000	
784.69 32.63 33.20 347548	
782.80 32.67 33.38 354097	
776.29 32.66 33.61 360645	
752.74 32.67 33.37 367194	
698.62 32.67 33.10 373741	
679.77 32.69 33.17 380289	
679.10 32.69 33.24 386837	
677.73 32.67 33.23 393384	
677.55 32.72 33.30 399933	
677.45 32.73 33.29 406481	
679.59 32.72 33.30 413029	
679.91 32.73 33.32 419577	
679.04 32.73 33.36 426125	
679.32 32.73 33.38 432672	
680.86 32.77 33.47 439221	
679.60 32.76 33.41 445768	
681.05 32.77 33.31 452317	
679.29 32.74 33.26 458869	
679.48 32.80 33.28 465417	
678.96 32.77 33.31 471965	
679.94 32.80 33.36 478513	
681.10 32.83 33.39 485060	
682.76 32.80 33.38 491609	
683.43 32.83 33.44 498157	
684.43 32.83 33.51 504706	
686.10 32.84 33.59 511253	
687.94 32.79 33.49 517799	
692.41 32.86 33.66 524349	
703.16 32.86 33.59 530896	
710.74 32.87 33.55 537445	
713.94 32.84 33.53 543993	
717.04 32.90 33.44 550541	
721.87 32.90 33.43 557089	
721.54 32.89 33.41 563637	
723.60 32.91 33.45 570184	
724.49 32.91 33.44 576737	
724.46 32.93 33.36 583284	
726.37 32.93 33.40 589833	
728.14 32.93 33.38 596381	
730.12 32.93 33.44 602929	
728.09 32.94 33.49 609477	
729.26 32.94 33.36 616025	
730.30 32.94 33.47 622572	
731.83 32.94 33.49 629146	
732.07 32.96 33.46 635694	
732.56 32.94 33.36 642242	
732.30 32.97 33.34 648791	
732.19 32.97 33.28 655338	
733.15 32.97 33.31 661886	
733.18 32.99 33.30 668434	
734.25 33.00 33.30 674981	
734.69 33.00 33.37 681530	
737.27 33.01 33.24 688077	
737.88 33.00 33.12 694637	
738.00 33.03 33.08 701187	
736.88 33.01 33.08 707734	
735.72 33.03 33.00 714283	
735.33 33.04 33.05 720830	
734.31 33.04 33.22 727376	
733.12 33.03 33.19 733926	
732.08 33.01 33.16 740473	
732.68 33.04 33.12 747022	
733.11 33.03 33.19 753569	
732.68 33.07 33.22 760117	
732.77 33.04 33.34 766665	
731.87 33.09 33.26 773213	
732.00 33.06 33.37 779761	
731.65 33.07 33.22 786310	
729.11 33.09 33.33 792857	
717.68 33.07 34.27 799407	
604.98 33.07 34.74 805953	
632.25 33.10 34.37 812505	
628.39 33.09 34.31 819053	
626.81 33.13 34.66 825601	
623.50 33.13 34.70 832149	
623.07 33.14 34.68 838697	
625.48 33.13 34.64 845245	
626.80 33.16 34.62 851793	
628.61 33.14 34.70 858341	
630.00 33.17 34.67 864888	
633.75 33.17 34.53 871438	
637.24 33.18 34.52 877984	
639.49 33.20 34.52 884534	
643.97 33.18 34.32 891081	
650.31 33.20 34.27 897629	
649.83 33.20 34.21 904177	
653.22 33.17 34.20 910725	
655.11 33.21 34.20 917273	
654.60 33.20 34.14 923822	
653.17 33.22 34.04 930369	
650.38 33.24 34.00 936922	
649.14 33.24 33.86 943469	
646.47 33.24 33.72 950017	
643.75 33.24 33.71 956565	
639.25 33.25 33.71 963112	
637.33 33.25 33.71 969661	
635.81 33.25 33.68 976208	
631.25 33.30 33.68 982756	
628.00 33.27 33.70 989304	
624.07 33.30 33.71 995852	
623.55 33.28 33.71 1002400	
621.52 33.30 33.74 1008950	
620.48 33.30 33.74 1015497	
618.71 33.30 33.67 1022046	
618.21 33.32 33.64 1028593	
617.84 33.32 33.60 1035141	
617.14 33.32 33.60 1041689	
617.10 33.35 33.65 1048237	
618.37 33.32 33.64 1054789	
617.90 33.34 33.61 1061337	
618.82 33.34 33.54 1067884	
618.98 33.35 33.58 1074433	
618.96 33.38 33.53 1080980	
618.15 33.37 33.54 1087528	
617.52 33.38 33.46 1094077	
617.68 33.37 33.47 1100625	
617.19 33.37 33.46 1107174	
616.54 33.40 33.60 1113721	
616.40 33.40 33.65 1120269	
615.18 33.40 33.68 1126817	
613.38 33.40 33.64 1133365	
612.93 33.41 33.68 1139913	
613.15 33.42 33.64 1146463	
613.07 33.41 33.58 1153010	
612.49 33.42 33.43 1159559	
612.77 33.47 33.48 1166109	
612.47 33.47 33.47 1172659	
612.94 33.45 33.42 1179207	
612.01 33.47 33.44 1185755	
612.47 33.48 33.49 1192303	
612.23 33.47 33.38 1198851	
611.30 33.47 33.44 1205398	
610.59 33.48 33.54 1211947	
611.06 33.51 33.55 1218494	
610.14 33.48 33.54 1225043	
610.99 33.52 33.55 1231592	
612.01 33.51 33.57 1238139	
612.78 33.49 33.65 1244688	
614.03 33.52 33.66 1251235	
615.67 33.54 33.66 1257784	
616.42 33.54 33.68 1264333	
617.84 33.54 33.65 1270881	
618.37 33.54 33.71 1277429	
618.92 33.55 33.86 1283980	
621.15 33.52 33.86 1290527	
623.96 33.57 33.90 1297076	
627.18 33.57 33.92 1303623	
630.39 33.58 33.92 1310173	
633.30 33.59 33.92 1316727	
636.44 33.58 33.97 1323275	
639.85 33.59 33.99 1329823	
642.63 33.59 34.03 1336371	
647.39 33.61 34.09 1342943	
652.18 33.59 34.10 1349491	
657.40 33.61 34.00 1356039	
662.32 33.64 34.00 1362588	
668.29 33.61 34.03 1369136	
676.89 33.62 34.03 1375683	
680.82 33.64 34.10 1382232	
683.20 33.64 34.10 1388779	
686.82 33.65 34.10 1395328	
688.94 33.62 34.11 1401880	
692.36 33.67 34.10 1408428	
692.24 33.65 34.12 1414976	
695.67 33.67 34.17 1421523	
698.62 33.67 34.20 1428072	
698.00 33.68 34.18 1434620	
698.32 33.68 34.25 1441169	
700.56 33.67 34.21 1447717	
700.66 33.69 34.22 1454265	
700.69 33.69 34.26 1460812	
702.21 33.71 34.32 1467361	
701.46 33.72 34.32 1473908	
702.98 33.69 34.33 1480457	
705.37 33.69 34.37 1487005	
705.34 33.72 34.41 1493561	
707.23 33.71 34.50 1500109	
707.94 33.71 34.48 1506657	
709.81 33.72 34.57 1513209	
712.31 33.71 34.54 1519758	
714.46 33.72 34.51 1526305	
715.49 33.73 34.50 1532854	
717.93 33.76 34.49 1539401	
720.15 33.76 34.53 1545949	
720.91 33.76 34.50 1552498	
721.64 33.76 34.43 1559046	
721.90 33.78 34.39 1565594	
722.54 33.76 34.36 1572143	
723.57 33.78 34.36 1578689	
724.54 33.75 34.33 1585239	
725.71 33.80 34.59 1591786	
727.06 33.79 34.67 1598334	
727.68 33.76 34.74 1604883	
729.06 33.80 34.80 1611430	
730.73 33.80 34.84 1617980	
732.57 33.80 34.82 1624526	
733.69 33.80 34.87 1631078	
736.10 33.80 34.89 1637626	
739.11 33.82 34.89 1644174	
742.98 33.83 34.95 1650722	
748.84 33.82 34.97 1657272	
759.41 33.82 35.01 1663819	
765.88 33.83 35.01 1670368	
770.64 33.85 34.99 1676915	
777.06 33.83 34.99 1683463	
778.68 33.85 34.98 1690011	
778.96 33.85 35.03 1696559	
780.83 33.85 35.05 1703108	
781.68 33.85 34.98 1709656	
782.60 33.86 34.98 1716202	
785.48 33.86 34.96 1722752	
786.21 33.86 35.00 1729299	
787.15 33.89 35.01 1735847	
787.28 33.88 35.04 1742396	
789.44 33.88 35.02 1748947	
789.18 33.91 35.05 1755496	
789.08 33.88 35.09 1762043	
788.42 33.88 35.06 1768591	
791.37 33.91 35.10 1775139	
791.54 33.91 35.10 1781687	
792.31 33.89 35.08 1788235	
793.83 33.89 35.08 1794790	
797.76 33.89 35.09 1801337	
799.99 33.93 35.09 1807886	
801.70 33.95 35.10 1814433	
802.67 33.93 35.17 1820981	
802.85 33.93 35.26 1827529	
803.03 33.92 35.25 1834077	
804.05 33.93 35.34 1840625	
803.14 33.91 35.37 1847173	
803.36 33.95 35.40 1853720	
803.43 33.93 35.43 1860273	
804.59 33.95 35.43 1866820	
805.87 33.96 35.43 1873369	
805.76 33.95 35.41 1879917	
806.55 33.97 35.43 1886465	
806.92 33.97 35.47 1893013	
806.17 33.99 35.44 1899560	
806.53 33.96 35.42 1906108	
807.13 33.97 35.42 1912656	
807.33 33.99 35.41 1919205	
808.02 33.99 35.44 1925753	
808.05 33.97 35.44 1932302	
809.23 34.02 35.38 1938849	
809.16 34.00 35.32 1945398	
809.19 33.99 35.32 1951945	
810.56 34.00 35.34 1958493	
811.08 34.05 35.44 1965041	
810.60 34.00 35.50 1971589	
811.53 34.02 35.45 1978141	
811.60 34.02 35.43 1984689	
812.07 34.02 35.38 1991236	
812.19 34.03 35.44 1997785	
812.79 34.02 35.45 2004332	
813.33 34.03 35.32 2010881	
812.43 34.03 35.39 2017429	
811.18 34.03 35.32 2023976	
811.88 34.05 35.37 2030525	
813.19 34.03 35.41 2037072	
813.36 34.05 35.41 2043620	
812.64 34.06 35.43 2050168	
813.41 34.06 35.41 2056740	
814.92 34.05 35.51 2063290	
816.09 34.09 35.57 2069838	
817.00 34.09 35.69 2076386	
818.74 34.07 35.69 2082934	
820.27 34.06 35.75 2089482	
828.71 34.09 35.84 2096032	
838.18 34.09 35.84 2102581	
846.96 34.07 35.89 2109128	
849.57 34.07 35.93 2115677	
852.53 34.09 35.95 2122226	
860.06 34.09 36.01 2128774	
867.69 34.10 36.02 2135322	
872.42 34.10 36.05 2141870	
879.43 34.10 36.04 2148417	
884.03 34.12 36.11 2154966	
890.33 34.12 36.10 2161513	
893.24 34.13 36.11 2168062	
894.19 34.12 36.14 2174610	
899.80 34.15 35.98 2181157	
899.68 34.12 35.89 2187706	
902.36 34.13 35.86 2194253	
902.89 34.13 35.90 2200802	
903.43 34.15 35.89 2207353	
904.45 34.13 35.84 2213901	
904.40 34.13 35.89 2220450	
904.84 34.13 35.93 2226998	
906.81 34.17 35.94 2233545	
908.16 34.17 36.00 2240094	
909.68 34.16 36.05 2246641	
910.75 34.16 36.05 2253190	
911.15 34.17 36.13 2259738	
913.39 34.20 36.21 2266286	
913.70 34.20 36.17 2272834	
915.16 34.17 36.18 2279382	
917.98 34.17 36.18 2285929	
920.14 34.19 36.20 2292486	
924.40 34.19 36.22 2299033	
926.25 34.20 36.26 2305582	
929.35 34.17 36.31 2312129	
932.65 34.20 36.26 2318676	
935.61 34.19 36.15 2325229	
937.48 34.22 36.24 2331777	
939.72 34.23 36.34 2338325	
940.68 34.20 36.35 2344873	
943.03 34.22 36.41 2351421	
945.30 34.22 36.52 2357969	
947.41 34.22 36.52 2364517	
954.26 34.20 36.59 2371064	
957.42 34.24 36.68 2377614	
964.50 34.23 36.72 2384161	
969.51 34.22 36.73 2390710	
975.55 34.24 36.73 2397258	
980.23 34.27 36.80 2403806	
984.56 34.24 36.88 2410354	
989.93 34.24 36.82 2416902	
992.22 34.24 36.88 2423449	
994.57 34.26 36.91 2429998	
998.36 34.24 36.96 2436545	
1001.59 34.26 36.95 2443097	
1003.21 34.26 36.95 2449644	
1004.60 34.27 36.95 2456192	
1005.97 34.26 36.88 2462741	
1007.62 34.28 36.92 2469288	
1007.65 34.27 36.96 2475837	
1009.08 34.27 36.96 2482386	
1011.52 34.28 36.92 2488934	
1013.01 34.30 36.99 2495482	
1013.38 34.28 36.99 2502030	
1014.56 34.28 37.01 2508577	
1014.82 34.28 36.99 2515126	
1014.87 34.30 36.94 2521674	
1014.60 34.30 37.05 2528223	
1014.52 34.28 37.04 2534771	
1015.64 34.30 37.05 2541319	
1016.62 34.30 37.04 2547867	
1017.78 34.30 37.03 2554418	
1018.53 34.32 37.05 2560966	
1017.41 34.34 37.03 2567515	
1016.79 34.34 37.04 2574062	
1016.72 34.33 37.00 2580611	
1017.04 34.34 37.02 2587158	
1016.59 34.33 37.10 2593705	
1015.86 34.34 37.12 2600254	
1016.59 34.34 37.12 2606801	
1016.64 34.36 37.12 2613351	
1017.65 34.34 37.12 2619899	
1018.82 34.37 37.16 2626447	
1019.82 34.36 37.21 2632995	
1021.29 34.37 37.22 2639543	
1022.97 34.37 37.22 2646090	
1024.87 34.36 37.25 2652640	
1026.89 34.36 37.23 2659187	
1028.17 34.39 37.23 2665739	
1029.00 34.37 37.21 2672288	
1030.12 34.39 37.21 2678836	
1032.19 34.39 37.26 2685384	
1034.34 34.39 37.30 2691932	
1036.33 34.37 37.34 2698479	
1037.12 34.39 37.31 2705028	
1038.71 34.39 37.30 2711575	
1039.61 34.39 37.30 2718125	
1040.00 34.42 37.33 2724672	
1041.78 34.43 37.34 2731219	
1042.82 34.37 37.31 2737768	
1044.37 34.40 37.36 2744315	
1045.44 34.42 37.36 2750864	
1047.30 34.42 37.38 2757413	
1049.21 34.42 37.41 2763961	
1052.47 34.42 37.40 2770534	
1053.84 34.43 37.44 2777085	
1057.95 34.42 37.40 2783633	
1061.38 34.43 37.43 2790181	
1064.66 34.43 37.44 2796729	
1067.29 34.42 37.44 2803277	
1069.22 34.42 37.48 2809831	
1073.85 34.43 37.42 2816378	
1074.64 34.43 37.47 2822928	
1076.77 34.44 37.50 2829475	
1078.87 34.43 37.48 2836023	
1079.33 34.43 37.51 2842571	
1080.50 34.43 37.47 2849119	
1080.82 34.46 37.47 2855668	
1080.66 34.44 37.52 2862216	
1081.55 34.44 37.52 2868763	
1082.33 34.44 37.52 2875312	
1083.77 34.46 37.51 2881859	
1083.38 34.46 37.51 2888412	
1082.75 34.47 37.55 2894960	
1083.59 34.44 37.52 2901508	
1085.04 34.47 37.48 2908056	
1085.84 34.47 37.52 2914605	
1085.80 34.49 37.55 2921152	
1085.35 34.49 37.56 2927700	
1086.10 34.46 37.54 2934248	
1087.43 34.49 37.56 2940796	
1085.68 34.50 37.57 2947344	
1085.92 34.50 37.57 2953891	
1086.51 34.49 37.57 2960441	
1087.94 34.50 37.60 2966988	
1088.97 34.50 37.57 2973537	
1088.25 34.50 37.60 2980085	
1089.72 34.50 37.61 2986633	
1091.67 34.51 37.61 2993182	
1093.13 34.51 37.66 2999733	
1095.03 34.51 37.65 3006280	
1095.37 34.51 37.64 3012829	
1096.53 34.53 37.64 3019376	
1097.32 34.53 37.63 3025925	
1097.76 34.51 37.66 3032474	
1100.30 34.53 37.68 3039022	
1100.52 34.51 37.56 3045570	
1102.05 34.51 37.63 3052118	
1103.52 34.53 37.79 3058668	
1105.22 34.54 37.87 3065217	
1106.41 34.53 37.94 3071764	
1108.33 34.55 37.98 3078313	
1110.33 34.54 37.96 3084861	
1112.82 34.55 37.97 3091416	
1114.79 34.55 37.95 3097965	
1117.99 34.54 37.91 3104512	
1120.88 34.55 37.92 3111064	
1123.92 34.55 37.90 3117613	
1126.40 34.55 37.90 3124160	
1129.30 34.57 37.89 3130710	
1129.38 34.55 37.88 3137257	
1132.81 34.55 37.91 3143804	
1133.53 34.58 37.89 3150353	
1137.33 34.58 37.87 3156900	
1138.55 34.57 37.80 3163449	
1138.69 34.58 37.86 3169996	
1141.82 34.60 37.83 3176544	
1142.54 34.60 37.81 3183092	
1145.65 34.60 37.83 3189640	
1147.11 34.60 37.78 3196189	
1147.72 34.57 37.79 3202738	
1149.08 34.58 37.82 3209285	
1150.58 34.60 37.85 3215834	
1151.67 34.60 37.90 3222384	
1151.91 34.60 37.86 3228932	
1151.16 34.60 37.86 3235481	
1151.72 34.61 37.70 3242029	
1152.07 34.63 37.68 3248577	
1151.93 34.61 37.69 3255126	
1152.00 34.60 37.72 3261673	
1154.17 34.61 37.79 3268222	
1154.77 34.63 37.74 3274769	
1155.51 34.63 37.80 3281318	
1155.78 34.61 37.85 3287867	
1155.88 34.61 37.84 3294414	
1156.41 34.64 37.92 3300963	
1155.91 34.61 37.93 3307510	
1156.28 34.63 37.93 3314058	
1156.84 34.64 37.93 3320607	
1158.14 34.68 37.97 3327155	
1159.04 34.65 37.92 3333706	
1160.04 34.64 37.94 3340256	
1161.13 34.67 37.97 3346803	
1161.52 34.67 37.97 3353352	
1162.68 34.65 37.97 3359899	
1165.00 34.64 38.01 3366447	
1166.52 34.67 38.03 3372995	
1169.86 34.67 38.02 3379543	
1171.27 34.67 38.08 3386091	
1172.51 34.65 38.10 3392638	
1175.22 34.67 38.08 3399186	
1177.53 34.67 38.15 3405735	
1179.44 34.67 38.16 3412283	
1180.37 34.70 38.15 3418831	
1180.52 34.70 38.10 3425380	
1181.61 34.67 37.92 3431927	
1181.49 34.67 37.87 3438476	
1181.03 34.70 37.94 3445027	
1181.12 34.68 38.02 3451575	
1179.88 34.68 38.06 3458123	
1181.65 34.68 38.08 3464671	
1182.77 34.68 38.12 3471219	
1182.84 34.70 38.16 3477791	
1184.71 34.71 38.14 3484339	
1186.10 34.70 38.19 3490888	
1188.00 34.68 38.22 3497436	
1189.51 34.74 38.21 3503984	
1192.77 34.72 38.24 3510533	
1195.07 34.70 38.21 3517080	
1196.89 34.71 38.25 3523629	
1197.57 34.71 38.25 3530176	
1201.89 34.72 38.25 3536724	
1203.74 34.74 38.32 3543273	
1208.21 34.74 38.35 3549820	
1210.94 34.75 38.36 3556372	
1214.17 34.77 38.47 3562920	
1215.24 34.74 38.48 3569468	
1216.52 34.75 38.45 3576016	
1219.96 34.74 38.51 3582564	
1223.83 34.77 38.42 3589111	
1224.44 34.77 38.32 3595660	
1224.41 34.75 38.36 3602207	
1224.10 34.77 38.37 3608756	
1227.26 34.75 38.40 3615303	
1230.81 34.75 38.45 3621851	
1232.27 34.77 38.42 3628399	
1235.27 34.75 38.40 3634947	
1236.54 34.77 38.26 3641495	
1238.14 34.78 38.17 3648044	
1237.30 34.75 38.27 3654591	
1237.21 34.75 38.28 3661140	
1237.29 34.80 38.30 3667691	
1237.87 34.80 38.39 3674238	
1238.10 34.77 38.41 3680787	
1239.18 34.78 38.42 3687334	
1239.38 34.77 38.39 3693883	
1240.23 34.80 38.39 3700431	
1241.12 34.77 38.34 3706979	
1242.08 34.81 38.34 3713528	
1242.48 34.81 38.35 3720076	
1241.78 34.78 38.31 3726623	
1241.31 34.80 38.38 3733172	
1240.78 34.82 38.40 3739719	
1242.73 34.84 38.47 3746268	
1243.51 34.81 38.46 3752815	
1244.07 34.80 38.48 3759364	
1245.26 34.81 38.53 3765912	
1247.61 34.81 38.50 3772460	
1248.31 34.81 38.49 3779011	
1249.74 34.82 38.53 3785561	
1250.35 34.82 38.55 3792108	
1252.09 34.85 38.52 3798657	
1254.10 34.84 38.46 3805204	
1254.87 34.82 38.55 3811751	
1256.35 34.82 38.54 3818301	
1258.46 34.85 38.51 3824848	
1259.31 34.84 38.53 3831397	
1260.80 34.81 38.51 3837946	
1262.89 34.84 38.55 3844494	
1265.70 34.84 38.60 3851042	
1268.19 34.87 38.65 3857590	
1271.67 34.84 38.70 3864137	
1274.23 34.82 38.77 3870687	
1277.69 34.85 38.93 3877234	
1281.32 34.87 38.98 3883783	
1283.36 34.85 38.96 3890338	
1287.42 34.88 38.93 3896884	
1289.37 34.87 38.94 3903432	
1294.13 34.87 38.93 3909980	
1296.63 34.88 38.88 3916528	
1298.57 34.85 38.89 3923078	
1300.65 34.88 38.90 3929625	
1303.79 34.88 38.95 3936174	
1306.68 34.85 38.96 3942721	
1309.62 34.87 38.91 3949268	
1311.29 34.88 38.94 3955817	
1313.06 34.88 38.89 3962364	
1314.64 34.88 38.76 3968914	
1315.58 34.87 38.73 3975461	
1316.26 34.85 38.80 3982009	
1317.41 34.87 38.82 3988557	
1317.85 34.87 38.81 3995105	
1319.49 34.88 38.85 4001654	
1320.34 34.88 38.78 4008206	
1321.68 34.90 38.83 4014753	
1322.67 34.90 38.85 4021303	
1322.73 34.88 38.78 4027850	
1323.20 34.87 38.75 4034398	
1322.47 34.90 38.66 4040946	
1321.43 34.88 38.55 4047494	
1321.81 34.90 38.60 4054043	
1320.79 34.91 38.61 4060592	
1320.02 34.91 38.56 4067139	
1318.05 34.90 38.55 4073688	
1317.87 34.92 38.49 4080235	
1316.45 34.91 38.50 4086784	
1314.28 34.91 38.56 4093332	
1312.08 34.91 38.58 4099879	
1312.28 34.94 38.60 4106428	
1310.99 34.94 38.59 4112976	
1307.58 34.94 38.59 4119527	
1308.07 34.91 38.55 4126075	
1306.40 34.92 38.51 4132623	
1304.97 34.91 38.44 4139172	
1304.68 34.94 38.46 4145721	
1304.23 34.92 38.62 4152268	
1303.99 34.92 38.71 4158817	
1304.08 34.92 38.67 4165365	
1304.16 34.91 38.65 4171913	
1304.79 34.94 38.68 4178461	
1305.50 34.95 38.73 4185009	
1305.67 34.95 38.72 4191558	
1304.76 34.92 38.78 4198131	
1305.47 34.94 38.78 4204679	
1305.88 34.95 38.80 4211228	
1307.32 34.95 38.95 4217776	
1307.58 34.94 38.96 4224324	
1308.52 34.94 38.88 4230877	
1310.83 34.94 38.86 4237424	
1312.54 34.94 38.78 4243973	
1314.02 34.95 38.76 4250521	
1315.28 34.95 38.67 4257069	
1315.88 34.98 38.65 4263617	
1315.77 34.95 38.76 4270164	
1316.72 34.97 38.80 4276713	
1316.73 34.95 38.77 4283262	
1315.74 34.97 38.75 4289810	
1316.04 34.98 38.74 4296358	
1315.71 34.97 38.72 4302906	
1315.28 34.98 38.71 4309453	
1314.46 35.00 38.66 4316003	
1314.25 34.97 38.66 4322550	
1314.61 34.98 38.60 4329099	
1313.78 35.00 38.67 4335646	
1315.20 34.98 38.74 4342197	
1316.14 34.98 38.77 4348746	
1316.02 34.98 38.89 4355294	
1317.30 34.98 38.90 4361842	
1319.63 35.01 38.89 4368392	
1321.02 34.98 38.87 4374939	
1322.30 34.98 38.96 4381488	
1323.81 34.98 38.96 4388035	
1327.03 35.00 38.93 4394583	
1330.93 35.01 38.92 4401132	
1334.11 34.98 39.54 4407680	
1338.05 35.00 39.71 4414228	
1342.49 34.98 38.42 4420776	
1339.44 35.00 33.02 4427324	
1270.19 34.98 32.74 4433873	
908.74 34.98 32.15 4440421	
847.88 34.97 33.09 4446968	
806.93 34.97 35.13 4453520	
810.32 34.97 36.37 4460067	
825.25 34.95 35.80 4466617	
830.13 34.95 36.00 4473165	
844.13 34.95 34.21 4479713	
840.50 34.92 34.33 4486261	
835.97 34.92 34.97 4492809	
835.29 34.92 34.84 4499358	
828.76 34.91 34.63 4505907	
823.54 34.92 34.63 4512454	
819.66 34.91 34.95 4519003	
820.19 34.91 35.05 4525550	
816.55 34.91 34.68 4532098	
814.96 34.90 34.43 4538646	
811.37 34.92 34.27 4545195	
809.06 34.90 34.23 4551743	
806.89 34.88 34.27 4558291	
802.16 34.91 34.48 4564839	
799.94 34.90 35.10 4571392	
798.79 34.88 34.66 4577939	
795.42 34.88 34.51 4584486	
794.33 34.90 34.33 4591035	
792.15 34.90 34.09 4597582	
788.57 34.88 34.02 4604131	
784.83 34.90 33.87 4610679	
756.27 34.87 33.55 4617227	
735.33 34.90 33.54 4623776	
725.53 34.88 33.37 4630324	
712.88 34.88 33.21 4636874	
704.54 34.85 33.26 4643423	
698.82 34.87 32.54 4649970	
694.42 34.87 32.52 4656519	
689.11 34.88 32.97 4663066	
685.41 34.87 33.13 4669614	
683.16 34.85 33.17 4676162	
682.97 34.84 31.58 4682714	
679.36 34.85 31.77 4689269	
677.96 34.82 31.78 4695818	
673.07 34.82 32.12 4702365	
670.53 34.82 32.49 4708915	
665.70 34.81 32.74 4715462	
663.31 34.82 32.84 4722011	
659.47 34.81 32.89 4728559	
658.12 34.80 32.78 4735107	
656.37 34.82 32.49 4741655	
654.86 34.78 32.89 4748203	
654.65 34.80 32.15 4754750	
653.13 34.80 32.09 4761298	
651.11 34.77 32.61 4767846	
650.17 34.75 32.64 4774395	
650.03 34.77 32.62 4780944	
649.31 34.75 32.80 4787491	
649.94 34.77 33.42 4794040	
652.55 34.75 33.33 4800590	
658.80 34.75 33.19 4807140	
669.28 34.71 32.97 4813688	
664.19 34.74 32.80 4820236	
663.36 34.72 32.39 4826784	
659.67 34.72 32.29 4833332	
653.50 34.74 32.37 4839879	
648.18 34.72 32.33 4846428	
643.65 34.71 32.29 4852975	
643.35 34.72 32.30 4859525	
641.11 34.71 32.35 4866073	
637.32 34.71 31.46 4872622	
634.29 34.68 31.41 4879170	
632.30 34.70 31.61 4885718	
631.86 34.65 32.04 4892266	
633.30 34.70 32.11 4898814	
632.61 34.68 32.02 4905388	
632.83 34.67 31.14 4911936	
630.80 34.64 30.96 4918481	
629.04 34.64 30.90 4925029	
627.42 34.63 30.76 4931577	
624.41 34.60 30.99 4938125	
618.29 34.63 31.30 4944673	
604.02 34.60 31.71 4951222	
593.60 34.60 32.15 4957770	
594.12 34.57 32.53 4964319	
593.73 34.60 32.64 4970866	
593.09 34.58 32.47 4977414	
593.88 34.57 32.75 4983962	
595.29 34.57 32.30 4990510	
594.98 34.55 31.71 4997058	
594.46 34.55 31.25 5003606	
595.80 34.53 31.17 5010153	
595.32 34.54 31.14 5016702	
590.24 34.54 30.94 5023250	
589.19 34.54 31.44 5029801	
586.20 34.53 31.72 5036350	
583.70 34.50 30.80 5042897	
581.62 34.47 30.62 5049447	
578.83 34.49 30.82 5055993	
576.04 34.49 31.29 5062541	
573.43 34.49 31.15 5069090	
571.05 34.44 30.98 5075638	
569.88 34.44 30.35 5082186	
567.91 34.44 30.69 5088739	
564.10 34.43 30.67 5095286	
560.18 34.42 30.77 5101835	
556.46 34.43 30.87 5108382	
550.04 34.40 31.16 5114930	
546.89 34.40 31.14 5121479	
543.72 34.39 30.91 5128027	
541.90 34.37 30.92 5134575	
539.49 34.37 31.22 5141123	
536.90 34.34 30.44 5147673	
535.59 34.32 30.37 5154222	
535.01 34.33 30.89 5160770	
534.06 34.30 30.67 5167319	
530.02 34.28 30.98 5173867	
526.62 34.24 29.91 5180414	
523.29 34.28 30.47 5186964	
521.30 34.23 30.05 5193511	
518.56 34.23 30.24 5200059	
515.59 34.22 30.07 5206607	
510.18 34.20 29.78 5213155	
506.92 34.19 29.97 5219703	
504.30 34.17 30.06 5226252	
501.18 34.15 29.75 5232799	
496.85 34.13 30.30 5239349	
491.28 34.15 30.83 5245896	
488.39 34.16 30.58 5252444	
487.63 34.10 29.77 5258995	
485.89 34.05 29.78 5265543	
482.78 33.99 29.40 5272091	
479.71 34.02 29.53 5278639	
476.67 34.02 29.84 5285186	
472.02 34.00 29.99 5291736	
469.21 33.97 29.63 5298283	
468.59 34.00 30.13 5304832	
467.73 33.99 30.40 5311380	
465.87 33.99 30.51 5317927	
466.21 33.96 30.94 5324477	
466.72 33.97 31.12 5331023	
468.37 33.96 31.34 5337571	
467.87 33.95 30.75 5344120	
468.22 33.93 30.04 5350668	
467.71 33.93 30.12 5357216	
466.36 33.92 30.16 5363765	
465.72 33.93 29.86 5370312	
464.24 33.91 30.10 5376864	
462.94 33.86 29.57 5383411	
460.39 33.86 29.85 5389959	
459.20 33.86 29.91 5396508	
457.37 33.85 30.28 5403056	
455.81 33.86 30.36 5409604	
455.84 33.86 30.47 5416152	
456.32 33.83 30.28 5422699	
455.88 33.85 30.06 5429248	
456.65 33.85 30.36 5435795	
455.68 33.82 30.80 5442343	
456.46 33.80 30.21 5448892	
456.20 33.80 30.15 5455439	
456.59 33.80 29.44 5461988	
456.54 33.78 29.37 5468535	
453.85 33.79 30.26 5475083	
452.84 33.76 29.86 5481632	
451.77 33.76 29.79 5488179	
450.89 33.75 30.17 5494738	
451.01 33.76 30.33 5501288	
450.37 33.75 30.78 5507835	
451.33 33.73 31.25 5514384	
453.12 33.75 31.58 5520931	
456.93 33.76 31.58 5527479	
459.57 33.75 31.19 5534027	
465.01 33.72 31.10 5540575	
470.29 33.75 31.36 5547123	
479.07 33.73 31.27 5553671	
483.72 33.73 30.51 5560218	
486.25 33.75 30.85 5566767	
490.16 33.75 30.71 5573314	
488.33 33.73 30.67 5579863	
486.63 33.75 30.59 5586412	
482.99 33.75 30.42 5592958	
480.27 33.75 30.71 5599508	
481.21 33.75 30.82 5606059	
479.02 33.73 30.81 5612606	
476.81 33.76 31.11 5619180	
476.22 33.76 31.61 5625728	
477.51 33.73 30.93 5632276	
477.29 33.75 30.79 5638824	
477.46 33.75 30.64 5645373	
476.44 33.78 30.83 5651921	
476.64 33.73 31.40 5658469	
476.96 33.73 31.88 5665016	
477.59 33.78 31.96 5671565	
483.86 33.78 31.68 5678112	
487.91 33.76 31.68 5684661	
492.62 33.76 31.50 5691208	
495.26 33.78 31.56 5697756	
496.99 33.79 31.63 5704304	
499.62 33.79 31.14 5710852	
501.18 33.78 30.92 5717401	
501.24 33.79 30.94 5723953	
499.72 33.79 30.99 5730500	
498.77 33.80 31.19 5737050	
499.10 33.80 31.28 5743597	
497.90 33.82 31.49 5750145	
498.87 33.83 31.52 5756693	
498.97 33.82 31.64 5763240	
500.76 33.83 31.63 5769789	
501.68 33.85 31.81 5776337	
503.04 33.86 31.80 5782885	
506.35 33.86 31.76 5789434	
510.10 33.86 31.86 5795982	
541.38 33.86 31.73 5802529	
550.94 33.89 31.07 5809078	
547.98 33.88 30.80 5815625	
545.22 33.89 30.75 5822174	
542.54 33.88 30.60 5828721	
532.84 33.89 30.54 5835269	
527.35 33.89 30.46 5841820	
519.75 33.89 30.45 5848368	
514.00 33.91 30.25 5854917	
507.54 33.91 30.34 5861466	
504.03 33.91 30.85 5868013	
500.03 33.91 30.99 5874562	
494.93 33.92 31.02 5881109	
489.21 33.92 31.22 5887656	
487.33 33.91 31.35 5894205	
487.13 33.92 31.50 5900752	
488.59 33.91 31.90 5907302	
492.27 33.93 31.93 5913850	
495.24 33.91 31.84 5920398	
497.47 33.93 31.97 5926946	
499.09 33.93 31.92 5933494	
506.93 33.92 31.92 5940041	
512.81 33.95 32.03 5946590	
531.65 33.95 32.18 5953141	
551.15 33.96 31.89 5959690	
567.05 33.95 31.90 5966236	
575.09 33.97 32.24 5972784	
567.37 33.99 31.81 5979333	
569.79 33.99 31.11 5985881	
563.45 33.96 30.94 5992429	
557.88 33.99 31.05 5998978	
550.36 33.97 31.13 6005525	
535.23 34.02 31.15 6012073	
515.48 34.02 31.12 6018621	
506.79 34.00 31.26 6025168	
506.21 34.00 31.40 6031717	
500.05 34.02 31.69 6038264	
500.49 34.02 31.20 6044813	
496.38 34.02 31.22 6051361	
497.13 34.03 31.40 6057909	
498.10 34.02 31.62 6064457	
497.20 34.02 31.54 6071009	
499.20 34.05 31.75 6077556	
499.61 34.00 32.20 6084105	
501.23 34.03 31.79 6090652	
502.87 34.05 31.83 6097201	
505.31 34.06 31.87 6103749	
505.25 34.05 31.30 6110297	
505.18 34.06 31.13 6116845	
503.88 34.07 31.07 6123393	
502.46 34.09 30.96 6129940	
501.23 34.06 30.92 6136489	
500.83 34.09 30.80 6143037	
499.13 34.09 30.94 6149585	
497.40 34.09 31.61 6156133	
497.72 34.09 31.89 6162679	
497.42 34.10 31.61 6169229	
495.87 34.12 30.95 6175776	
493.89 34.09 30.56 6182325	
492.44 34.12 30.47 6188876	
490.91 34.12 30.73 6195424	
490.30 34.13 30.76 6201972	
490.11 34.13 30.79 6208520	
488.29 34.15 30.52 6215067	
487.24 34.13 30.61 6221616	
486.04 34.13 30.37 6228163	
485.66 34.15 30.65 6234713	
