411.14 19.93 41.98
37536
411.69 19.93 41.96
39577
412.00 19.96 41.98
41602
412.06 19.96 42.00
43626
411.45 19.98 42.05
47651
411.34 20.00 42.04
49675
410.14 19.99 42.03
51698
411.68 20.02 42.08
53722
412.42 20.03 42.05
55745
412.95 20.03 42.03
57768
412.78 20.05 42.02
59792
412.15 20.02 42.03
61814
409.22 20.05 41.93
63839
409.44 20.06 41.93
65863
408.74 20.06 41.88
67888
407.33 20.08 41.86
69912
407.36 20.08 41.81
71938
407.94 20.08 41.85
73962
407.67 20.08 41.87
75986
408.51 20.09 41.82
78015
408.79 20.12 41.85
80039
407.88 20.10 41.89
84065
407.77 20.12 41.82
86087
407.92 20.13 41.87
88111
408.59 20.12 41.86
90135
408.40 20.15 41.83
92158
408.27 20.12 41.82
94182
407.44 20.15 41.80
96205
407.72 20.13 41.82
98229
407.78 20.16 41.80
100254
407.03 20.16 41.87
102279
407.75 20.16 41.82
104303
408.59 20.16 41.69
106329
409.33 20.17 41.67
108353
409.12 20.19 41.61
110379
408.93 20.19 41.66
112403
409.57 20.17 41.68
114427
409.93 20.19 41.66
116453
410.41 20.22 41.71
120481
410.97 20.20 41.71
122505
411.01 20.20 41.68
124528
410.89 20.22 41.72
126552
410.88 20.22 41.70
128575
410.73 20.22 41.65
130598
410.70 20.23 41.64
132622
410.37 20.22 41.71
134645
410.01 20.22 41.71
136669
409.84 20.26 41.73
138693
409.68 20.27 41.75
140718
409.90 20.26 41.76
142743
410.22 20.26 41.76
144768
410.57 20.26 41.76
146793
409.49 20.26 41.80
148817
409.87 20.27 41.75
150842
409.64 20.29 41.71
152866
408.85 20.27 41.69
156892
408.97 20.33 41.69
158918
408.90 20.29 41.71
160943
408.08 20.31 41.74
162966
408.18 20.33 41.69
164989
407.91 20.31 41.71
167013
407.81 20.30 41.72
169036
407.96 20.33 41.76
171060
406.98 20.33 41.69
173083
406.91 20.36 41.69
175109
406.04 20.33 41.68
177133
406.18 20.33 41.69
179158
406.14 20.34 41.64
181183
406.25 20.36 41.65
183207
405.85 20.36 41.64
185232
406.07 20.34 41.66
187257
406.53 20.34 41.67
189282
406.53 20.36 41.69
191306
406.45 20.39 41.66
195332
406.64 20.36 41.71
197355
406.90 20.39 41.69
199382
406.64 20.37 41.60
201405
406.62 20.39 41.60
203428
406.79 20.40 41.58
205452
406.85 20.39 41.59
207475
406.45 20.40 41.59
209499
407.42 20.40 41.60
211523
406.97 20.41 41.59
213548
407.45 20.40 41.57
215572
407.00 20.41 41.57
217597
407.09 20.40 41.55
219622
406.88 20.41 41.54
221646
406.60 20.41 41.52
223671
406.67 20.39 41.50
225696
406.86 20.40 41.45
227721
407.38 20.41 41.49
231746
406.51 20.40 41.48
233769
405.92 20.40 41.44
235793
405.44 20.43 41.43
237819
405.42 20.40 41.47
239844
405.61 20.40 41.45
241890
405.26 20.40 41.47
243913
404.72 20.41 41.52
245937
404.18 20.41 41.48
247967
403.87 20.40 41.50
249992
404.48 20.41 41.49
252017
404.53 20.41 41.54
254042
404.54 20.41 41.48
256074
404.33 20.41 41.49
258099
404.58 20.43 41.51
260123
404.43 20.41 41.45
262148
404.22 20.40 41.43
264173
404.62 20.40 41.44
268198
404.05 20.44 41.47
270222
404.31 20.40 41.42
272244
403.79 20.40 41.42
274268
403.85 20.40 41.43
276295
403.52 20.39 41.46
278319
403.06 20.40 41.48
280342
402.89 20.39 41.49
282365
403.23 20.40 41.54
284391
402.51 20.40 41.52
286415
402.97 20.40 41.50
288441
403.57 20.37 41.53
290465
403.51 20.39 41.45
292490
403.47 20.41 41.48
294515
403.18 20.40 41.50
296540
402.75 20.39 41.53
298565
402.79 20.41 41.53
300590
403.18 20.39 41.53
304615
402.89 20.41 41.54
306638
402.63 20.39 41.53
308662
402.31 20.40 41.49
310685
402.60 20.39 41.50
312709
403.06 20.41 41.49
314731
402.89 20.40 41.49
316759
403.10 20.40 41.48
318781
402.86 20.39 41.51
320804
402.44 20.36 41.57
322829
401.85 20.40 41.59
324853
402.06 20.40 41.67
326879
402.42 20.40 41.65
328903
402.76 20.36 41.64
330928
402.74 20.39 41.59
332952
402.07 20.37 41.60
334977
402.64 20.37 41.58
337001
402.20 20.37 41.54
341026
403.21 20.36 41.55
343050
402.95 20.37 41.49
345073
404.38 20.37 41.44
347097
403.35 20.37 41.47
349120
404.37 20.33 41.47
351143
401.04 20.34 41.46
353167
400.39 20.37 41.44
355193
399.98 20.33 41.36
357217
394.68 20.34 41.37
359241
389.88 20.33 41.41
361266
384.29 20.31 41.41
363290
382.97 20.33 41.47
365315
385.75 20.33 41.44
367339
387.30 20.30 41.45
369363
382.63 20.34 41.46
371388
386.04 20.29 41.42
373413
389.19 20.29 41.45
375438
388.19 20.29 41.42
379463
390.16 20.27 41.39
381486
390.42 20.29 41.43
383509
389.76 20.27 41.44
385532
390.25 20.26 41.44
387556
390.06 20.23 41.50
389579
390.84 20.23 41.51
391603
391.28 20.27 41.55
393629
390.79 20.26 41.59
395654
393.37 20.26 41.56
397678
393.26 20.26 41.64
399703
393.42 20.24 41.65
401727
395.09 20.23 41.66
403752
396.58 20.23 41.67
405777
396.13 20.22 41.66
407801
394.88 20.22 41.65
409826
393.44 20.23 41.67
411850
394.65 20.22 41.62
415876
395.96 20.20 41.64
417899
396.24 20.20 41.61
419922
396.76 20.22 41.58
421945
396.27 20.20 41.52
423968
397.31 20.19 41.61
425992
399.13 20.19 41.57
428015
399.80 20.17 41.60
430039
400.36 20.19 41.62
432066
400.25 20.17 41.63
434091
400.99 20.17 41.62
436115
400.68 20.19 41.67
438140
399.55 20.17 41.60
440165
401.29 20.16 41.62
442189
402.29 20.15 41.63
444214
402.56 20.15 41.66
446238
403.36 20.15 41.72
448263
405.47 20.15 41.74
452288
404.11 20.15 41.73
454311
405.37 20.13 41.73
456335
406.36 20.15 41.78
458358
404.66 20.12 41.76
460381
405.76 20.13 41.76
462404
407.20 20.15 41.76
464428
408.66 20.13 41.76
466451
406.24 20.12 41.67
468475
408.70 20.12 41.71
470500
407.58 20.10 41.69
472528
407.62 20.13 41.66
474553
410.58 20.12 41.65
476600
409.00 20.09 41.67
478624
407.83 20.09 41.62
480649
405.42 20.09 41.64
482673
406.33 20.10 41.64
484698
404.70 20.09 41.62
488723
405.55 20.08 41.69
490746
406.16 20.08 41.61
492770
407.12 20.06 41.61
494793
405.77 20.05 41.58
496817
405.70 20.05 41.54
498840
406.14 20.06 41.56
500862
406.83 20.05 41.58
502886
406.73 20.08 41.63
504910
403.11 20.05 41.68
506936
402.13 20.05 41.69
508960
403.98 20.05 41.71
510988
401.82 20.05 41.64
513012
402.95 20.03 41.64
515037
401.23 20.02 41.63
517069
401.30 20.03 41.68
519094
402.51 20.05 41.67
521118
401.83 20.05 41.69
525144
399.02 20.03 41.68
527167
398.18 20.05 41.67
529189
399.31 20.02 41.74
531213
400.62 20.00 41.70
533236
399.92 19.99 41.79
535260
400.76 20.02 41.75
537283
400.18 19.99 41.81
539307
400.54 19.96 41.83
541331
400.18 20.00 41.86
543355
399.40 19.99 41.89
545380
398.19 20.02 41.90
547404
398.49 19.98 41.85
549432
397.83 19.99 41.89
551457
398.38 19.95 41.88
553482
398.83 19.98 41.91
555506
399.38 19.98 41.94
557531
399.09 19.98 41.95
561556
398.65 19.96 41.92
563579
398.02 19.98 41.89
565603
398.36 19.98 41.94
567625
397.96 19.99 41.94
569649
398.15 19.96 41.90
571672
398.35 19.98 41.94
573696
399.49 19.93 41.97
575719
399.32 19.96 41.97
577743
397.30 19.98 41.98
579768
397.00 19.98 42.02
581792
396.04 19.96 41.98
583817
396.06 19.92 42.03
585841
396.50 19.95 42.04
587867
395.35 19.95 42.06
589894
395.65 19.96 42.03
591919
395.44 19.95 42.04
593943
395.85 19.95 42.07
597968
395.46 19.95 42.06
599992
394.52 19.96 42.10
602015
395.47 19.95 42.08
604039
395.05 19.95 42.12
606062
395.15 19.96 42.10
608084
395.10 19.96 42.10
610108
394.72 19.96 42.09
612131
393.77 19.96 42.07
614156
394.08 19.95 42.08
616180
394.45 19.92 42.13
618205
394.55 19.93 42.16
620230
393.36 19.96 42.16
622255
392.42 19.95 42.15
624279
392.58 19.96 42.15
626304
393.44 19.96 42.17
628331
392.45 19.95 42.15
630355
392.39 19.95 42.18
634381
392.11 19.95 42.13
636404
392.40 19.93 42.19
638428
392.85 19.96 42.22
640451
392.30 19.96 42.25
642475
389.63 19.96 42.25
644498
388.57 19.95 42.23
646521
388.24 19.95 42.25
648545
387.63 19.98 42.25
650569
387.72 19.96 42.27
652595
