391.15 19.95 42.30
15690
390.82 19.96 42.36
17731
390.39 20.00 42.43
23525
392.96 20.03 42.53
30827
392.13 20.02 42.53
33333
390.00 20.08 42.53
35356
390.00 19.99 42.46
37379
389.78 20.02 42.43
39404
389.75 19.99 42.39
41428
390.44 19.98 42.27
43453
390.09 19.99 42.24
45477
389.48 19.98 42.26
47502
388.73 19.96 42.25
49527
388.55 19.93 42.28
51552
388.52 19.92 42.21
53576
387.88 19.95 42.30
55602
387.53 19.96 42.31
59627
387.27 19.93 42.34
61649
387.20 19.93 42.32
63673
386.63 19.96 42.37
65699
386.83 19.98 42.35
67723
386.91 19.93 42.36
69746
386.34 19.98 42.31
71770
385.88 19.96 42.36
73793
386.91 19.96 42.36
75819
387.27 19.89 42.28
77843
386.33 19.89 42.26
79867
386.11 19.89 42.23
81915
386.23 19.88 42.20
83940
384.98 19.91 42.25
85965
383.89 19.91 42.19
87990
385.42 19.91 42.13
90015
386.27 19.89 42.14
92040
386.49 19.93 42.23
96065
387.46 19.93 42.24
98088
387.64 19.93 42.19
100112
387.41 19.93 42.13
102135
385.71 19.98 42.15
104159
384.73 19.99 42.14
106185
383.63 20.00 42.12
108209
383.83 20.03 42.08
110233
384.65 20.05 42.09
112257
382.86 20.06 42.08
114281
383.28 20.06 42.04
116305
383.48 20.09 42.00
118330
384.22 20.12 41.97
120355
385.88 20.13 41.96
122380
385.96 20.12 41.90
124405
385.58 20.12 41.93
126430
386.10 20.16 41.88
128454
386.11 20.15 41.87
130479
386.51 20.15 41.87
134504
385.82 20.15 41.82
136527
385.95 20.13 41.85
138551
385.76 20.15 41.80
140575
385.21 20.19 41.78
142599
384.84 20.20 41.77
144629
385.33 20.19 41.69
146657
384.49 20.17 41.67
148680
384.68 20.20 41.61
150704
384.63 20.22 41.56
152728
384.27 20.20 41.58
154754
383.93 20.26 41.64
156778
384.77 20.23 41.64
158802
384.42 20.24 41.61
160828
384.53 20.22 41.58
162852
384.12 20.24 41.54
164877
384.02 20.26 41.54
166901
383.68 20.24 41.51
168926
384.25 20.26 41.52
172952
384.50 20.26 41.52
174976
383.87 20.30 41.58
176999
384.00 20.31 41.73
179022
384.67 20.31 41.74
181046
384.85 20.31 41.81
183069
384.37 20.33 41.80
185097
384.07 20.34 41.82
187120
384.23 20.33 41.77
189144
384.41 20.36 41.80
191171
384.48 20.36 41.75
193196
385.45 20.37 41.76
195220
385.96 20.37 41.74
197245
385.81 20.40 41.73
199270
385.99 20.40 41.73
201294
386.78 20.41 41.76
203320
386.74 20.40 41.79
205344
386.40 20.44 41.78
207369
386.60 20.44 41.83
209393
386.30 20.44 41.82
213419
386.06 20.47 41.85
215442
386.54 20.47 41.84
217465
386.46 20.48 41.84
219489
386.77 20.48 41.80
221512
386.76 20.51 41.82
223540
387.19 20.50 41.79
225563
387.65 20.51 41.82
227587
388.15 20.52 41.91
229610
388.39 20.54 41.98
231634
387.55 20.52 42.01
233660
388.83 20.48 41.98
235684
389.59 20.48 42.05
237709
390.77 20.46 41.96
239733
392.24 20.47 41.87
241759
391.51 20.41 41.78
243783
389.13 20.43 41.71
245808
396.59 20.36 41.66
247833
422.08 20.30 41.59
251858
396.08 20.24 41.68
253882
400.49 20.26 41.75
255905
380.28 20.27 41.78
257929
403.05 20.27 41.80
259952
413.51 20.27 41.82
261979
402.83 20.26 41.82
264002
414.46 20.29 41.85
266025
392.31 20.29 41.79
268049
383.55 20.31 41.82
270073
391.55 20.30 41.78
272099
411.22 20.20 41.81
274123
415.90 20.17 41.91
276149
409.78 20.15 41.95
278173
412.14 20.17 42.07
280199
410.43 20.19 42.04
282223
413.21 20.15 42.07
284248
413.74 20.16 42.07
286273
410.87 20.15 42.13
290298
411.81 20.10 42.17
292322
412.70 20.09 42.15
294345
410.93 20.05 42.17
296369
404.58 20.09 42.25
298392
405.56 20.13 42.36
300416
403.00 20.13 42.30
302443
400.89 20.22 42.26
304465
398.30 20.23 42.20
306489
394.47 20.22 42.12
308519
370.96 20.10 42.10
310544
360.25 20.12 42.15
312568
449.23 20.06 42.14
314594
411.67 20.06 42.26
316641
394.30 20.05 42.24
318666
377.74 20.05 42.32
320691
366.06 20.06 42.34
322715
361.76 20.09 42.35
324740
369.20 20.10 42.32
326764
378.24 20.08 42.31
330789
381.92 20.09 42.29
332813
382.67 20.08 42.32
334836
376.74 20.15 42.29
336860
377.55 20.13 42.30
338883
378.01 20.17 42.29
340910
377.74 20.19 42.20
342933
378.01 20.23 42.12
344956
377.88 20.23 42.09
346985
377.28 20.24 41.96
349009
376.49 20.23 41.97
351034
379.15 20.29 41.95
353058
377.68 20.31 41.94
355083
377.34 20.33 41.87
357108
377.02 20.31 41.82
359133
378.33 20.34 41.80
361157
379.00 20.39 41.80
363182
379.11 20.40 41.80
367207
379.33 20.41 41.79
369230
380.22 20.40 41.70
371254
380.61 20.40 41.67
373277
380.87 20.41 41.59
375301
381.05 20.41 41.60
377324
381.17 20.43 41.56
379351
381.69 20.43 41.58
381374
382.33 20.44 41.60
383397
382.56 20.46 41.65
385422
382.15 20.47 41.77
387446
383.58 20.47 41.87
389471
383.44 20.50 41.88
391495
383.72 20.50 41.84
393520
384.13 20.46 41.72
395545
384.93 20.44 41.58
397570
385.48 20.47 41.61
399645
386.38 20.47 41.76
401670
387.15 20.46 41.77
405702
387.31 20.46 41.79
407726
387.34 20.54 41.82
409749
387.94 20.52 41.80
411772
387.78 20.50 41.79
413796
388.37 20.48 41.68
415819
388.73 20.48 41.59
417843
388.03 20.52 41.62
419869
386.76 20.52 41.65
421894
387.22 20.47 41.65
423918
386.30 20.46 41.65
425944
386.38 20.46 41.55
427968
386.44 20.47 41.50
429992
386.09 20.48 41.50
432017
385.47 20.47 41.53
434041
386.15 20.44 41.57
436067
387.23 20.41 41.52
438091
388.99 20.37 41.56
442117
390.22 20.39 41.64
444140
390.91 20.39 41.76
446163
392.75 20.37 41.83
448186
393.29 20.39 41.79
450209
392.96 20.40 41.85
452233
393.44 20.41 41.91
454256
390.76 20.41 41.87
456280
388.87 20.43 41.77
458306
389.28 20.43 41.81
460331
389.66 20.39 41.78
462356
391.54 20.41 41.88
464380
391.83 20.39 41.83
466405
389.22 20.39 41.88
468429
390.88 20.36 41.86
470454
393.26 20.34 41.91
472478
395.11 20.39 41.93
474504
398.47 20.36 41.87
476528
407.27 20.31 41.83
480553
434.88 20.29 41.77
482577
335.45 20.31 41.84
484600
370.90 20.31 41.82
486623
366.25 20.31 41.88
488646
396.17 20.34 41.78
490670
392.16 20.36 41.84
492693
390.25 20.37 41.84
494716
384.08 20.40 41.82
496744
385.52 20.41 41.74
498769
382.55 20.44 41.76
500794
385.41 20.47 41.71
502818
383.65 20.44 41.64
504843
382.94 20.46 41.61
506867
385.26 20.46 41.54
508892
383.65 20.47 41.59
510917
386.67 20.46 41.57
512942
386.68 20.46 41.60
516967
388.22 20.48 41.65
518990
388.61 20.47 41.75
521013
390.00 20.50 41.75
523036
391.44 20.50 41.78
525060
390.07 20.54 41.74
527083
390.16 20.55 41.66
529106
390.39 20.58 41.63
531130
390.89 20.60 41.66
533153
389.13 20.61 41.69
535182
388.23 20.64 41.76
537206
388.28 20.62 41.79
539231
387.37 20.65 41.83
541255
387.49 20.65 41.91
543280
388.47 20.64 41.79
545304
387.19 20.67 41.67
547330
387.70 20.67 41.66
549354
387.04 20.67 41.57
551402
387.77 20.64 41.59
555427
387.22 20.70 41.59
557451
388.22 20.65 41.53
559473
388.90 20.67 41.60
561497
387.62 20.67 41.53
563520
390.84 20.58 41.41
565543
393.95 20.50 41.45
567567
397.12 20.51 41.64
569590
392.68 20.51 41.69
571615
384.23 20.48 41.74
573639
389.14 20.51 41.74
575667
394.78 20.48 41.74
577692
396.04 20.48 41.71
579717
392.38 20.50 41.71
581741
387.92 20.50 41.68
583766
388.70 20.54 41.62
585790
387.92 20.51 41.63
587814
390.99 20.54 41.67
591840
390.09 20.55 41.65
593863
389.53 20.57 41.61
595887
388.93 20.58 41.64
597910
389.99 20.61 41.59
599933
389.66 20.61 41.58
601957
388.70 20.64 41.53
603980
388.12 20.65 41.49
606004
387.13 20.65 41.46
608028
390.04 20.65 41.38
610053
390.90 20.65 41.37
612077
390.15 20.70 41.41
614106
390.50 20.68 41.49
616130
391.62 20.67 41.46
618155
389.51 20.54 41.41
620179
389.41 20.55 41.37
622203
390.42 20.57 41.42
624269
390.65 20.58 41.38
626293
391.21 20.61 41.32
630319
391.51 20.65 41.26
632342
390.95 20.67 41.31
634365
391.19 20.64 41.26
636389
391.06 20.70 41.28
638411
390.61 20.70 41.40
640435
391.80 20.71 41.54
642458
391.82 20.68 41.67
644482
393.61 20.70 41.61
646507
395.11 20.70 41.55
648531
397.43 20.62 41.45
650556
399.95 20.58 41.38
652584
