389.36 20.71 41.29
20140
388.03 20.58 41.21
27456
390.60 20.68 41.31
34758
387.90 20.64 41.34
36789
384.83 20.65 41.36
38812
382.24 20.65 41.28
40836
377.78 20.68 41.37
42860
374.44 20.67 41.37
44886
381.22 20.68 41.41
46910
381.25 20.64 41.38
48934
375.92 20.62 41.34
50959
382.74 20.62 41.36
52984
384.35 20.64 41.41
55009
385.84 20.60 41.35
57033
383.83 20.60 41.36
59058
388.85 20.64 41.39
63083
390.27 20.60 41.36
65106
398.53 20.52 41.42
67130
400.26 20.50 41.45
69153
408.40 20.47 41.56
71180
405.96 20.47 41.62
73203
404.52 20.48 41.61
75227
403.49 20.44 41.65
77250
400.07 20.44 41.62
79276
396.27 20.44 41.65
81300
393.86 20.48 41.65
83324
399.53 20.47 41.58
85349
395.64 20.48 41.60
87374
389.90 20.48 41.63
89399
380.64 20.44 41.60
91423
370.57 20.46 41.62
93449
364.65 20.48 41.60
95473
365.63 20.46 41.62
99499
371.93 20.44 41.66
101522
368.53 20.48 41.73
103545
370.69 20.48 41.76
105569
373.44 20.47 41.82
107592
370.03 20.48 41.89
109616
373.88 20.47 41.87
111642
370.76 20.50 41.86
113666
369.79 20.50 41.86
115690
373.11 20.50 41.76
117714
374.94 20.50 41.79
119739
374.63 20.52 41.82
121763
373.58 20.50 41.78
123788
372.79 20.50 41.70
125813
373.56 20.51 41.75
127838
375.59 20.51 41.70
129863
376.89 20.48 41.86
131888
377.54 20.51 41.94
133913
378.93 20.50 41.99
137938
380.56 20.44 41.93
139962
380.93 20.47 41.91
141985
380.10 20.41 41.89
144010
382.29 20.41 41.85
146033
384.48 20.44 41.91
148057
380.47 20.41 41.88
150080
375.97 20.41 41.85
152107
378.23 20.43 41.86
154130
376.86 20.39 41.80
156154
374.93 20.43 41.81
158203
370.33 20.39 41.73
160228
365.07 20.31 41.78
162253
369.29 20.27 41.82
164278
377.71 20.37 41.90
166302
368.99 20.37 41.89
168327
363.69 20.37 41.93
170352
368.70 20.37 41.93
172378
376.37 20.36 41.92
176403
376.87 20.31 41.94
178426
387.69 20.31 41.98
180450
393.80 20.31 42.01
182474
390.85 20.30 42.04
184498
391.81 20.30 42.07
186521
397.90 20.31 42.09
188545
401.51 20.36 42.11
190571
400.49 20.31 42.07
192596
410.15 20.30 42.10
194621
407.06 20.31 42.13
196645
406.74 20.24 42.20
198671
404.26 20.27 42.22
200695
400.60 20.26 42.20
202721
393.33 20.29 42.22
204745
393.46 20.27 42.16
206770
392.32 20.29 42.22
208795
391.17 20.29 42.14
212820
390.63 20.26 42.15
214844
388.78 20.26 42.18
216867
388.57 20.24 42.21
218892
387.26 20.26 42.33
220915
390.17 20.24 42.30
222939
389.85 20.27 42.23
224962
389.58 20.27 42.18
226985
390.30 20.27 42.19
229013
388.53 20.30 42.22
231037
387.50 20.26 42.19
233063
389.85 20.27 42.22
235087
389.20 20.23 42.26
237112
391.24 20.24 42.24
239137
384.07 20.19 42.28
241162
388.29 20.17 42.32
243187
395.34 20.19 42.42
245212
400.84 20.19 42.37
247237
377.82 20.16 42.39
251262
374.58 20.17 42.43
253286
397.10 20.19 42.45
255309
393.24 20.13 42.50
257333
377.95 20.13 42.45
259356
392.95 20.09 42.45
261380
372.87 20.15 42.52
263404
382.45 20.19 42.48
265427
379.48 20.16 42.49
267455
374.86 20.16 42.44
269479
367.38 20.15 42.48
271505
369.05 20.17 42.45
273529
379.58 20.16 42.44
275554
385.29 20.15 42.41
277579
382.33 20.17 42.47
279604
381.05 20.17 42.49
281629
392.41 20.13 42.52
283654
387.76 20.16 42.54
287680
389.85 20.13 42.55
289703
392.95 20.15 42.61
291727
395.91 20.12 42.65
293750
397.37 20.15 42.63
295774
396.75 20.12 42.68
297804
397.81 20.12 42.74
299828
397.33 20.10 42.76
301851
397.04 20.13 42.70
303881
397.52 20.13 42.65
305906
397.64 20.13 42.64
307934
395.73 20.12 42.66
310063
395.63 20.15 42.67
312087
395.46 20.15 42.68
314112
393.06 20.15 42.61
316136
392.24 20.16 42.59
318161
392.01 20.15 42.63
320186
392.23 20.15 42.70
322210
392.01 20.15 42.69
326236
393.30 20.15 42.74
328259
391.32 20.17 42.73
330283
392.12 20.15 42.72
332306
392.07 20.17 42.71
334329
391.55 20.15 42.69
336353
391.16 20.16 42.70
338376
390.83 20.16 42.72
340400
392.33 20.13 42.77
342424
391.59 20.15 42.75
344449
392.39 20.15 42.69
346477
391.26 20.15 42.72
348502
392.75 20.15 42.72
350526
391.73 20.10 42.66
352550
391.66 20.13 42.63
354576
392.86 20.10 42.64
356600
394.27 20.15 42.64
358625
393.24 20.16 42.56
362650
394.16 20.13 42.46
364674
394.70 20.13 42.33
366697
394.38 20.13 42.26
368720
394.87 20.15 42.28
370744
394.41 20.12 42.25
372767
393.82 20.15 42.26
374791
394.15 20.16 42.25
376814
394.30 20.15 42.23
378838
393.78 20.17 42.26
380862
394.28 20.17 42.24
382886
394.38 20.17 42.23
384915
395.07 20.16 42.23
386939
396.06 20.16 42.28
388964
396.11 20.19 42.28
390989
396.11 20.19 42.30
393037
396.43 20.19 42.29
395062
396.35 20.17 42.23
397086
395.96 20.16 42.28
401112
396.24 20.17 42.32
403135
396.25 20.16 42.49
405158
396.51 20.17 42.52
407182
395.95 20.17 42.57
409205
397.49 20.13 42.53
411229
398.30 20.16 42.52
413252
397.71 20.17 42.50
415276
398.03 20.15 42.54
417300
398.75 20.17 42.49
419324
398.53 20.15 42.43
421350
398.78 20.17 42.43
423374
399.08 20.17 42.41
425402
399.23 20.20 42.43
427427
399.37 20.19 42.45
429452
399.71 20.20 42.40
431476
398.97 20.19 42.53
433501
398.84 20.20 42.53
437526
398.10 20.19 42.53
439549
397.94 20.19 42.56
441573
397.75 20.20 42.62
443596
397.14 20.17 42.58
445620
396.61 20.16 42.56
447643
396.96 20.19 42.52
449667
396.93 20.20 42.53
451690
396.92 20.19 42.58
453714
397.19 20.22 42.58
455739
396.70 20.20 42.53
457763
397.51 20.19 42.51
459789
395.62 20.22 42.47
461813
396.45 20.22 42.44
463841
396.34 20.22 42.44
465866
395.00 20.22 42.36
467891
394.80 20.22 42.37
469915
394.94 20.23 42.39
473940
394.31 20.20 42.42
475964
394.13 20.26 42.46
477987
394.69 20.26 42.53
480011
395.12 20.26 42.49
482034
395.05 20.23 42.56
484058
395.30 20.26 42.54
486081
394.79 20.23 42.59
488104
394.76 20.23 42.59
490129
394.94 20.24 42.51
492153
395.28 20.26 42.49
494178
395.01 20.26 42.45
496202
395.73 20.24 42.45
498228
394.99 20.23 42.41
500252
394.85 20.26 42.37
502280
394.72 20.24 42.37
504304
394.37 20.26 42.37
506330
394.36 20.27 42.40
510355
394.14 20.30 42.36
512378
393.48 20.29 42.36
514401
393.13 20.27 42.35
516425
393.43 20.29 42.39
518448
392.88 20.30 42.38
520471
393.01 20.31 42.41
522494
393.36 20.29 42.42
524518
393.53 20.30 42.42
526541
393.80 20.31 42.46
528566
393.82 20.31 42.49
530591
393.80 20.33 42.51
532616
393.73 20.31 42.52
534640
393.86 20.34 42.56
536665
393.68 20.33 42.56
538689
393.11 20.36 42.55
540718
393.09 20.36 42.54
542742
392.70 20.36 42.54
546767
392.48 20.37 42.49
548866
392.52 20.39 42.49
550889
392.45 20.40 42.47
552912
392.56 20.39 42.44
554936
392.91 20.41 42.44
556959
393.04 20.40 42.44
558990
392.69 20.43 42.46
561013
392.40 20.43 42.43
563037
392.79 20.43 42.40
565061
393.06 20.44 42.40
567086
392.90 20.44 42.35
569110
393.51 20.46 42.42
571134
393.35 20.44 42.38
573160
392.77 20.46 42.40
575184
393.23 20.46 42.36
577209
393.06 20.48 42.38
579233
393.02 20.47 42.45
581262
392.28 20.46 42.46
585287
392.20 20.47 42.39
587311
391.90 20.48 42.38
589333
392.25 20.48 42.38
591356
392.55 20.48 42.47
593380
392.81 20.50 42.49
595403
393.55 20.47 42.51
597427
393.78 20.51 42.48
599450
393.91 20.50 42.41
601474
394.29 20.51 42.42
603498
394.10 20.51 42.37
605523
394.39 20.51 42.32
607548
394.43 20.51 42.29
609572
394.76 20.52 42.24
611597
395.05 20.52 42.27
613622
395.36 20.54 42.30
615647
395.94 20.54 42.23
617671
395.25 20.51 42.18
619699
395.09 20.51 42.22
623724
395.79 20.52 42.25
625747
398.21 20.54 42.18
627794
397.58 20.50 42.08
629818
