313.05 19.24 43.76
996
315.16 19.27 43.71
3035
317.23 19.28 43.65
5057
319.06 19.28 43.62
7080
320.37 19.31 43.61
9104
324.11 19.32 43.53
11134
325.43 19.34 43.49
13159
328.25 19.35 43.46
15182
329.28 19.35 43.46
17208
332.22 19.35 43.42
19232
333.85 19.38 43.41
21257
334.86 19.39 43.40
23281
335.75 19.38 43.39
27307
337.33 19.39 43.36
29329
338.50 19.41 43.36
31352
338.79 19.42 43.34
33376
339.61 19.44 43.37
35399
340.52 19.46 43.42
37423
340.99 19.45 43.42
39446
342.00 19.45 43.46
41470
342.78 19.45 43.39
43498
342.84 19.46 43.39
45522
342.46 19.49 43.33
47547
343.01 19.48 43.29
49571
343.65 19.49 43.31
51596
344.57 19.49 43.27
53621
345.63 19.49 43.22
57647
347.00 19.52 43.21
59669
347.26 19.52 43.15
61692
348.65 19.52 43.15
63716
348.87 19.50 43.14
65739
349.81 19.52 43.11
67763
350.04 19.53 43.09
69786
351.11 19.53 43.08
71811
351.24 19.53 43.09
73835
350.91 19.55 43.12
75859
351.27 19.55 43.13
77885
351.44 19.56 43.13
79909
352.50 19.57 43.09
81934
353.14 19.55 43.14
83962
353.70 19.56 43.10
87988
354.56 19.55 43.16
90010
356.03 19.55 43.16
92034
356.36 19.53 43.18
94057
356.68 19.56 43.23
96080
357.03 19.56 43.27
98104
356.99 19.55 43.29
100128
358.12 19.56 43.29
102153
358.42 19.56 43.29
104178
359.22 19.57 43.26
106203
359.27 19.56 43.25
108227
359.24 19.59 43.24
110252
358.96 19.57 43.25
112276
359.34 19.55 43.25
116301
360.22 19.55 43.22
118325
360.50 19.60 43.26
120348
361.34 19.59 43.28
122372
361.77 19.59 43.28
124398
361.79 19.57 43.27
126422
361.76 19.59 43.25
128445
361.66 19.57 43.27
130469
362.63 19.57 43.25
132494
362.82 19.59 43.26
134518
363.30 19.57 43.27
136543
363.85 19.59 43.30
138568
364.48 19.57 43.30
140593
364.75 19.60 43.32
142617
364.57 19.59 43.29
146642
365.18 19.59 43.34
148666
365.71 19.60 43.33
150689
366.73 19.59 43.29
152713
366.90 19.60 43.33
154736
367.69 19.59 43.39
156760
368.32 19.60 43.42
158784
368.78 19.59 43.56
160808
368.80 19.59 43.63
162834
368.83 19.59 43.61
164856
369.75 19.57 43.65
166881
370.15 19.60 43.64
168905
370.59 19.56 43.57
170930
370.63 19.57 43.56
174955
371.17 19.57 43.59
176978
371.90 19.57 43.57
179002
372.13 19.59 43.55
181025
372.90 19.59 43.56
183048
373.19 19.57 43.59
185071
373.39 19.56 43.59
187095
373.50 19.57 43.59
189119
373.53 19.57 43.60
191144
373.54 19.56 43.69
193169
373.92 19.56 43.69
195193
374.21 19.59 43.71
197218
375.08 19.55 43.66
199242
374.89 19.53 43.70
201267
375.01 19.52 43.71
205296
375.75 19.50 43.80
207319
376.31 19.49 43.72
209343
377.26 19.52 43.74
211366
377.55 19.48 43.73
213390
378.14 19.46 43.75
215413
377.19 19.48 43.71
217438
377.29 19.46 43.78
219462
377.11 19.49 43.79
221487
376.87 19.45 43.78
223511
376.46 19.46 43.83
225536
377.32 19.45 43.87
227581
378.41 19.46 43.85
229606
378.50 19.42 43.84
233631
378.86 19.42 43.84
235655
379.05 19.42 43.84
237678
379.29 19.42 43.83
239702
380.01 19.42 43.81
241732
379.53 19.42 43.86
243759
378.92 19.42 43.81
245782
379.75 19.38 43.85
247808
379.69 19.38 43.85
249832
379.27 19.38 43.87
251856
378.62 19.41 43.95
253881
378.61 19.38 43.93
255905
378.15 19.42 44.00
257931
378.76 19.41 43.95
259955
378.74 19.42 43.95
263981
378.47 19.44 43.92
266004
378.54 19.42 44.02
268027
378.97 19.44 44.05
270051
378.49 19.42 44.10
272074
378.96 19.45 44.08
274098
379.24 19.44 44.12
276120
378.92 19.46 44.11
278146
378.83 19.44 44.08
280170
379.18 19.44 44.05
282199
379.36 19.44 44.03
284223
379.60 19.44 44.02
286247
379.48 19.44 44.02
288273
379.20 19.42 43.97
290297
378.85 19.42 44.04
294323
379.27 19.44 44.02
296346
378.91 19.42 43.96
298370
378.87 19.44 43.94
300393
379.16 19.44 43.96
302416
379.47 19.44 43.92
304440
379.59 19.44 43.92
306464
379.58 19.39 43.97
308489
379.38 19.45 43.95
310513
379.47 19.46 43.94
312538
379.48 19.44 43.94
314563
379.13 19.44 43.95
316588
379.35 19.45 43.95
318612
379.29 19.45 43.94
322637
379.68 19.46 43.88
324664
379.27 19.45 43.89
326687
379.53 19.44 43.92
328711
380.26 19.44 43.90
330734
380.03 19.39 43.95
332758
379.98 19.39 43.93
334781
380.01 19.41 43.92
336806
380.05 19.39 43.91
338831
379.99 19.42 43.90
340855
380.17 19.41 43.88
342880
380.53 19.41 43.91
344904
380.52 19.41 43.87
346929
380.25 19.42 43.92
348953
379.73 19.42 43.92
352978
379.83 19.42 43.92
355002
379.81 19.42 43.96
357025
380.21 19.41 43.98
359049
379.99 19.41 43.97
361072
380.48 19.42 43.99
363099
380.52 19.42 44.04
365124
380.61 19.41 44.04
367149
380.40 19.42 44.04
369173
379.88 19.41 44.09
371198
379.77 19.41 43.98
373223
379.94 19.44 44.07
375247
379.70 19.41 44.05
377272
380.05 19.41 44.06
381297
379.86 19.42 44.07
383321
379.86 19.41 44.02
385343
379.62 19.41 44.02
387367
379.67 19.42 44.00
389391
379.66 19.44 43.99
391413
379.74 19.44 43.98
393438
379.99 19.44 43.92
395462
380.24 19.45 43.89
397487
379.75 19.44 43.87
399511
379.60 19.46 43.88
401540
379.91 19.44 43.86
403564
379.93 19.46 43.88
405590
379.77 19.45 43.89
409615
379.36 19.42 43.88
411637
379.46 19.44 43.95
413661
379.77 19.44 43.99
415684
380.19 19.42 44.00
417708
380.20 19.44 44.02
419731
380.18 19.44 44.03
421754
380.00 19.44 44.00
423779
379.97 19.44 43.95
425803
379.49 19.42 44.02
427828
379.48 19.45 43.98
429853
379.48 19.45 44.04
431878
379.38 19.45 44.03
433902
379.25 19.46 44.02
435927
379.04 19.44 44.03
439952
379.25 19.42 44.07
441975
379.18 19.42 44.09
443997
379.78 19.45 44.17
446020
379.61 19.42 44.18
448044
379.65 19.44 44.20
450067
379.69 19.41 44.21
452091
380.24 19.42 44.16
454116
380.30 19.41 44.21
456140
380.43 19.41 44.19
458166
380.47 19.41 44.18
460190
380.21 19.39 44.24
462215
380.29 19.38 44.20
464239
380.59 19.35 44.19
468264
380.74 19.37 44.21
470288
380.86 19.38 44.27
472333
381.21 19.38 44.24
474355
381.60 19.35 44.29
476379
381.90 19.37 44.27
478402
381.87 19.32 44.25
480425
382.08 19.37 44.26
482453
381.86 19.37 44.19
484478
381.51 19.37 44.21
486503
381.59 19.37 44.21
488527
381.50 19.35 44.25
490552
381.63 19.38 44.24
492576
381.30 19.37 44.23
494601
380.88 19.38 44.24
498626
380.71 19.38 44.24
500649
380.32 19.38 44.26
502673
380.50 19.38 44.27
504696
380.68 19.37 44.26
506720
380.40 19.37 44.28
508749
380.31 19.37 44.33
510776
380.06 19.37 44.31
512800
379.94 19.37 44.32
514825
379.65 19.34 44.26
516849
379.38 19.37 44.23
518874
379.11 19.37 44.20
520902
378.99 19.35 44.19
522927
378.82 19.35 44.16
526952
378.74 19.37 44.23
528975
378.94 19.34 44.21
530999
378.79 19.37 44.27
533022
378.76 19.32 44.20
535046
379.00 19.35 44.24
537069
378.80 19.35 44.20
539092
378.38 19.34 44.16
541117
378.77 19.37 44.11
543141
378.81 19.38 44.10
545167
378.68 19.38 44.13
547191
378.52 19.37 44.16
549216
378.36 19.37 44.18
551240
378.16 19.35 44.19
555266
377.92 19.38 44.24
557289
377.76 19.35 44.18
559312
377.80 19.35 44.21
561339
377.99 19.35 44.23
563362
377.94 19.39 44.22
565386
377.35 19.38 44.22
567408
376.97 19.38 44.23
569434
376.93 19.38 44.26
571458
376.32 19.39 44.27
573483
375.84 19.37 44.20
575507
375.47 19.35 44.23
577531
375.85 19.35 44.28
579556
376.29 19.37 44.27
581581
375.57 19.37 44.26
585607
375.33 19.37 44.21
587629
375.09 19.37 44.16
589652
374.99 19.37 44.15
591676
374.91 19.38 44.10
593699
374.75 19.39 44.14
595723
374.66 19.38 44.14
597747
374.68 19.38 44.15
599773
374.71 19.38 44.10
601800
374.52 19.38 44.11
603825
374.78 19.37 44.11
605849
374.32 19.39 44.08
607875
374.11 19.41 44.10
609899
373.97 19.37 44.10
613924
373.96 19.38 44.10
615948
374.24 19.38 43.99
617971
374.28 19.39 44.06
619995
374.32 19.38 44.05
622018
374.30 19.39 44.09
624041
374.74 19.41 44.12
626064
374.91 19.41 44.12
628089
374.96 19.39 44.06
630114
374.98 19.39 44.11
632138
374.78 19.41 44.10
634163
374.28 19.42 44.07
636187
374.28 19.41 44.06
638212
374.30 19.41 44.02
640240
374.45 19.39 44.00
644264
374.39 19.39 44.01
646288
374.36 19.39 44.06
648311
374.29 19.41 44.01
650335
374.47 19.39 43.96
652358
374.56 19.38 43.89
654381
374.81 19.41 43.91
656405
374.22 19.41 43.91
658430
374.22 19.39 43.88
660455
373.86 19.38 43.84
662479
373.05 19.37 43.85
664504
373.31 19.34 43.90
666528
372.80 19.32 43.93
668553
373.37 19.29 43.92
672578
373.56 19.28 43.91
674601
373.99 19.32 43.98
676625
373.47 19.31 44.02
678648
373.36 19.31 44.00
680675
373.15 19.31 44.00
682698
373.34 19.31 44.00
684722
373.20 19.32 43.98
686746
373.19 19.35 43.93
688771
373.73 19.34 43.88
690795
373.82 19.34 43.86
692819
373.37 19.35 43.88
694845
373.35 19.35 43.93
696869
373.14 19.35 43.91
698894
373.51 19.35 43.96
702919
373.34 19.37 43.96
704943
373.62 19.32 43.91
706966
373.28 19.29 43.93
708989
373.16 19.32 43.91
711012
373.36 19.29 43.93
713035
374.08 19.28 43.89
715081
373.47 19.29 43.86
717106
373.33 19.32 43.91
719130
373.04 19.29 43.84
721153
373.79 19.31 43.85
723177
373.81 19.29 43.84
725201
373.60 19.32 43.87
727227
373.21 19.32 43.89
729251
372.78 19.31 43.96
733277
372.69 19.31 43.96
735299
373.08 19.31 43.94
737323
373.24 19.32 43.91
739346
373.17 19.35 43.94
741369
373.35 19.32 43.90
743393
373.02 19.34 43.91
745417
372.87 19.32 43.95
747442
372.65 19.35 43.93
749467
372.79 19.37 43.94
751492
373.02 19.34 43.99
753516
372.65 19.35 43.91
755540
372.41 19.35 43.91
757566
372.69 19.37 43.94
761594
372.79 19.35 43.91
763617
373.35 19.35 43.94
765640
373.48 19.34 43.93
767664
373.77 19.34 43.94
769687
374.17 19.35 43.93
771710
374.08 19.32 43.94
773740
373.76 19.34 43.98
775766
373.94 19.32 43.94
777790
374.47 19.34 43.97
779814
374.57 19.37 43.92
781839
374.86 19.38 43.94
783863
374.19 19.37 43.89
785889
374.36 19.38 43.93
787913
374.49 19.39 43.88
791938
374.82 19.37 43.87
793961
374.84 19.39 43.84
795984
374.81 19.38 43.91
798008
374.78 19.38 43.87
800034
374.47 19.39 43.85
802058
374.96 19.41 43.88
804082
374.60 19.39 43.92
806107
374.71 19.41 43.88
808131
374.38 19.42 43.88
810156
374.54 19.41 43.88
812181
374.79 19.41 43.86
814205
374.74 19.44 43.86
816230
374.31 19.41 43.88
818254
374.14 19.41 43.88
822282
374.20 19.44 43.78
824305
374.52 19.39 43.76
826328
374.44 19.42 43.77
828351
374.31 19.44 43.73
830374
374.20 19.45 43.73
832398
374.51 19.46 43.73
834422
374.75 19.45 43.76
836447
374.98 19.44 43.77
838474
375.09 19.46 43.73
840499
375.16 19.48 43.71
842524
374.97 19.44 43.70
844549
375.31 19.48 43.70
846573
375.35 19.45 43.69
850598
375.47 19.46 43.73
852622
375.36 19.46 43.75
854645
375.34 19.46 43.68
856669
375.60 19.46 43.72
858692
376.08 19.49 43.67
860716
376.04 19.49 43.72
862738
375.72 19.48 43.66
864763
376.05 19.48 43.67
866788
375.77 19.46 43.69
868812
375.81 19.46 43.72
870838
375.83 19.49 43.76
872862
375.73 19.46 43.73
874887
375.95 19.45 43.76
876911
376.05 19.48 43.82
880940
376.04 19.49 43.77
882963
376.03 19.48 43.78
884986
375.82 19.48 43.82
887010
376.21 19.48 43.86
889033
376.85 19.45 43.82
891056
376.90 19.45 43.81
893080
377.63 19.45 43.83
895105
377.64 19.45 43.74
897129
377.62 19.46 43.77
899154
377.69 19.48 43.77
901179
377.94 19.44 43.81
903203
378.14 19.48 43.76
905228
377.78 19.49 43.80
907252
377.93 19.49 43.79
911280
377.91 19.49 43.79
913303
378.11 19.49 43.81
915326
378.10 19.48 43.73
917349
377.98 19.49 43.77
919376
377.76 19.49 43.77
921399
377.86 19.49 43.74
923424
377.99 19.50 43.70
925449
377.81 19.52 43.71
927473
377.40 19.50 43.71
929498
377.29 19.49 43.71
931521
377.71 19.50 43.71
933545
377.96 19.52 43.67
935570
377.78 19.52 43.62
939596
377.90 19.52 43.63
941619
377.66 19.53 43.62
943642
377.78 19.52 43.61
945666
377.91 19.52 43.63
947688
377.95 19.50 43.63
949711
377.97 19.50 43.66
951735
378.02 19.50 43.63
953759
378.31 19.50 43.58
955785
377.99 19.50 43.63
957834
378.35 19.52 43.63
959858
378.33 19.52 43.57
961883
378.60 19.52 43.58
963907
378.64 19.52 43.59
965932
378.49 19.53 43.59
969958
378.89 19.50 43.55
971980
379.05 19.53 43.60
974004
379.00 19.53 43.57
976027
378.61 19.53 43.54
978051
378.77 19.52 43.53
980074
378.66 19.55 43.60
982097
378.36 19.55 43.59
984122
378.29 19.53 43.59
986146
378.61 19.53 43.60
988171
378.37 19.53 43.64
990196
378.90 19.53 43.62
992221
378.96 19.56 43.64
994245
378.97 19.56 43.62
996270
378.69 19.53 43.60
1000295
378.61 19.56 43.65
1002318
378.49 19.56 43.64
1004341
378.10 19.56 43.57
1006364
377.74 19.57 43.57
1008388
377.24 19.56 43.51
1010411
377.28 19.56 43.52
1012436
377.12 19.55 43.53
1014461
377.37 19.56 43.56
1016485
376.73 19.57 43.53
1018510
376.87 19.57 43.53
1020534
376.55 19.57 43.52
1022560
376.77 19.59 43.47
1024584
376.99 19.57 43.50
1028610
376.90 19.60 43.51
1030632
377.05 19.57 43.53
1032655
377.10 19.60 43.50
1034679
377.51 19.57 43.48
1036705
377.53 19.59 43.47
1038729
377.86 19.57 43.46
1040759
378.03 19.60 43.45
1042784
378.08 19.59 43.46
1044808
378.25 19.59 43.45
1046833
378.50 19.60 43.41
1048858
379.18 19.60 43.39
1050883
378.91 19.62 43.37
1052907
378.71 19.60 43.45
1054931
379.14 19.59 43.45
1058957
380.06 19.62 43.42
1060980
379.69 19.60 43.44
1063004
380.00 19.60 43.45
1065027
380.33 19.62 43.42
1067051
380.17 19.62 43.45
1069074
380.36 19.63 43.55
1071098
380.56 19.62 43.64
1073123
380.48 19.62 43.70
1075151
380.82 19.62 43.66
1077176
381.34 19.62 43.72
1079200
381.39 19.60 43.75
1081225
381.60 19.62 43.68
1083249
381.57 19.59 43.63
1087275
381.76 19.57 43.59
1089298
381.73 19.57 43.51
1091321
381.57 19.56 43.48
1093345
381.88 19.56 43.43
1095368
382.35 19.57 43.46
1097392
382.07 19.56 43.35
1099415
381.87 19.56 43.40
1101440
381.87 19.56 43.43
1103464
382.10 19.57 43.40
1105489
382.33 19.56 43.40
1107514
382.28 19.55 43.37
1109538
382.32 19.60 43.39
1111563
382.45 19.59 43.39
1113585
382.42 19.56 43.40
1117611
382.27 19.57 43.35
1119634
383.04 19.56 43.35
1121656
382.98 19.57 43.34
1123680
383.19 19.56 43.30
1125703
383.27 19.52 43.28
1127727
383.48 19.55 43.30
1129751
383.37 19.56 43.34
1131776
383.72 19.57 43.30
1133800
383.72 19.55 43.30
1135825
383.99 19.57 43.25
1137850
383.73 19.57 43.18
1139874
383.79 19.55 43.18
1141899
383.93 19.59 43.17
1145924
383.78 19.60 43.17
1147948
383.95 19.59 43.11
1149971
383.80 19.57 43.11
1151997
384.19 19.59 43.15
1154021
383.95 19.57 43.13
1156044
384.15 19.57 43.09
1158068
384.01 19.57 43.13
1160092
384.03 19.59 43.10
1162117
384.04 19.55 43.12
1164141
384.08 19.56 43.12
1166167
384.36 19.57 43.07
1168191
384.18 19.57 43.12
1170215
384.21 19.59 43.11
1174241
384.15 19.59 43.12
1176263
384.56 19.59 43.21
1178288
385.07 19.57 43.22
1180311
384.91 19.62 43.24
1182334
384.65 19.60 43.24
1184357
384.59 19.59 43.29
1186381
384.42 19.62 43.29
1188406
384.68 19.59 43.28
1190433
384.63 19.59 43.33
1192458
384.26 19.57 43.26
1194483
384.11 19.60 43.36
1196508
384.06 19.59 43.35
1198532
383.93 19.59 43.42
1200578
383.97 19.60 43.45
1204603
383.81 19.60 43.37
1206627
383.38 19.56 43.40
1208649
383.38 19.57 43.37
1210673
383.01 19.57 43.35
1212696
383.38 19.56 43.35
1214720
383.47 19.55 43.43
1216743
383.94 19.57 43.42
1218768
383.76 19.56 43.43
1220793
383.99 19.59 43.45
1222817
383.72 19.56 43.47
1224842
382.93 19.57 43.43
1226870
