104.11
30619
104.66
32683
105.99
34705
107.16
36725
108.15
38746
108.01
40766
107.87
42786
107.76
44807
108.97
46827
109.61
48848
109.73
50869
109.74
52889
109.90
54909
110.80
56930
111.42
58950
113.35
60971
114.61
62993
114.87
65014
115.39
67037
115.86
69058
116.16
71079
116.79
73102
117.41
75123
117.11
77146
117.20
79167
117.16
81188
117.30
83211
117.25
85232
117.38
87252
117.59
89273
118.06
91293
118.55
93314
119.23
95335
119.36
97355
119.44
99376
119.27
101396
118.73
103416
118.69
105441
118.57
107461
118.50
109481
118.43
111502
118.72
113523
118.86
115545
119.29
117567
119.20
119588
119.82
121611
120.19
123632
120.14
125655
120.63
127676
120.87
129698
121.16
131720
121.65
133742
121.64
135763
122.07
137789
122.11
139809
122.52
141830
122.49
143850
122.84
145871
122.78
147892
122.92
149912
122.75
151933
122.37
153954
122.39
155974
122.37
157995
122.45
160016
122.73
162036
123.50
164057
124.03
166079
124.99
168100
124.86
170123
125.02
172144
125.17
174170
125.67
176191
126.50
178213
126.71
180235
126.47
182257
126.48
184279
126.97
186301
127.35
188322
127.61
190344
128.15
192364
127.68
194384
127.86
196405
127.63
198425
127.65
200446
127.66
202467
127.46
204487
127.88
206508
128.33
208529
128.63
210549
128.94
212570
129.34
214590
128.45
216610
128.31
218633
127.96
220654
128.21
222676
128.33
224698
128.48
226720
128.58
228742
128.39
230764
128.75
232785
129.07
234808
129.46
236829
129.02
238852
129.20
240873
129.08
242897
128.86
244918
128.58
246966
128.49
248986
128.81
251006
128.46
253027
128.25
255048
127.81
257069
127.52
259089
127.07
261109
127.08
263131
126.76
265151
126.41
267171
126.69
269194
125.62
271215
126.35
273238
125.80
275267
126.77
277288
125.94
279311
125.33
281332
125.09
283355
124.73
285376
124.63
287398
124.41
289421
124.10
291442
124.30
293463
122.33
295484
120.61
297504
117.99
299525
114.30
301545
105.38
303566
74.64
305587
75.42
307607
64.13
309627
63.81
311649
68.32
313672
64.82
315693
59.81
317714
60.46
319737
57.11
321760
57.27
323781
56.47
325804
55.90
327825
54.42
329847
54.46
331869
54.46
333891
55.18
335912
55.62
337935
55.46
339956
55.56
341979
56.98
343999
56.76
346019
57.53
348040
57.89
350060
57.02
352080
57.53
354102
57.09
356122
57.25
358142
57.41
360163
57.64
362183
57.87
364205
57.81
366225
57.59
368245
57.17
370267
55.95
372289
55.53
374310
54.92
376333
55.40
378354
54.75
380377
54.81
382398
54.63
384420
54.51
386445
54.81
388467
54.26
390489
54.34
392511
53.96
394531
53.86
396552
54.11
398572
53.92
400592
53.91
402614
53.61
404634
53.93
406654
54.18
408675
54.41
410696
54.81
412717
54.69
414737
55.09
416757
55.34
418778
55.16
420800
55.48
422821
55.83
424844
56.13
426865
56.13
428888
56.18
430909
55.84
432931
55.59
434953
55.37
436975
55.32
438996
55.39
441019
55.44
443039
55.58
445060
55.31
447080
55.66
449100
55.70
451121
55.55
453141
55.60
455162
55.59
457183
55.46
459203
55.57
461227
56.06
463248
55.88
465295
56.16
467315
56.03
469338
56.30
471359
56.46
473381
56.40
475403
56.03
477425
55.44
479447
55.39
481469
55.45
483490
56.32
485513
57.20
487534
57.22
489556
57.11
491578
57.25
493599
56.95
495620
56.80
497640
56.21
499660
56.48
501681
56.21
503702
56.01
505722
56.04
507743
56.08
509764
56.49
511784
56.43
513805
56.88
515825
57.40
517846
57.12
519868
57.04
521889
57.15
523912
56.90
525940
57.28
527963
57.86
529984
57.76
532006
57.84
534032
57.50
536053
57.68
538076
57.82
540097
58.16
542117
57.67
544138
58.10
546159
58.31
548179
58.52
550200
58.73
552220
58.83
554241
59.16
556262
59.43
558282
59.18
560303
59.47
562323
59.51
564343
59.56
566364
59.29
568386
59.36
570407
59.71
572430
59.55
574451
59.15
576474
59.50
578495
59.60
580517
59.01
582539
58.83
584560
59.04
586583
58.91
588604
59.01
590626
58.92
592647
58.53
594667
58.67
596687
58.62
598708
58.12
600729
57.90
602749
58.15
604770
58.07
606790
57.53
608815
57.26
610835
56.99
612855
56.78
614876
56.41
616896
56.49
618918
56.26
620940
56.14
622962
56.19
624984
56.36
627006
56.15
629027
55.75
631050
55.68
633071
55.72
635092
56.14
637115
56.24
639136
55.88
641159
55.88
643179
55.67
645199
55.57
647220
55.75
649240
55.94
651261
55.83
653282
55.91
655302
55.97
657323
56.02
659343
55.56
661364
55.50
663385
55.50
665405
55.16
667425
55.20
669447
55.53
671469
55.59
673490
55.67
675513
56.03
677534
55.88
679557
55.45
681582
54.91
683630
54.53
685652
54.81
687674
55.22
689696
55.35
691717
54.87
693737
55.41
695757
55.10
697779
55.11
699799
54.89
701819
54.61
703840
55.04
705860
55.04
707881
54.85
709902
54.63
711922
54.45
713943
54.52
715963
54.39
717985
54.09
720007
53.82
722029
54.06
724050
54.43
726073
54.15
728094
53.91
730117
53.69
732138
53.58
734160
53.78
736182
53.63
738203
54.02
740226
53.92
742246
54.03
744266
54.11
746287
53.94
748307
54.04
750328
54.04
752349
54.28
754369
54.57
756393
54.63
758414
54.06
760434
54.13
762455
53.93
764475
53.38
766496
53.44
768518
53.66
770539
53.63
772561
53.66
774591
53.56
776612
53.80
778635
53.65
780656
53.60
782679
53.35
784700
53.52
786721
53.90
788744
53.71
790771
53.69
792793
53.60
794813
53.20
796833
53.53
798854
53.97
800874
53.95
802894
54.11
804916
54.24
806936
54.33
808956
54.41
810977
54.94
812997
54.98
815017
54.92
817038
55.14
819060
55.37
821082
55.80
823104
55.95
825125
56.05
827148
55.99
829169
56.00
831195
56.16
833216
56.44
835238
56.61
837260
56.89
839282
57.04
841304
56.87
843324
56.72
845345
56.66
847366
56.38
849386
56.29
851406
56.46
853427
56.60
855448
56.88
857468
57.06
859489
56.72
861509
56.11
863529
55.88
865550
55.89
867570
56.14
869593
56.44
871614
56.80
873636
56.53
875658
56.87
877680
56.83
879702
56.87
881724
56.35
883745
56.29
885767
56.24
887789
56.34
889810
56.07
891833
55.98
893853
56.27
895874
56.29
897894
55.94
899915
56.28
901936
56.61
903987
56.50
906007
56.52
908027
56.66
910048
56.77
912068
56.57
914088
57.01
916110
57.27
918131
56.88
920154
56.80
922175
57.26
924197
57.24
926219
56.92
928240
56.93
930263
56.77
932284
56.56
934306
56.34
936328
56.61
938350
56.55
940377
56.16
942397
56.05
944418
56.48
946439
56.56
948459
56.20
950479
56.42
952500
56.51
954520
56.61
956540
56.19
958562
56.23
960582
56.46
962603
56.76
964623
56.33
966643
56.51
968666
56.71
970687
56.40
972709
56.66
974731
56.44
976752
56.69
978778
56.79
980800
56.89
982821
57.00
984843
57.28
986865
57.43
988887
57.40
990909
57.40
992929
57.66
994950
57.84
996970
57.72
998990
58.19
1001012
58.19
1003032
57.97
1005052
57.86
1007073
57.93
1009094
57.83
1011115
57.24
1013135
56.95
1015155
56.78
1017176
56.69
1019198
56.57
1021219
56.49
1023242
56.17
1025271
56.19
1027293
56.05
1029315
56.05
1031336
56.49
1033358
56.48
1035380
56.43
1037402
56.59
1039424
56.74
1041444
57.02
1043465
57.41
1045485
57.28
1047505
57.35
1049530
57.34
1051550
57.37
1053572
57.37
1055592
57.92
1057612
57.97
1059633
57.85
1061653
57.54
1063674
57.01
1065695
57.12
1067716
57.08
1069739
57.01
1071760
57.08
1073782
56.89
1075804
56.82
1077826
56.79
1079847
56.83
1081869
56.96
1083891
57.13
1085913
57.35
1087935
57.90
1089957
58.01
1091978
58.03
1093998
58.15
1096018
57.92
1098040
58.01
1100060
58.17
1102081
58.18
1104101
58.30
1106122
58.31
1108143
58.22
1110163
57.87
1112183
57.79
1114204
58.26
1116225
58.29
1118249
58.23
1120299
58.41
1122321
58.16
1124342
58.25
1126365
58.23
1128386
58.30
1130408
58.60
1132430
58.54
1134451
58.70
1136474
58.82
1138495
59.04
1140516
59.11
1142537
58.98
1144557
59.15
1146577
58.80
1148598
58.36
1150618
58.41
1152640
58.44
1154660
58.63
1156680
58.67
1158701
58.91
1160721
59.03
1162742
59.18
1164763
59.07
1166784
59.00
1168806
58.59
1170828
58.12
1172850
57.84
1174872
58.00
1176894
58.34
1178915
58.11
1180938
58.22
1182959
58.01
1184982
58.14
1187007
58.39
1189028
58.74
1191049
58.71
1193069
58.66
1195090
58.75
1197111
58.87
1199131
58.57
1201152
58.11
1203172
58.25
1205192
58.35
1207214
58.90
1209234
58.79
1211254
58.38
1213275
58.76
1215296
58.76
1217318
59.08
1219340
59.18
1221362
59.48
1223384
59.50
1225406
59.68
1227427
59.98
1229450
59.83
1231471
60.04
1233494
59.72
1235515
59.62
1237536
59.75
1239558
59.95
1241578
59.58
1243598
59.29
1245619
59.25
1247639
59.01
1249659
