470.61 24.71 25.75
3036
463.74 24.77 25.65
5081
457.83 24.78 25.65
7105
450.54 24.81 25.63
9129
444.58 24.84 25.52
11154
439.26 24.87 25.44
13178
429.89 24.88 25.47
15203
430.69 24.95 25.65
17228
431.21 24.98 29.28
19253
434.44 25.01 30.42
21277
433.87 25.02 29.72
23302
433.62 25.08 28.43
27327
428.91 25.11 27.52
29350
429.10 25.14 26.73
31374
428.85 25.15 26.23
33397
428.14 25.22 26.01
35421
425.57 25.25 25.78
37444
424.57 25.25 25.69
39468
430.47 25.28 25.71
41491
449.10 25.35 26.93
43515
472.54 25.36 27.01
45544
502.15 25.36 26.63
47568
576.11 25.39 26.30
49594
727.66 25.42 25.98
51618
879.31 25.49 25.64
53643
873.38 25.49 25.60
55668
855.56 25.50 25.11
57693
818.53 25.55 24.98
59718
774.85 25.57 25.02
63744
705.74 25.59 24.97
65767
675.46 25.62 24.78
67790
629.58 25.62 24.54
69814
602.59 25.62 24.69
71837
593.44 25.67 24.57
73861
586.99 25.67 24.62
75884
577.24 25.67 24.44
77907
563.33 25.70 24.36
79933
557.40 25.74 24.45
81957
547.03 25.74 24.45
83983
533.76 25.76 24.42
86010
535.97 25.74 24.22
88036
521.76 25.77 24.11
90060
495.36 25.77 24.24
92085
492.78 25.81 24.12
94110
488.22 25.80 24.14
96135
486.10 25.83 24.24
100160
480.86 25.83 24.26
102183
456.01 25.83 24.30
104207
450.34 25.86 24.65
106230
444.93 25.88 27.15
108254
369.88 25.91 27.54
111031
485.64 26.01 25.50
118334
422.88 26.36 26.70
125636
447.44 26.70 24.61
132938
456.23 26.89 24.22
140240
457.96 27.16 24.05
147542
467.66 27.11 24.17
154845
477.04 27.20 24.44
162151