854.14 24.24 41.50
11063
774.17 24.24 40.95
13109
712.72 24.29 40.38
15134
644.77 24.33 40.64
17159
594.72 24.42 42.81
19183
542.36 24.46 43.93
21208
529.60 24.50 45.78
23232
520.37 24.53 47.65
25256
500.59 24.50 48.29
27281
488.46 24.50 48.68
29305
483.84 24.46 47.27
33331
477.42 24.40 44.40
35354
361.94 24.57 36.51
6566
348.80 24.68 35.82
8590
349.02 24.72 35.93
10612
341.45 24.74 35.48
12636
333.79 24.72 35.98
14659
332.68 24.85 36.49
16683
343.50 24.95 36.65
18705
334.71 24.99 36.13
20729
322.36 25.01 35.51
22758
321.44 25.06 35.23
25033
324.76 25.22 38.09
32336
326.82 25.32 37.81
39638
327.00 25.37 37.86
46940
327.03 25.47 37.59
54242
330.39 25.45 37.36
61544
330.63 25.47 37.27
68847
331.30 25.49 37.84
76148
332.05 25.53 37.59
83451
334.98 25.47 36.28
90753
336.39 25.50 36.40
98055
336.22 25.45 38.52
105356
337.90 25.43 38.23
112658
339.62 25.42 37.28
119960
344.95 25.30 36.49
127262
347.21 25.23 35.41
134564
350.29 25.23 35.31
141865
353.12 25.16 35.29
149172
350.56 25.25 35.84
156475
361.16 25.36 37.54
163776
373.42 25.50 37.96
171078
382.21 25.83 37.78
178380
377.63 26.08 36.09
185682
370.76 26.49 36.08
192984
364.89 26.82 36.11
200287
358.42 27.14 36.79
207589
360.94 27.48 35.26
214891
357.66 27.75 33.74
222193
358.29 28.39 33.43
229495
352.17 28.67 32.77
236797
352.28 29.12 32.25
244099
352.82 29.70 32.02
251400
355.21 30.13 32.77
258703
359.64 30.71 31.84
266004
362.21 31.14 32.47
273307
377.19 31.72 31.15
280608
757.42 32.18 30.41
287915
6405.18 32.62 29.00
295218
7849.45 33.24 30.70
302519
8646.03 33.72 29.99
309822
10559.14 34.32 30.22
317123
12725.13 34.82 28.81
324426
15603.71 35.43 28.54
331727
20150.77 35.79 25.21
339031
27501.18 36.03 25.76
346332
30495.86 36.24 25.87
353633
34385.08 36.57 21.31
360936
20483.55 37.17 23.73
368237
17872.30 37.53 24.97
375540
18050.17 37.98 25.30
382842
21884.86 38.34 24.75
390145
34581.37 38.54 23.35
397447
33395.71 38.86 22.80
404749
28990.27 39.28 22.20
412055
27113.85 39.78 22.67
419356
26380.28 40.12 23.41
426659
26074.81 40.57 22.33
433960
26773.69 40.93 23.07
441264
33673.22 41.27 21.75
448565
40000.00 41.56 20.39
455868
40000.00 41.89 20.52
463171
40000.00 42.34 22.78
470472
40000.00 42.67 22.66
477775
40000.00 43.09 22.86
485076
40000.00 43.08 18.23
492380
40000.00 43.76 19.48
499681
40000.00 44.13 19.44
506984
40000.00 44.58 19.79
514285
40000.00 44.55 17.05
521588
40000.00 44.28 16.49
528891
40000.00 44.07 16.78
536196
40000.00 44.85 17.45
543499
30943.07 45.32 18.02
550800
21601.24 45.58 18.08
558103
15657.03 45.94 18.36
565404
12512.16 46.19 17.70
572707
9577.77 46.36 17.09
580009
9471.50 46.25 14.71
587331
10112.77 46.59 15.69
594633
8954.13 46.86 17.90
601935
4236.66 47.06 16.97
609238
1079.90 47.21 17.48
616540
439.42 47.32 16.89
623842
386.32 47.53 17.15
631151
388.41 47.63 17.18
638453
396.78 47.74 17.31
645756
407.41 47.72 14.91
653058
408.52 47.82 16.14
660360
404.40 47.80 15.22
667659
399.59 47.77 15.94
674962
390.82 47.81 16.59
682263
388.55 47.80 16.72
689566
388.96 47.64 15.65
696867
387.83 47.66 17.00
704168
387.28 47.63 16.95
711472
386.52 47.60 17.61
718773
387.01 47.61 18.05
726075
385.13 47.63 18.29
733377
381.41 47.68 18.15
740679
378.84 47.77 18.28
747980
373.51 47.88 17.32
755283
367.53 47.90 15.87
762586
362.47 48.04 15.93
769888
357.00 48.18 16.53
777190
343.16 48.35 17.31
784491
341.52 48.48 16.46
791794
341.95 48.65 17.46
799098
346.33 48.83 16.72
806402
350.07 49.06 16.76
813703
349.07 49.14 16.29
821005
350.08 49.27 15.97
828308
344.76 49.70 16.25
835609
348.81 49.55 16.28
842912
355.89 49.55 16.08
850213
363.76 49.48 15.85
857516
365.84 49.38 16.01
864818
367.02 49.26 16.23
872120
370.60 49.14 16.14
879421
377.74 48.93 16.24
886723
380.21 48.74 16.59
894025
386.68 48.45 16.11
901326
387.79 48.19 16.80
908630
390.84 47.50 19.02
915931
388.19 47.30 17.93
923233
389.91 46.65 14.75
930538
380.84 46.41 14.75
937840
377.28 46.11 16.36
945145
371.27 45.50 16.44
952448
369.50 45.10 16.92
959750
363.37 44.68 17.04
967051
362.07 44.30 16.57
974354
363.85 43.82 17.67
981655
365.35 43.37 17.21
988958
365.81 42.84 17.09
996259
365.31 42.48 17.64
1003561
364.70 42.13 19.06
1010865
363.25 41.69 19.68
1018166
360.94 41.41 19.82
1025469
361.12 41.07 21.61
1032770
359.39 40.80 21.71
1040073
357.76 40.47 22.07
1047374
358.51 40.23 22.29
1054678
357.64 40.02 21.36
1061982
356.58 39.72 21.92
1069283
356.34 39.51 22.15
1076586
357.01 39.23 22.49
1083887
355.73 39.06 23.67
1091190
354.31 38.83 23.48
1098491
353.61 38.61 23.65
1105795
352.48 38.36 22.40
1113096
352.84 38.19 23.23
1120399
352.90 38.03 22.62
1127701
352.71 37.74 23.04
1135002
352.49 37.57 23.33
1142305
351.89 37.33 25.25
1149606
351.71 37.20 26.07
1156910
351.66 37.00 26.37
1164211
351.61 36.83 26.40
1171513
350.66 36.71 27.05
1178816
350.09 36.51 26.88
1186117
349.74 36.37 26.10
1193423
348.74 36.20 24.83
1200724
348.27 36.31 24.57
1208028
347.57 36.37 24.75
1215329
348.01 36.37 22.89
1222632
349.49 36.44 20.86
1229934
351.26 36.41 22.92
1237236
352.24 36.35 23.80
1244538
350.83 36.32 24.38
1251841
349.75 36.24 25.79
1259143
347.30 36.21 27.21
1266444
347.26 36.10 27.68
1273747
346.48 35.99 27.40
1281048
347.12 35.93 26.96
1288349
347.47 35.84 28.34
1295652
345.86 35.72 29.57
1302953
345.98 35.60 29.46
1310257
344.24 35.48 27.73
1317562
343.74 35.33 25.95
1324864
343.64 35.22 26.23
1332165
343.13 35.08 26.44
1339467
343.68 34.97 26.52
1346769
342.51 34.85 27.68
1354072
341.97 34.75 27.74
1361375
342.67 34.61 30.06
1368676
342.52 34.51 29.63
1375978
342.72 34.40 26.99
1383280
342.21 34.28 26.08
1390582
342.32 34.16 26.33
1397885
342.69 34.03 25.67
1405187
342.61 33.92 27.19
1412490
342.85 33.79 27.95
1419810
343.15 33.68 27.79
1427112
343.21 33.54 26.43
1434415
343.04 33.41 25.48
1441717
342.26 33.28 26.75
1449023
343.55 33.13 25.42
1456324
343.85 33.01 25.61
1463627
343.85 32.84 26.53
1470928
344.98 32.74 28.19
1478232
343.77 32.56 30.02
1485533
344.13 32.46 29.53
1492836
343.64 32.36 29.82
1500138
344.98 32.19 30.47
1507440
344.58 32.11 30.69
1514742
344.34 31.98 31.79
1522043
344.08 31.85 30.22
1529354
343.90 31.75 30.36
1536655
343.77 31.48 33.56
1543956
339.96 31.60 30.73
1551259
322.09 31.81 30.85
1558560
353.40 31.77 31.47
1565863
350.95 31.75 32.16
1573165
346.45 31.75 29.27
1580471
344.23 31.75 28.69
1587772
342.39 31.68 29.55
1595073
341.27 31.64 28.64
1602376
342.10 31.54 29.12
1609677
341.89 31.41 28.51
1616980
340.48 31.33 29.73
1624282
343.46 31.26 29.73
1631584
343.98 31.20 29.62
1638886
346.28 31.12 28.94
1646187
346.42 31.07 29.22
1653490
345.83 30.97 30.24
1660791
345.84 30.96 29.62
1668093
346.07 30.87 30.64
1675396
346.33 30.79 29.67
1682698
346.53 30.76 30.79
1690006
346.21 30.68 30.93
1697307
345.71 30.65 29.48
1704613
346.14 30.58 28.59
1711916
346.08 30.48 33.12
1719218
345.09 30.31 33.04
1726519
345.78 30.24 32.40
1733822
345.83 30.17 32.29
1741125
346.38 30.04 31.12
1748426
346.07 30.03 31.12
1755728
346.32 29.94 32.34
1763031
346.56 29.83 32.44
1770333
346.73 29.73 32.70
1777635
346.48 29.69 33.46
1784937
346.34 29.63 33.71
1792240
345.33 29.56 33.47
1799541
346.34 29.45 34.87
1806844
344.87 29.38 33.51
1814146
343.89 29.33 34.42
1821448
342.76 29.26 35.62
1828750
342.87 29.22 36.27
1836054
343.54 29.16 35.91
1843357
342.85 28.99 35.32
1850658
341.84 29.01 37.38
1857961
341.48 28.97 37.44
1865263
341.42 28.94 37.45
1872565
341.84 28.91 38.53
1879867
341.84 28.87 37.87
1887168
340.72 28.83 35.99
1894470
340.42 28.81 37.38
1901772
339.71 28.81 35.03
1909074
338.53 28.77 34.43
1916377
338.84 28.70 33.73
1923679
339.70 28.70 33.95
1930982
339.91 28.61 34.88
1938283
340.33 28.55 34.62
1945586
339.83 28.50 35.57
1952887
339.38 28.46 36.75
1960189
338.77 28.43 35.24
1967495
339.52 28.40 32.30
1974797
338.05 28.30 34.39
1982100
337.10 28.27 36.78
1989401
336.80 28.22 36.47
1996704
336.56 28.02 35.29
2004005
336.11 28.02 32.46
2011308
336.30 28.03 32.58
2018610
335.85 27.99 33.80
2025912
336.57 27.95 34.87
2033214
336.57 27.86 34.74
2040516
336.95 27.85 38.19
2047818
337.32 27.82 37.66
2055120
336.87 27.79 38.49
2062423
336.53 27.78 40.07
2069724
335.43 27.76 39.87
2077026
334.35 27.75 39.02
2084328
333.49 27.74 38.33
2091633
333.68 27.74 39.04
2098935
332.94 27.75 39.78
2106236
333.31 27.74 40.35
2113540
333.21 27.74 39.55
2120843
331.37 27.74 40.56
2128144
330.71 27.74 40.55
2135446
329.87 27.75 38.23
2142748
329.58 27.72 38.07
2150050
329.92 27.72 36.11
2157352
331.77 27.74 35.77
2164655
331.87 27.72 36.33
2171958
331.48 27.68 36.74
2179259
330.32 27.65 35.85
2186562
330.13 27.62 36.93
2193863
328.28 27.54 38.14
2201165
327.76 27.57 36.95
2208467
329.29 27.48 38.23
2215769
328.99 27.54 37.20
2223075
328.75 27.45 40.01
2230376
329.55 27.47 40.07
2237679
328.97 27.25 39.04
2245000
303.45 27.65 36.17
2252303
319.78 27.92 36.22
2259605
326.84 28.32 33.94
2266906
332.32 28.67 34.90
2274209
332.49 29.05 34.32
2281510
328.41 29.43 31.77
2288814
332.78 29.83 31.86
2296115
336.94 30.24 31.77
2303417
341.21 30.66 31.06
2310720
338.13 31.24 31.87
2318021
341.10 31.65 32.06
2325324
341.27 32.25 28.85
2332625
339.50 32.66 31.98
2339929
339.58 33.25 32.30
2347230
338.60 33.45 30.93
2354536
340.66 33.58 31.69
2361838
342.39 33.73 29.39
2369139
340.89 33.85 27.80
2376442
342.09 33.93 27.98
2383744
341.76 33.97 26.95
2391047
343.60 33.93 27.46
2398348
345.84 33.92 27.34
2405651
346.48 33.83 27.09
2412953
347.65 33.72 27.75
2420262
347.72 33.66 27.26
2427565
347.76 33.54 27.33
2434867
348.23 33.44 27.42
2442169
348.63 33.34 28.02
2449471
348.77 33.28 27.46
2456773
347.59 33.21 28.09
2464076
347.20 33.13 28.85
2471377
346.77 33.10 29.10
2478684
345.60 32.98 29.76
2485985
345.53 32.93 29.65
2493288
344.40 32.90 29.65
2500589
343.83 32.80 28.78
2507890
343.50 32.73 29.28
2515193
342.64 32.66 29.66
2522494
342.61 32.59 30.36
2529798
342.49 32.52 31.49
2537099
342.00 32.46 31.54
2544402
340.74 32.39 31.45
2551704
340.57 32.28 31.59
2559005
339.66 32.15 29.83
2566308
339.71 32.01 27.93
2573609
339.68 31.95 30.39
2580912
339.63 31.78 29.54
2588214
339.10 31.63 30.59
2595516
337.90 31.42 31.79
2602819
335.76 31.44 32.11
2610124
331.33 31.75 32.17
2617426
330.91 32.04 30.67
2624729
332.50 32.22 28.93
2632031
332.26 32.60 31.43
2639332
334.45 32.90 31.14
2646635
332.91 33.24 30.87
2653937
330.96 33.75 31.99
2661239
329.14 34.14 30.58
2668541
327.62 34.70 29.23
2675843
326.84 35.12 29.61
2683146
325.19 35.70 28.71
2690447
325.81 36.17 29.09
2697750
326.51 36.64 29.33
2705052
326.70 37.26 26.76
2712354
330.30 37.73 25.27
2719656
3176.58 38.29 24.37
2726958
9035.06 38.79 25.24
2734261
11656.05 39.40 25.75
2741566
14806.47 39.82 24.51
2748868
19194.09 40.30 24.32
2756171
27344.14 40.90 24.24
2763472
37292.82 41.32 23.62
2770776
40000.00 41.87 24.54
2778078
40000.00 42.30 24.09
2785380
40000.00 42.85 23.23
2792682
40000.00 43.26 22.89
2799984
40000.00 43.64 22.78
2807287
40000.00 44.15 22.14
2814588
40000.00 44.52 21.57
2821892
40000.00 45.02 21.96
2829194
40000.00 45.36 16.85
2836496
40000.00 45.84 19.41
2843798
40000.00 46.17 19.40
2851100
40000.00 46.46 17.44
2858405
40000.00 46.88 16.59
2865707
40000.00 47.14 17.89
2873010
40000.00 47.37 16.53
2880311
40000.00 47.61 16.13
2887614
40000.00 47.50 15.08
2894915
40000.00 47.87 16.35
2902218
40000.00 47.92 15.06
2909519
40000.00 47.85 16.48
2916823
32775.53 48.28 17.52
2924125
10657.65 48.36 14.84
2931427
3704.30 48.58 15.01
2938730
413.61 48.58 13.98
2946031
363.37 48.79 13.70
2953333
392.85 48.58 15.19
2960635
371.93 48.49 16.03
2967938
368.63 48.36 16.54
2975241
362.21 48.14 16.62
2982545
362.91 47.87 16.55
2989848
364.79 47.55 17.19
2997149
360.62 47.32 17.36
3004451
362.43 46.99 16.77
3011753
363.63 46.76 16.81
3019056
361.77 46.46 17.25
3026358
360.56 46.25 16.93
3033660
357.26 46.04 18.44
3040963
353.77 45.76 19.26
3048264
351.83 45.49 18.88
3055566
347.78 45.14 18.91
3062867
348.23 44.85 17.27
3070171
346.55 44.44 18.90
3077491
344.65 44.18 18.45
3084794
343.87 43.86 18.40
3092096
342.04 43.60 19.24
3099398
342.36 43.37 19.27
3106701
341.55 43.09 18.73
3114005
340.46 42.88 18.81
3121308
339.60 42.62 19.09
3128609
339.12 42.41 18.45
3135911
340.01 42.12 18.42
3143213
342.07 41.87 18.59
3150516
342.42 41.60 18.56
3157818
344.25 41.28 18.29
3165120
343.97 41.04 20.51
3172422
343.82 40.73 20.97
3179724
344.16 40.50 20.34
3187026
344.31 40.20 21.18
3194328
345.24 40.01 21.12
3201631
345.07 39.78 20.25
3208932
345.94 39.52 21.07
3216233
346.86 39.33 20.88
3223536
345.79 39.07 20.95
3230837
345.85 38.90 21.79
3238144
344.11 38.66 22.41
3245445
344.26 38.51 21.87
3252748
344.08 38.31 21.72
3260049
343.50 38.14 21.84
3267351
343.46 38.00 23.93
3274654
343.22 37.81 25.07
3281955
341.91 37.67 24.75
3289259
340.18 37.52 25.30
3296560
339.97 37.34 24.95
3303862
339.36 37.03 25.89
3311171
338.01 36.98 25.43
3318473
337.46 36.82 24.90
3325776
338.38 36.64 25.00
3333078
338.89 36.49 24.75
3340381
339.62 36.34 24.08
3347682
339.62 36.21 23.24
3354985
339.40 36.06 23.75
3362286
339.55 35.90 25.13
3369592
340.07 35.76 25.45
3376894
339.96 35.59 23.71
3384196
339.89 35.48 24.51
3391499
340.72 35.22 25.88
3398800
339.63 35.08 26.51
3406103
338.32 34.90 24.91
3413404
340.33 34.57 23.92
3420707
340.56 34.68 22.93
3428009
342.56 34.70 25.13
3435311
343.92 34.81 24.23
3442614
345.68 34.85 24.29
3449915
344.74 35.15 25.82
3457218
343.74 35.60 25.53
3464519
341.59 35.90 25.87
3471822
340.37 36.23 25.76
3479131
338.25 36.67 25.42
3486432
337.90 37.03 24.16
3493735
334.76 37.50 23.10
3501039
337.46 37.66 22.86
3508341
336.32 37.88 22.75
3515643
335.42 37.95 23.09
3522946
336.75 37.97 23.66
3530248