701.07 21.92 44.46
2927
701.09 21.94 44.47
4966
701.52 21.95 44.49
6989
702.02 21.94 44.46
9013
703.29 21.95 44.42
11036
703.82 21.94 44.43
13060
704.19 21.97 44.42
15083
704.99 21.97 44.44
17107
705.64 21.95 44.42
19132
706.18 21.95 44.45
21157
706.16 21.94 44.47
23182
706.95 21.97 44.51
25206
707.57 21.95 44.51
27231
707.96 21.97 44.53
29255
708.10 21.95 44.43
33281
708.43 21.95 44.37
35304
708.65 21.97 44.32
37327
709.74 21.95 44.29
39351
710.57 21.95 44.24
41373
710.55 21.95 44.23
43397
710.83 21.97 44.24
45674
711.91 21.97 44.24
52975
713.50 21.99 44.29
60276
715.35 21.97 44.35
67579
717.56 21.95 44.40
74881
719.90 21.97 44.25
82184
721.50 21.97 44.27
89486
723.93 21.97 44.31
96787
724.93 21.97 44.35
104089
726.73 21.97 44.37
111391
730.01 21.95 44.36
118692
730.90 21.94 44.35
125995
732.60 21.94 44.31
133297
732.71 21.95 44.34
140599
732.80 21.95 44.38
147902
731.17 21.94 44.35
155203
730.98 21.95 44.36
162505
730.93 21.92 44.33
169808
731.80 21.94 44.40
177113
732.63 21.97 44.35
184416
732.57 21.95 44.42
191717
732.76 21.99 44.39
199018
732.69 21.98 44.40
206321
734.13 22.01 44.42
213622
733.66 22.01 44.39
220924
732.99 22.02 44.36
228228
732.36 22.07 44.40
235529
732.84 22.07 44.33
242831
732.71 22.07 44.29
250133
734.01 22.08 44.18
257434
733.97 22.08 44.14
264736
735.63 22.09 44.20
272037
736.05 22.08 44.21
279341
736.17 22.12 44.13
286643
735.49 22.12 44.18
293944
735.53 22.15 44.21
301247
734.62 22.16 44.24
308549
735.09 22.19 44.24
315848
735.38 22.17 44.15
323150
734.86 22.19 44.13
330452
735.37 22.22 44.09
337754
735.95 22.23 44.10
345056
736.78 22.20 44.07
352357
736.85 22.23 44.01
359660
737.01 22.23 43.94
366962
737.61 22.25 43.91
374263
737.75 22.23 43.91
381566
737.95 22.26 43.88
388868
738.50 22.23 43.83
396170
738.51 22.25 43.82
403472
739.96 22.26 43.70
410773
739.38 22.26 43.65
418076
739.12 22.26 43.78
425378
739.56 22.25 43.86
432679
739.06 22.25 43.79
439983
739.52 22.25 43.67
447288
739.50 22.26 43.75
454590
740.18 22.25 43.71
461892
740.06 22.27 43.75
469193
740.82 22.27 43.79
476494
741.06 22.26 43.84
483798
741.89 22.25 43.83
491099
741.87 22.25 43.72
498401
742.91 22.26 43.67
505704
744.08 22.27 43.68
513005
744.26 22.26 43.66
520308
744.54 22.25 43.66
527609
745.98 22.26 43.70
534910
746.03 22.25 43.79
542213
746.56 22.27 43.86
549514
746.28 22.25 43.91
556817
747.41 22.25 43.86
564119
748.56 22.25 43.69
571421
748.92 22.29 43.81
578726
749.99 22.26 43.80
586030
751.03 22.27 43.78
593331
752.07 22.27 43.71
600633
752.21 22.27 43.77
607934
752.80 22.27 43.75
615236
753.67 22.27 43.70
622538
754.03 22.26 43.65
629839
754.84 22.25 43.67
637143
754.99 22.27 43.71
644445
755.12 22.26 43.65
651746
755.73 22.27 43.70
659049
756.18 22.26 43.77
666350
758.05 22.25 43.84
673651
758.82 22.22 43.75
680954
759.75 22.23 43.79
688256
760.68 22.22 43.75
695558
760.80 22.23 43.64
702861
762.51 22.23 43.67
710190
763.07 22.23 43.66
717492
764.41 22.22 43.65
724794
765.24 22.19 43.66
732095
766.24 22.19 43.73
739397
766.80 22.20 43.73
746699
767.81 22.20 43.68
754001
767.70 22.19 43.70
761304
768.33 22.19 43.81
768606
768.53 22.19 43.78
775908
769.93 22.20 43.80
783210
770.82 22.20 43.77
790512
771.19 22.16 43.77
797814
771.90 22.17 43.74
805115
771.74 22.19 43.70
812418
773.53 22.16 43.78
819720
773.97 22.15 43.83
827021
775.06 22.17 43.87
834324
775.51 22.16 43.83
841626
775.73 22.17 43.81
848931
776.50 22.19 43.81
856233
777.24 22.22 43.77
863535
778.49 22.20 43.71
870836
779.12 22.20 43.78
878139
779.58 22.25 43.84
885440
779.77 22.25 43.84
892742
778.78 22.26 43.84
900045
779.84 22.27 43.86
907346
779.57 22.29 43.81
914650
779.93 22.26 43.77
921952
780.36 22.32 43.81
929253
781.82 22.33 43.83
936556
783.24 22.33 43.70
943857
783.93 22.34 43.67
951158
784.95 22.36 43.67
958461
785.23 22.39 43.69
965763
786.58 22.40 43.69
973065
786.94 22.42 43.66
980371
787.72 22.46 43.63
987672
788.70 22.49 43.61
994974
789.40 22.49 43.61
1002276
790.93 22.51 43.53
1009577
791.66 22.53 43.53
1016881
791.65 22.56 43.53
1024182
792.49 22.56 43.43
1031484
793.26 22.61 43.39
1038787
793.85 22.61 43.28
1046088
794.29 22.63 43.27
1053391
795.72 22.66 43.32
1060694
795.95 22.67 43.28
1067995
795.89 22.71 43.21
1075298
797.08 22.72 43.10
1082599
798.32 22.75 43.12
1089900
799.35 22.75 43.14
1097203
801.11 22.82 43.12
1104504
801.64 22.79 43.13
1111811
803.37 22.85 43.13
1119114
805.77 22.85 43.08
1126415
806.27 22.86 43.01
1133717
807.96 22.88 43.01
1141018
809.56 22.89 42.90
1148320
810.02 22.92 42.86
1155622
809.40 22.95 42.82
1162924
809.03 22.98 42.72
1170227
808.32 22.95 42.61
1177529
807.79 22.98 42.58
1184830
807.18 23.01 42.59
1192133
807.45 23.01 42.61
1199434
808.21 23.05 42.62
1206735
808.35 23.03 42.64
1214039
810.77 23.06 42.67
1221340
812.86 23.05 42.59
1228643
814.18 23.09 42.58
1235948
815.89 23.11 42.52
1243249
817.11 23.15 42.46
1250552
818.75 23.13 42.43
1257854
820.18 23.18 42.40
1265157
819.56 23.16 42.43
1272459
820.47 23.20 42.41
1279761
820.95 23.23 42.31
1287063
821.20 23.22 42.31
1294366
822.00 23.25 42.31
1301667
822.12 23.23 42.25
1308969
821.08 23.27 42.17
1316273
821.55 23.29 42.09
1323574
821.39 23.29 42.10
1330876
821.61 23.32 42.02
1338178
822.61 23.33 42.05
1345479
822.17 23.33 42.08
1352781
823.90 23.37 42.09
1360083
823.42 23.38 41.94
1367389
822.31 23.38 41.88
1374692
822.24 23.44 41.87
1381993
822.81 23.46 41.87
1389296
822.97 23.47 41.75
1396597
821.90 23.50 41.74
1403898
821.34 23.51 41.62
1411202
821.25 23.55 41.61
1418503
821.22 23.57 41.52
1425805
820.70 23.60 41.49
1433108
819.63 23.64 41.39
1440409
819.91 23.65 41.38
1447711
819.25 23.69 41.34
1455013
818.27 23.71 41.29
1462315
816.99 23.74 41.25
1469618
816.89 23.80 41.20
1476919
815.37 23.81 41.18
1484221
814.67 23.84 41.07
1491524
813.42 23.89 41.12
1498828
812.08 23.91 41.05
1506131
811.45 23.93 41.00
1513433
810.98 23.98 41.00
1520734
811.10 24.03 40.84
1528037
809.81 24.07 40.64
1535338
809.40 24.12 40.63
1542640
808.45 24.12 40.69
1549961
806.96 24.15 40.56
1557262
805.73 24.21 40.41
1564564
805.22 24.27 40.36
1571866
804.36 24.32 40.32
1579167
803.30 24.33 40.23
1586470
801.94 24.37 40.03
1593772
801.34 24.43 39.89
1601081
800.19 24.47 39.86
1608384
798.99 24.51 39.87
1615685
798.07 24.52 39.80
1622991
797.38 24.58 39.74
1630292
794.12 24.61 39.66
1637594
792.54 24.64 39.59
1644897
789.98 24.68 39.55
1652198
788.15 24.71 39.46
1659501
788.87 24.71 39.37
1666803
788.78 24.74 39.38
1674104
790.88 24.75 39.39
1681408
790.07 24.76 39.37
1688709
789.95 24.78 39.39
1696010
789.78 24.75 39.30
1703313
789.92 24.78 39.25
1710614
789.14 24.79 39.23
1717916
789.67 24.79 39.28
1725219
789.84 24.79 39.22
1732520
790.83 24.81 39.29
1739824
791.51 24.82 39.21
1747125
792.64 24.81 39.29
1754429
793.02 24.81 39.27
1761732
793.46 24.83 39.21
1769033
793.09 24.85 39.15
1776336
792.55 24.85 39.17
1783639
791.71 24.85 39.08
1790940
790.35 24.82 39.05
1798243
789.49 24.83 39.05
1805544
789.89 24.86 39.05
1812845
790.23 24.85 39.05
1820147
790.09 24.86 39.13
1827449
789.88 24.89 39.07
1834752
789.33 24.90 39.09
1842055
788.16 24.89 39.06
1849356
787.96 24.92 39.07
1856658
787.56 24.93 39.03
1863960
787.24 24.98 39.05
1871261
787.60 24.99 39.03
1878563
787.61 24.99 39.00
1885869
787.48 25.01 38.95
1893171
788.62 25.03 38.96
1900474
787.32 25.06 38.93
1907775
788.14 25.06 38.84
1915077
788.71 25.09 38.86
1922378
790.29 25.11 38.82
1929680
791.14 25.16 38.80
1936983
791.06 25.17 38.77
1944284
791.47 25.17 38.71
1951587
791.71 25.24 38.69
1958889
792.98 25.24 38.66
1966191