852.12 19.29 51.20
1126
846.08 19.29 51.18
3165
840.40 19.34 51.07
5187
839.63 19.37 51.03
7211
837.57 19.38 50.95
9233
836.47 19.40 50.89
11256
833.07 19.48 50.80
13279
832.50 19.48 50.71
15302
833.11 19.52 50.69
17327
831.89 19.52 50.61
19351
832.31 19.57 50.60
21376
830.04 19.58 50.54
23400
829.61 19.62 50.49
25424
828.05 19.65 50.43
27449
827.23 19.65 50.38
29472
825.50 19.68 50.36
31749
827.22 19.73 50.16
39051
826.05 19.85 49.99
46352
824.35 19.86 49.87
53654
824.90 19.93 49.78
60956
824.52 19.99 49.68
68260
824.30 20.05 49.53
75563
825.18 20.09 49.44
82864
824.41 20.16 49.35
90167
824.34 20.16 49.26
97469
824.67 20.20 49.14
104770
825.56 20.24 49.08
112072
826.06 20.29 48.98
119373
826.25 20.31 48.94
126675
827.59 20.33 48.95
133979
828.88 20.37 48.92
141280
829.07 20.40 48.82
148582
829.70 20.44 48.75
155883
831.09 20.44 48.71
163185
832.48 20.48 48.64
170487
832.08 20.48 48.60
177788
832.95 20.51 48.55
185092
834.63 20.52 48.48
192393
836.49 20.58 48.49
199699
838.18 20.58 48.44
207000
839.19 20.60 48.38
214301
840.99 20.62 48.32
221603
841.84 20.64 48.28
228904
844.46 20.65 48.31
236207
846.15 20.67 48.27
243508
846.80 20.67 48.22
250811
848.13 20.71 48.16
258113
849.52 20.72 48.04
265414
851.06 20.74 48.01
272716
852.27 20.77 48.01
280017
852.24 20.75 47.97
287320
853.02 20.78 47.95
294623
853.44 20.80 47.89
301924
854.76 20.82 47.85
309226
856.06 20.82 47.85
316527
856.97 20.81 47.77
323829
857.04 20.82 47.83
331136
858.13 20.87 47.79
338437
859.73 20.85 47.81
345739
860.64 20.87 47.75
353040
861.35 20.85 47.73
360342
863.03 20.85 47.66
367643
864.96 20.85 47.59
374945
865.92 20.87 47.62
382247
867.42 20.85 47.60
389549
867.45 20.88 47.58
396851
867.64 20.87 47.60
404152
865.79 20.88 47.56
411454
860.26 20.87 47.57
418757