436.32 21.09 46.67
1139
436.94 21.12 46.67
3207
436.09 21.15 46.65
5231
438.50 21.14 46.65
7256
439.43 21.12 46.62
9280
437.77 21.14 46.63
11304
437.03 21.12 46.58
13329
436.66 21.15 46.60
15354
435.53 21.15 46.64
17379
435.41 21.17 46.57
19403
434.45 21.17 46.60
21428
434.07 21.19 46.57
23452
433.99 21.21 46.57
25478
434.18 21.21 46.52
27501
435.22 21.19 46.57
29524
436.62 21.19 46.54
31548
436.95 21.19 46.51
33571
436.81 21.21 46.51
35595
436.99 21.19 46.45
37617
437.96 21.21 46.47
39641
438.26 21.22 46.47
41667
438.70 21.22 46.45
43691
438.22 21.22 46.40
45714
438.00 21.22 46.44
47736
436.67 21.26 46.43
50011
435.56 21.25 46.35
57314
438.52 21.28 46.31
64615
438.86 21.28 46.35
71916
440.11 21.31 46.31
79218
440.20 21.34 46.35
86520
438.82 21.35 46.16
93822
437.83 21.38 46.10
101124
436.94 21.36 46.13
108426
438.25 21.36 46.12
115729
438.88 21.39 46.07
123030
438.53 21.41 46.00
130331
438.62 21.44 45.98
137633
438.34 21.42 45.95
144936
437.39 21.42 45.89
152241
438.08 21.45 45.88
159542
439.30 21.48 45.91
166845
439.52 21.48 45.88
174147
440.42 21.49 45.87
181449
440.87 21.50 45.80
188750
441.12 21.52 45.77
196051
440.55 21.52 45.76
203354
440.97 21.52 45.72
210657
442.09 21.55 45.70
217958
442.47 21.55 45.70
225259
442.54 21.53 45.68
232562
444.06 21.56 45.73
239864
445.76 21.57 45.63
247165
445.83 21.60 45.59
254467
446.89 21.62 45.51
261770
447.60 21.59 45.51
269072
448.85 21.60 45.51
276373
450.32 21.65 45.47
283674
449.22 21.65 45.47
290980
449.04 21.65 45.47
298284
448.05 21.65 45.46
305585
448.35 21.65 45.43
312886
448.78 21.65 45.39
320194
450.28 21.66 45.38
327496
452.18 21.69 45.37
334798
452.92 21.69 45.35
342099
453.36 21.69 45.34
349401
453.70 21.70 45.37
356703
453.81 21.70 45.36
364006
454.41 21.70 45.30
371307
454.87 21.72 45.26
378608
454.33 21.73 45.19
385911
453.97 21.73 45.22
393213
455.08 21.73 45.18
400515
455.64 21.74 45.19
407816
457.18 21.76 45.20
415119
458.15 21.77 45.18
422424
458.98 21.77 45.15
429726
459.74 21.74 45.12
437027
459.39 21.77 45.11
444329
460.31 21.78 45.09
451633
459.74 21.78 45.08
458934
460.24 21.78 45.05
466235
461.21 21.78 45.04
473538
461.28 21.80 45.03
480840
462.54 21.81 45.04
488141
463.87 21.83 45.03
495442
462.92 21.81 45.06
502744
462.92 21.84 45.01
510047
463.90 21.84 45.01
517349
465.05 21.83 44.95
524650
465.89 21.85 44.96
531952
467.74 21.87 44.94
539254
468.36 21.84 44.89
546556
469.48 21.85 44.87
553862
470.48 21.85 44.84
561163
471.47 21.87 44.80
568465
470.94 21.89 44.81
575767
471.92 21.87 44.81
583069
471.06 21.90 44.77
590397
470.49 21.90 44.77
597700
470.01 21.89 44.79
605002
470.37 21.89 44.80
612303
470.72 21.89 44.81
619604
470.34 21.90 44.76
626908
471.15 21.92 44.76
634210
472.18 21.92 44.79
641511
473.71 21.93 44.74
648812
474.57 21.93 44.70
656114
475.48 21.93 44.67
663416
475.77 21.96 44.66
670718
476.29 21.94 44.70
678021
476.84 21.94 44.69
685329
477.67 21.93 44.70
692630
477.68 21.97 44.65
699932
477.86 21.96 44.65
707233
476.89 21.96 44.62
714534
477.17 21.96 44.61
721838
477.18 21.96 44.56
729140
476.39 21.94 44.58
736441
476.97 21.99 44.58
743742
476.97 21.99 44.61
751045
477.31 21.97 44.58
758347
477.33 21.97 44.58
765648
478.73 22.00 44.54
772950
479.74 21.99 44.52
780253
479.40 21.99 44.55
787555
480.30 22.01 44.55
794857
481.18 21.99 44.54
802158
482.22 22.01 44.57
809459
483.52 21.99 44.61
816761
484.90 22.01 44.58
824068
487.14 21.99 44.59
831369
489.16 22.01 44.58
838670
489.72 22.00 44.52
845973
491.51 22.00 44.55
853275
493.37 21.99 44.45
860576
493.45 22.01 44.45
867877
494.62 22.00 44.47
875181
494.02 22.00 44.47
882483
494.13 22.04 44.49
889784
494.85 22.04 44.47
897085
495.56 22.03 44.45
904388
496.12 22.04 44.44
911690
496.96 22.07 44.47
918991
496.83 22.04 44.40
926292
497.35 22.05 44.42
933595
497.86 22.04 44.39
940898
497.67 22.05 44.41
948199
498.64 22.05 44.38
955503
498.76 22.03 44.40
962805
499.07 22.05 44.39
970107
499.37 22.08 44.41
977411
500.20 22.07 44.36
984712
501.81 22.07 44.36
992013
501.48 22.07 44.37
999315
501.56 22.07 44.38
1006618
502.02 22.07 44.32
1013919
502.64 22.08 44.33
1021220
501.96 22.08 44.30
1028523
502.62 22.08 44.33
1035826
501.95 22.10 44.33
1043127
500.99 22.08 44.27
1050428
501.47 22.10 44.26
1057731
501.59 22.08 44.24
1065033
501.40 22.10 44.29
1072334
502.20 22.14 44.25
1079635
502.19 22.11 44.26
1086942
502.64 22.11 44.22
1094245
503.33 22.14 44.20
1101546
503.96 22.11 44.20
1108847
504.21 22.10 44.21
1116149
506.03 22.14 44.24
1123452
507.01 22.15 44.16
1130755
508.02 22.13 44.17
1138057
508.22 22.14 44.15
1145358
509.20 22.14 44.16
1152660
510.47 22.14 44.17
1159963
510.24 22.15 44.19
1167264
511.46 22.15 44.18
1174565
511.78 22.18 44.21
1181869
512.17 22.15 44.14
1189171
512.71 22.17 44.07
1196473
512.91 22.15 44.07
1203774
512.51 22.15 44.04
1211076
513.09 22.17 44.07
1218382
514.35 22.14 44.02
1225683
514.60 22.15 44.08
1232985
515.02 22.18 44.13
1240288
515.20 22.18 44.09
1247590
516.28 22.18 44.08
1254892
517.14 22.21 44.03
1262193
517.85 22.18 44.04
1269495
518.56 22.18 44.03
1276798
519.55 22.14 43.95
1284100
520.93 22.18 43.98
1291401
520.14 22.15 43.94
1298702
519.19 22.20 43.84
1306005
518.37 22.18 43.56
1313307
515.83 22.18 43.40
1320608
495.93 22.20 43.09
1327910
365.33 22.21 42.86
1335213
363.30 22.17 42.90
1342519
353.79 22.21 42.86
1349820
342.79 22.21 42.71
1357121
331.14 22.21 42.64
1364424
321.85 22.21 42.58
1371754
311.42 22.20 42.54
1379055
302.21 22.21 42.47
1386356
291.34 22.22 42.46
1393659
282.72 22.21 42.48
1400962
277.23 22.22 42.52
1408263
273.71 22.22 42.58
1415564
270.23 22.21 42.47
1422866
265.98 22.22 42.41
1430168
264.59 22.22 42.40
1437471
263.28 22.22 42.45
1444772
262.26 22.24 42.55
1452073
262.52 22.25 42.63
1459376
263.88 22.22 42.57
1466679
262.76 22.24 42.52
1473983
264.08 22.24 42.46
1481285
265.10 22.24 42.42
1488587
266.31 22.25 42.45
1495889
267.96 22.27 42.63
1503192
269.96 22.27 42.49
1510493
271.50 22.24 42.34
1517795
272.66 22.25 42.27
1525098
273.88 22.27 42.14
1532399
274.65 22.27 42.00
1539700
274.31 22.27 41.93
1547003
272.97 22.27 41.91
1554306
271.17 22.28 41.84
1561607
270.13 22.27 41.80
1568908
268.32 22.29 41.73
1576210
266.62 22.28 41.67
1583520
264.66 22.27 41.69
1590822
262.91 22.27 41.65
1598124
260.34 22.28 41.61
1605429
259.06 22.29 41.60
1612731
257.35 22.29 41.49
1620034
255.55 22.29 41.46
1627335
253.57 22.31 41.49
1634636
252.05 22.31 41.45
1641939
250.70 22.31 41.44
1649242
250.12 22.31 41.66
1656543
248.98 22.31 41.91
1663845
250.64 22.31 42.00
1671147
252.76 22.28 41.99
1678450
260.78 22.31 41.96
1685751
304.70 22.32 41.96
1693052
318.65 22.34 41.85
1700355
320.24 22.32 41.76
1707658
315.98 22.32 41.64
1714959
316.87 22.31 41.56
1722260
311.67 22.31 41.55
1729565
305.64 22.31 41.53
1736867
302.22 22.31 41.53
1744171
299.96 22.32 41.55
1751472
297.20 22.32 41.69
1758773
295.31 22.32 41.67
1766075
293.75 22.34 41.68
1773378
295.90 22.34 41.96
1780679
298.08 22.35 42.09
1787980
301.07 22.36 41.95
1795283
302.13 22.36 41.83
1802586
305.38 22.35 41.68
1809887
305.21 22.35 41.58
1817188
306.53 22.35 41.57
1824491
305.77 22.36 41.53
1831793
305.44 22.35 41.64
1839094
305.63 22.35 41.57
1846396
304.81 22.36 41.64
1853699
305.47 22.35 41.62
1861005
304.44 22.35 41.68
1868306
305.75 22.35 41.56
1875607
305.38 22.39 41.42
1882908
305.01 22.35 41.36
1890211
304.39 22.36 41.36
1897513
303.83 22.38 41.36
1904816
302.46 22.39 41.29
1912117
301.30 22.38 41.35
1919419
300.56 22.36 41.28
1926722
299.01 22.36 41.28
1934023
297.67 22.38 41.23
1941324
295.98 22.36 41.22
1948627
294.64 22.38 41.14
1955930
292.72 22.38 41.19
1963231
290.24 22.38 41.24
1970532
288.18 22.41 41.23
1977835
286.02 22.39 41.22
1985137
282.99 22.38 41.25
1992442
280.16 22.41 41.27
1999744
277.92 22.36 41.29
2007047
275.83 22.41 41.26
2014349
275.08 22.42 41.24
2021650
272.41 22.41 41.29
2028951
271.05 22.41 41.34
2036252
269.43 22.39 41.34
2043555
268.90 22.42 41.33
2050857
268.07 22.39 41.37
2058159
267.41 22.41 41.34
2065460
267.97 22.41 41.33
2072763
268.50 22.42 41.32
2080065
270.04 22.41 41.33
2087367
271.17 22.41 41.29
2094668
270.84 22.42 41.22
2101970
270.43 22.42 41.20
2109274