638.59 32.01 34.78 928	
632.57 32.04 34.82 3008	
626.44 32.04 34.93 5032	
618.53 32.07 34.77 7057	
613.29 32.07 34.81 9081	
608.86 32.08 34.75 11106	
605.17 32.08 34.74 13130	
601.51 32.10 34.87 15155	
601.09 32.11 34.94 17180	
601.20 32.10 34.91 19205	
599.63 32.12 35.15 21229	
598.52 32.11 35.44 23254	
599.19 32.12 35.51 25278	
594.84 32.14 35.08 27301	
602.04 32.15 35.63 32089	
606.54 32.19 34.80 38637	
610.29 32.19 34.27 45186	
607.97 32.21 34.16 51733	
607.19 32.24 34.04 58281	
608.68 32.25 33.88 64829	
606.56 32.26 33.78 71379	
604.57 32.28 33.70 77928	
603.13 32.29 33.72 84474	
600.89 32.28 33.87 91023	
600.45 32.31 33.86 97571	
599.00 32.32 33.75 104119	
598.91 32.31 33.65 110667	
598.01 32.31 33.33 117215	
597.83 32.35 33.45 123762	
598.79 32.34 33.46 130311	
599.06 32.35 33.36 136858	
597.92 32.34 33.18 143407	
597.14 32.35 33.14 149955	
595.61 32.36 33.20 156503	
593.39 32.34 33.31 163051	
592.62 32.36 33.18 169598	
590.32 32.36 33.40 176146	
588.48 32.35 33.50 182694	
589.03 32.35 33.86 189245	
590.34 32.35 33.71 195793	
591.90 32.36 33.60 202342	
593.02 32.36 33.70 208889	
594.25 32.38 33.65 215438	
595.23 32.36 33.70 221985	
594.74 32.36 33.70 228532	
595.08 32.36 33.74 235080	
595.76 32.36 33.71 241628	
595.44 32.36 33.65 248176	
595.56 32.36 33.70 254725	
595.71 32.39 33.77 261272	
595.98 32.39 33.77 267821	
595.76 32.38 33.72 274368	
595.27 32.40 33.78 280915	
594.59 32.38 33.78 287464	
594.19 32.38 33.78 294011	
594.72 32.39 33.77 300560	
596.20 32.40 33.78 307111	
597.18 32.42 33.81 313659	
598.27 32.42 33.84 320207	
598.69 32.40 33.84 326755	
601.95 32.45 33.78 333302	
601.41 32.42 33.77 339851	
602.42 32.42 33.83 346398	
604.60 32.43 33.84 352947	
604.58 32.46 33.86 359495	
605.38 32.45 33.82 366043	
607.17 32.45 33.78 372591	
608.17 32.45 33.74 379139	
607.80 32.46 33.69 385686	
608.56 32.46 33.71 392235	
606.87 32.46 33.65 398782	
606.90 32.49 33.64 405330	
606.71 32.45 33.61 411879	
606.71 32.48 33.71 418426	
606.88 32.49 33.75 424975	
607.42 32.48 33.83 431525	
607.38 32.49 33.94 438072	
607.15 32.49 33.89 444621	
606.95 32.52 33.78 451190	
607.02 32.51 33.69 457739	
607.00 32.49 33.65 464286	
608.19 32.51 33.68 470834	
608.78 32.52 33.63 477382	
607.93 32.51 33.59 483930	
607.64 32.53 33.53 490478	
607.67 32.53 33.53 497027	
608.46 32.53 33.59 503581	
608.26 32.53 33.60 510130	
608.39 32.53 33.59 516677	
607.89 32.56 33.56 523225	
608.17 32.55 33.52 529773	
609.65 32.56 33.55 536321	
610.34 32.58 33.55 542869	
611.79 32.59 33.52 549421	
611.69 32.59 33.58 555968	
611.87 32.59 33.59 562516	
611.32 32.58 33.55 569064	
612.57 32.62 33.56 575610	
613.07 32.59 33.59 582160	
613.76 32.62 33.60 588706	
614.66 32.59 33.63 595256	
615.21 32.62 33.64 601804	
616.39 32.62 33.60 608352	
617.33 32.63 33.61 614900	
617.94 32.61 33.62 621447	
619.31 32.62 33.61 627994	
620.98 32.63 33.64 634543	
622.22 32.63 33.69 641090	
622.21 32.63 33.68 647639	
623.45 32.63 33.65 654188	
625.31 32.63 33.66 660736	
626.57 32.63 33.68 667287	
627.96 32.65 33.69 673835	
631.21 32.65 33.74 680382	
632.63 32.69 33.77 686930	
634.11 32.66 33.79 693478	
637.66 32.66 33.78 700026	
641.20 32.67 33.85 706574	
651.03 32.67 33.97 713121	
654.52 32.66 34.14 719670	
666.57 32.67 34.15 726216	
672.67 32.69 34.18 732765	
678.24 32.69 34.27 739313	
685.17 32.67 34.39 745861	
691.71 32.69 34.36 752409	
694.01 32.69 34.37 758957	
695.25 32.67 34.29 765504	
697.56 32.70 34.36 772052	
699.75 32.72 34.31 778600	
699.40 32.72 34.32 785148	
700.72 32.72 34.38 791700	
703.70 32.72 34.45 798247	
705.03 32.73 34.43 804796	
707.03 32.72 34.45 811343	
708.66 32.72 34.39 817891	
710.79 32.72 34.27 824439	
709.87 32.73 34.30 830987	
711.37 32.73 34.47 837535	
712.18 32.74 34.42 844084	
714.09 32.74 34.52 850631	
715.90 32.74 34.45 857180	
715.58 32.73 34.39 863726	
715.45 32.74 34.41 870274	
716.97 32.74 34.39 876822	
719.72 32.77 34.52 883369	
721.33 32.77 34.71 889918	
721.89 32.76 34.80 896466	
724.55 32.73 34.67 903014	
727.83 32.77 34.62 909566	
730.98 32.79 35.04 916113	
738.43 32.77 35.22 922660	
741.19 32.79 35.33 929209	
744.49 32.79 35.24 935756	
745.78 32.79 35.08 942305	
746.15 32.79 34.98 948852	
748.69 32.77 34.97 955400	
750.62 32.79 35.19 961948	
749.34 32.82 35.12 968495	
749.57 32.79 35.09 975043	
750.98 32.80 35.03 981593	
750.26 32.77 34.94 988139	
750.33 32.80 34.88 994688	
750.53 32.82 34.93 1001235	
752.72 32.80 34.90 1007782	
753.33 32.82 34.95 1014331	
754.18 32.82 35.26 1020878	
758.21 32.83 35.35 1027430	
801.35 32.82 35.43 1033978	
799.54 32.82 35.38 1040526	
796.29 32.82 35.26 1047074	
804.95 32.83 35.21 1053622	
812.08 32.82 35.09 1060169	
812.33 32.82 35.09 1066718	
813.57 32.82 35.02 1073265	
814.19 32.84 35.10 1079815	
816.19 32.84 35.18 1086363	
818.24 32.83 35.11 1092910	
819.25 32.86 35.07 1099459	
818.99 32.86 35.07 1106006	
820.90 32.86 35.13 1112553	
820.90 32.84 35.14 1119101	
821.47 32.84 35.35 1125649	
820.64 32.87 35.40 1132198	
819.43 32.86 35.41 1138747	
819.87 32.89 35.41 1145297	
819.69 32.86 35.49 1151846	
818.70 32.86 35.50 1158393	
819.93 32.86 35.35 1164941	
820.54 32.89 35.34 1171489	
821.50 32.87 35.34 1178037	
822.54 32.87 35.34 1184607	
823.23 32.90 35.34 1191155	
824.12 32.90 35.38 1197704	
825.80 32.89 35.35 1204252	
827.11 32.87 35.39 1210799	
828.29 32.89 35.36 1217346	
830.17 32.91 35.34 1223895	
832.61 32.91 35.39 1230442	
834.25 32.90 35.32 1236990	
835.70 32.93 35.38 1243539	
835.94 32.94 35.43 1250086	
836.92 32.93 35.42 1256639	
838.18 32.94 35.48 1263186	
840.23 32.93 35.52 1269733	
842.67 32.91 35.54 1276282	
845.61 32.91 35.53 1282829	
847.55 32.96 35.58 1289378	
849.98 32.93 35.62 1295925	
851.88 32.94 35.65 1302480	
854.99 32.96 35.65 1309029	
864.84 32.94 35.65 1315576	
871.32 32.96 35.67 1322126	
877.13 32.96 35.57 1328674	
879.46 32.94 35.58 1335222	
881.00 32.96 35.61 1341770	
881.12 32.99 35.61 1348318	
882.08 32.97 35.64 1354865	
881.34 32.94 35.62 1361414	
885.14 32.99 35.66 1367961	
886.47 33.00 35.70 1374513	
888.98 32.97 35.61 1381061	
889.00 33.01 35.56 1387609	
890.91 33.00 35.55 1394157	
891.67 32.99 35.51 1400705	
892.02 33.00 35.54 1407252	
892.17 33.01 35.59 1413800	
892.12 33.01 35.61 1420348	
892.32 33.00 35.69 1426896	
893.38 33.00 35.70 1433445	
894.86 33.00 35.77 1439992	
893.90 33.01 35.70 1446541	
894.56 33.01 35.77 1453087	
898.24 33.01 35.83 1459635	
900.06 33.01 35.84 1466183	
904.35 33.01 35.81 1472731	
907.81 33.03 35.67 1479279	
911.12 33.03 35.67 1485828	
910.98 33.04 35.64 1492379	
910.86 33.03 35.57 1498928	
911.43 33.03 35.53 1505475	
910.45 33.03 35.58 1512023	
911.74 33.04 35.59 1518571	
911.11 33.04 35.72 1525117	
910.53 33.04 35.73 1531667	
910.58 33.03 35.73 1538215	
911.18 33.06 35.83 1544763	
912.11 33.04 35.83 1551311	
913.04 33.04 35.81 1557859	
915.10 33.01 35.83 1564405	
918.45 33.04 35.86 1570955	
922.98 33.09 35.85 1577501	
924.14 33.07 35.85 1584050	
924.92 33.07 35.81 1590597	
929.82 33.09 35.78 1597145	
928.51 33.06 35.79 1603697	
929.59 33.09 35.78 1610244	
929.94 33.07 35.87 1616791	
933.44 33.07 35.95 1623341	
935.51 33.07 35.83 1629887	
938.21 33.09 35.82 1636436	
939.59 33.09 35.86 1642983	
941.62 33.10 35.93 1649530	
942.54 33.09 35.93 1656079	
946.26 33.10 35.99 1662626	
949.54 33.07 35.99 1669175	
952.49 33.09 36.01 1675723	
954.48 33.11 35.96 1682271	
957.70 33.11 35.95 1688819	
960.42 33.10 35.87 1695367	
961.74 33.10 35.95 1701914	
966.49 33.13 35.99 1708463	
979.29 33.11 36.00 1715010	
982.06 33.13 36.02 1721562	
987.17 33.13 36.08 1728110	
991.43 33.14 36.13 1734658	
991.91 33.11 36.14 1741206	
992.89 33.14 36.17 1747753	
995.44 33.16 36.15 1754301	
997.95 33.13 36.18 1760849	
1000.83 33.14 36.17 1767397	
1001.08 33.16 36.17 1773945	
1005.38 33.16 36.20 1780495	
1007.06 33.11 36.16 1787041	
1007.79 33.11 36.15 1793591	
1009.96 33.14 36.22 1800138	
1011.72 33.14 36.24 1806686	
1012.03 33.14 36.26 1813234	
1011.30 33.14 36.28 1819782	
1013.44 33.16 36.32 1826330	
1015.40 33.16 36.26 1832882	
1017.41 33.14 36.31 1839429	
1017.34 33.17 36.31 1845978	
1018.32 33.17 36.38 1852525	
1020.10 33.17 36.40 1859073	
1021.20 33.14 36.39 1865621	
1022.74 33.16 36.41 1872168	
1024.72 33.18 36.41 1878718	
1026.46 33.17 36.40 1885264	
1029.04 33.20 36.47 1891812	
1030.63 33.18 36.45 1898361	
1032.58 33.20 36.45 1904909	
1034.02 33.17 36.33 1911455	
1036.28 33.18 36.40 1918026	
1037.86 33.20 36.42 1924574	
1039.53 33.18 36.42 1931122	
1039.69 33.21 36.34 1937670	
1039.12 33.17 36.41 1944220	
1041.19 33.20 36.47 1950769	
1042.85 33.20 36.45 1957316	
1042.63 33.20 36.51 1963865	
1047.19 33.22 36.52 1970414	
1048.77 33.21 36.53 1976962	
1048.89 33.22 36.55 1983510	
1049.30 33.21 36.52 1990057	
1049.37 33.21 36.47 1996605	
1049.53 33.21 36.44 2003153	
1051.68 33.24 36.47 2009701	
1052.42 33.20 36.49 2016249	
1053.03 33.22 36.57 2022798	
1054.97 33.24 36.57 2029345	
1055.44 33.24 36.60 2035894	
1055.64 33.22 36.54 2042441	
1056.17 33.24 36.49 2048989	
1056.59 33.22 36.58 2055540	
1056.53 33.25 36.60 2062088	
1056.44 33.25 36.60 2068636	
1057.33 33.24 36.56 2075186	
1057.58 33.24 36.56 2081732	
1059.05 33.27 36.58 2088282	
1059.50 33.24 36.58 2094829	
1060.52 33.24 36.63 2101384	
1060.01 33.27 36.65 2107932	
1060.02 33.24 36.61 2114480	
1060.29 33.28 36.60 2121028	
1060.99 33.25 36.53 2127577	
1060.78 33.27 36.51 2134124	
1060.70 33.25 36.54 2140673	
1059.71 33.27 36.56 2147220	
1059.48 33.27 36.49 2153767	
1059.18 33.28 36.51 2160317	
1059.76 33.28 36.54 2166864	
1061.28 33.28 36.62 2173410	
1061.11 33.28 36.57 2179959	
1061.39 33.25 36.63 2186507	
1062.23 33.30 36.65 2193055	
1062.49 33.30 36.72 2199603	
1064.04 33.28 36.81 2206150	
1069.37 33.28 36.80 2212699	
1085.50 33.27 36.71 2219246	
1087.31 33.28 36.74 2225795	
1089.68 33.31 36.73 2232343	
1090.32 33.28 36.65 2238891	
1091.87 33.30 36.59 2245439	
1090.91 33.28 36.56 2251986	
1090.73 33.30 36.61 2258534	
1088.17 33.30 36.64 2265082	
1085.42 33.30 36.62 2271630	
1081.51 33.31 36.64 2278179	
1079.78 33.28 36.66 2284730	
1077.14 33.32 36.65 2291277	
1076.09 33.32 36.60 2297826	
1075.78 33.32 36.52 2304373	
1073.70 33.32 36.47 2310922	
1072.54 33.31 36.45 2317470	
1072.97 33.31 36.49 2324018	
1073.27 33.31 36.58 2330566	
1073.48 33.31 36.61 2337114	
1073.43 33.31 36.69 2343661	
1074.05 33.32 36.66 2350210	
1075.18 33.34 36.74 2356757	
1075.65 33.31 36.78 2363305	
1076.67 33.32 36.80 2369854	
1078.92 33.34 36.87 2376401	
1081.11 33.32 36.92 2382950	
1083.87 33.32 36.93 2389497	
1089.30 33.37 36.98 2396048	
1092.78 33.35 36.97 2402596	
1097.31 33.35 37.04 2409144	
1099.66 33.32 37.04 2415693	
1101.77 33.35 37.04 2422241	
1107.84 33.35 37.08 2428788	
1111.94 33.35 37.07 2435337	
1115.37 33.35 37.04 2441884	
1117.41 33.37 37.08 2448432	
1120.48 33.35 37.07 2454980	
1121.99 33.35 37.16 2461528	
1123.85 33.40 37.14 2468076	
1125.42 33.37 37.12 2474622	
1127.84 33.35 37.06 2481170	
1128.66 33.37 36.97 2487719	
1129.70 33.38 36.98 2494267	
1130.29 33.38 37.03 2500815	
1131.99 33.40 37.09 2507367	
1133.08 33.40 37.09 2513914	
1133.89 33.38 37.03 2520463	
1133.40 33.40 37.06 2527010	
1134.13 33.40 37.12 2533558	
1135.19 33.41 37.18 2540106	
1137.55 33.40 37.17 2546654	
1138.56 33.38 37.20 2553203	
1140.35 33.42 37.22 2559752	
1142.66 33.41 37.17 2566299	
1143.70 33.42 37.20 2572848	
1145.15 33.41 37.19 2579395	
1146.36 33.40 37.16 2585943	
1147.72 33.41 37.13 2592491	
1148.79 33.41 37.17 2599038	
1148.57 33.41 37.22 2605587	
1150.86 33.42 37.27 2612135	
1153.10 33.42 37.27 2618686	
1152.85 33.41 37.27 2625234	
1154.38 33.42 37.32 2631782	
1156.95 33.42 37.33 2638329	
1158.51 33.44 37.27 2644878	
1157.52 33.44 37.27 2651448	
1157.47 33.42 37.33 2657996	
1158.91 33.45 37.31 2664544	
1160.47 33.47 37.30 2671090	
1161.33 33.45 37.30 2677639	
1162.30 33.45 37.36 2684186	
1163.19 33.47 37.45 2690734	
1165.60 33.45 37.43 2697282	
1167.67 33.47 37.44 2703831	
1170.32 33.44 37.43 2710379	
1173.59 33.47 37.49 2716926	
1176.48 33.47 37.50 2723473	
1177.23 33.47 37.51 2730025	
1177.28 33.45 37.61 2736573	
1178.28 33.49 37.65 2743121	
1178.61 33.49 37.54 2749670	
1178.50 33.48 37.52 2756217	
1179.00 33.48 37.54 2762766	
1178.88 33.47 37.50 2769313	
1177.82 33.49 37.49 2775861	
1176.78 33.48 37.49 2782409	
1176.43 33.48 37.30 2788957	
1175.28 33.51 37.30 2795505	
1173.75 33.49 37.40 2802054	
1172.16 33.48 37.37 2808601	
1172.59 33.49 37.35 2815151	
1173.49 33.48 37.42 2821697	
1173.70 33.48 37.51 2828244	
1172.94 33.51 37.53 2834794	
1175.32 33.51 37.58 2841345	
1175.49 33.52 37.64 2847893	
1176.83 33.51 37.73 2854441	
1179.81 33.51 37.72 2860989	
1181.17 33.51 37.69 2867537	
1181.40 33.51 37.68 2874085	
1184.38 33.49 37.66 2880632	
1186.33 33.54 37.79 2887181	
1189.01 33.51 37.82 2893728	
