464.85 27.21 39.52
18573
467.04 27.24 39.51
20653
468.09 27.25 39.47
22676
468.32 27.24 39.49
24700
470.67 27.27 39.50
26725
471.65 27.27 39.46
28749
470.85 27.29 39.46
30774
472.09 27.29 39.44
32798
472.51 27.31 39.40
34823
472.21 27.29 39.40
36847
472.57 27.31 39.39
38872
475.08 27.31 39.40
42897
476.25 27.31 39.50
44920
477.60 27.32 39.52
47195
482.60 27.37 39.35
54496
487.23 27.35 39.32
61798
490.50 27.37 39.32
69099
493.65 27.38 39.28
76401
496.28 27.40 39.30
83704
497.60 27.38 39.28
91009
498.73 27.41 39.22
98311
500.37 27.42 39.18
105614
502.13 27.45 39.19
112915
503.79 27.48 39.14
120217
505.41 27.45 39.14
127519
505.75 27.48 39.14
134821
507.72 27.49 39.15
142125
507.76 27.49 39.16
149426
509.00 27.52 39.11
156728
509.23 27.51 39.08
164031
509.80 27.52 39.11
171332
510.98 27.52 39.09
178635
512.31 27.55 39.04
185936
513.31 27.55 39.14
193239
513.35 27.55 39.09
200542
515.47 27.56 39.08
207843
515.09 27.56 39.05
215146
515.76 27.53 39.05
222448
517.23 27.55 39.01
229753
517.73 27.56 38.98
237056
518.72 27.61 39.00
244357
519.86 27.59 38.95
251660
520.24 27.61 38.93
258962
520.85 27.58 38.92
266264
521.18 27.61 38.90
273566
519.56 27.61 38.87
280867
519.77 27.62 38.83
288169
518.62 27.62 38.78
295472
518.31 27.62 38.83
302773
517.68 27.62 38.80
310076
517.49 27.63 38.77
317378
517.09 27.65 38.77
324680
515.45 27.62 38.81
331982
515.50 27.63 38.73
339283
514.27 27.65 38.76
346586
514.62 27.66 38.74
353888
514.85 27.65 38.77
361192
515.33 27.68 38.76
368495
516.26 27.66 38.73
375797
516.99 27.68 38.71
383099
517.38 27.68 38.67
390402
516.99 27.69 38.69
397703
518.98 27.69 38.67
405004
519.31 27.68 38.66
412307
519.13 27.68 38.67
419608
518.77 27.66 38.63
426911
518.94 27.66 38.67
434213
519.59 27.68 38.66
441515
519.33 27.66 38.63
448818
518.82 27.69 38.64
456119
519.53 27.68 38.63
463420
518.94 27.68 38.61
470722
518.18 27.69 38.62
478023
517.47 27.68 38.63
485326
517.69 27.70 38.63
492633
517.94 27.69 38.62
499934
517.32 27.72 38.58
507237
516.79 27.70 38.59
514538
516.77 27.70 38.57
521840
516.59 27.75 38.58
529143
516.10 27.72 38.59
536444
515.63 27.73 38.53
543747
515.28 27.73 38.52
551049
515.59 27.72 38.58
558350
515.40 27.75 38.53
565652
515.86 27.75 38.56
572953
515.94 27.75 38.58
580256
516.18 27.75 38.58
587558
516.49 27.75 38.59
594860
516.79 27.76 38.56
602163
516.97 27.75 38.55
609464
517.83 27.79 38.52
616765
517.30 27.76 38.51
624068
518.18 27.77 38.54
631372
517.67 27.76 38.52
638674
517.96 27.77 38.52
645978
517.65 27.79 38.48
653279
518.27 27.79 38.50
660582
518.22 27.76 38.46
667883
518.53 27.77 38.49
675184
518.58 27.77 38.45
682487
519.03 27.83 38.47
689788
518.51 27.81 38.43
697091
518.52 27.81 38.44
704394
518.31 27.80 38.43
711695
518.55 27.81 38.43
718998
518.52 27.81 38.43
726323
517.14 27.81 38.38
733624
516.54 27.84 38.40
740926
516.27 27.84 38.41
748228
516.67 27.84 38.40
755530
516.21 27.83 38.37
762836
517.02 27.84 38.34
770138
516.32 27.84 38.34
777440
516.63 27.87 38.30
784742
516.12 27.87 38.33
792050
515.77 27.86 38.30
799352
515.96 27.87 38.24
806654
515.52 27.87 38.27
813957
514.67 27.87 38.26
821260
513.50 27.93 38.26
828561
512.40 27.90 38.24
835863
513.10 27.93 38.21
843164
512.58 27.90 38.28
850466
512.29 27.91 38.24
857768
512.39 27.97 38.15
865070
513.06 27.96 38.16
872373
513.25 27.96 38.15
879675
512.63 27.96 38.19
886977
512.19 27.99 38.11
894282
511.48 27.96 38.18
901584
512.13 28.00 38.14
908886
511.76 28.00 38.13
916188
511.14 28.01 38.04
923489
510.57 28.01 38.02
930792
511.11 28.01 38.02
938094
510.81 28.00 38.07
945396
511.23 28.03 38.04
952698
511.53 28.03 38.03
960000
511.28 28.03 37.97
967301
511.71 28.03 37.97
974604
511.96 28.03 37.97
981905
512.43 28.06 38.01
989208
512.49 28.07 38.05
996510
512.12 28.04 37.97
1003811
511.46 28.06 37.93
1011115
512.17 28.08 37.95
1018416
511.51 28.08 37.96
1025722
511.12 28.08 37.97
1033024
510.82 28.08 37.96
1040325
510.85 28.11 37.96
1047628
510.63 28.10 37.90
1054931
511.21 28.11 37.86
1062233
511.39 28.10 37.86
1069535
510.69 28.13 37.89
1076836
510.51 28.14 37.88
1084139
510.71 28.14 37.86
1091442
510.32 28.17 37.84
1098743
510.03 28.14 37.86
1106045
509.03 28.17 37.85
1113349
507.46 28.15 37.82
1120650
507.26 28.15 37.85
1127952
507.09 28.18 37.82
1135254
507.62 28.17 37.81
1142556
507.79 28.18 37.82
1149859
507.11 28.18 37.80
1157164
506.44 28.18 37.77
1164467
506.52 28.20 37.81
1171768
505.94 28.18 37.74
1179069
505.79 28.18 37.74
1186372
505.41 28.21 37.73
1193673
505.64 28.21 37.74
1200976
505.75 28.21 37.75
1208279
505.92 28.18 37.75
1215581
505.45 28.18 37.71
1222883
504.51 28.22 37.75
1230184
504.98 28.20 37.69
1237486
505.47 28.21 37.73
1244788
505.99 28.22 37.71
1252090
506.16 28.21 37.70
1259393
505.40 28.22 37.73
1266696
504.88 28.20 37.64
1273997
504.66 28.18 37.66
1281300
503.82 28.22 37.68
1288604
504.99 28.21 37.67
1295906
504.80 28.20 37.65
1303208
505.12 28.22 37.67
1310510
505.59 28.21 37.62
1317813
505.51 28.18 37.62
1325115
505.86 28.20 37.67
1332417
505.15 28.20 37.65
1339719
504.09 28.20 37.65
1347021
504.23 28.17 37.65
1354322
504.42 28.21 37.59
1361625
504.45 28.17 37.65
1368927
504.63 28.20 37.62
1376229
504.13 28.15 37.66
1383532
504.05 28.17 37.66
1390833
504.24 28.17 37.72
1398135
503.89 28.17 37.65
1405437
503.29 28.18 37.66
1412742
503.18 28.17 37.68
1420045
504.06 28.17 37.63
1427346
504.21 28.18 37.66
1434649
504.91 28.18 37.66
1441951
504.79 28.18 37.66
1449252
504.85 28.17 37.68
1456556
504.68 28.17 37.66
1463857
504.95 28.17 37.65
1471160
504.56 28.18 37.64
1478462
505.18 28.14 37.62
1485763
504.77 28.14 37.64
1493066
504.62 28.15 37.68
1500368
504.25 28.14 37.70
1507671
504.76 28.14 37.69
1514973
504.77 28.15 37.68
1522274
504.69 28.14 37.69
1529601
505.41 28.14 37.68
1536903
505.46 28.14 37.70
1544208
506.35 28.15 37.65
1551510
506.07 28.13 37.69
1558813
506.09 28.14 37.72
1566114
506.98 28.14 37.73
1573417
507.65 28.13 37.72
1580719
507.81 28.14 37.75
1588021
508.15 28.11 37.74
1595324
508.60 28.11 37.77
1602625
508.49 28.13 37.77
1609928
508.64 28.11 37.82
1617230
509.10 28.13 37.81
1624532
509.72 28.11 37.76
1631835
510.38 28.10 37.80
1639136
511.75 28.08 37.80
1646439
511.70 28.10 37.81
1653741
513.53 28.10 37.77
1661043
513.39 28.10 37.77
1668345
514.09 28.10 37.79
1675650
514.12 28.10 37.74
1682959
515.54 28.10 37.74
1690261
515.97 28.11 37.76
1697563
516.94 28.10 37.81
1704865
516.65 28.11 37.79
1712168
516.81 28.11 37.74
1719470
517.11 28.11 37.74
1726773
516.13 28.13 37.76
1734074
515.73 28.11 37.77
1741376
515.85 28.11 37.76
1748679
515.18 28.08 37.77
1755980
514.90 28.10 37.77
1763282
514.85 28.14 37.81
1770586
513.76 28.14 37.78
1777887
514.31 28.10 37.79
1785190
515.19 28.11 37.77
1792491
514.99 28.14 37.81
1799797
515.09 28.13 37.76
1807100
515.40 28.11 37.76
1814402
515.96 28.13 37.77
1821704
516.34 28.15 37.78
1829006
516.56 28.15 37.72
1836307
517.27 28.13 37.75
1843609
518.07 28.14 37.75
1850911
517.49 28.15 37.76
1858213
517.27 28.13 37.75
1865517
517.61 28.15 37.81
1872818
517.30 28.14 37.79
1880120
517.77 28.15 37.79
1887421
518.23 28.15 37.76
1894723
519.09 28.15 37.78
1902025
519.74 28.15 37.76
1909327
519.51 28.17 37.76
1916630
519.06 28.17 37.75
1923933
519.94 28.20 37.74
1931237
520.54 28.17 37.72
1938540
520.89 28.20 37.75
1945841
520.84 28.18 37.74
1953144
521.40 28.20 37.78
1960446
521.79 28.20 37.69
1967749
522.47 28.17 37.68
1975051
522.94 28.20 37.68
1982354
523.65 28.18 37.75
1989655
523.96 28.18 37.72
1996957
523.53 28.21 37.73
2004258
523.45 28.20 37.67
2011561
523.22 28.21 37.67
2018865
523.18 28.18 37.71
2026166
522.39 28.22 37.70
2033468
522.38 28.21 37.70
2040770
523.17 28.18 37.68
2048071
523.25 28.21 37.61
2055373
523.24 28.21 37.64
2062679
523.04 28.18 37.66
2069982
522.91 28.20 37.68
2077284
521.60 28.18 37.65
2084585
521.23 28.21 37.65
2091888
520.31 28.18 37.68
2099189
520.16 28.21 37.68
2106492
519.65 28.20 37.73
2113795
520.01 28.18 37.64
2121097
520.08 28.20 37.67
2128399
520.75 28.21 37.70
2135701
520.86 28.21 37.68
2143003
520.81 28.21 37.64
2150305
521.77 28.20 37.68
2157607
522.38 28.20 37.65
2164910
522.65 28.20 37.69
2172212
522.99 28.21 37.64
2179514
523.30 28.20 37.71
2186820
523.22 28.20 37.68
2194121
522.67 28.18 37.68
2201422
522.70 28.20 37.69
2208726
522.47 28.17 37.68
2216027
522.64 28.18 37.65
2223329
521.78 28.17 37.68
2230631
521.14 28.15 37.63
2237933
521.03 28.17 37.63
2245235
521.03 28.15 37.66
2252536
520.63 28.15 37.69
2259837
520.55 28.15 37.71
2267141
520.61 28.14 37.69
2274443
520.86 28.15 37.69
2281745
520.70 28.15 37.71
2289048
520.35 28.15 37.69
2296349
519.09 28.17 37.71
2303651
519.61 28.15 37.73
2310953
519.80 28.17 37.69
2318258
519.15 28.15 37.68
2325561
518.36 28.14 37.68
2332886
518.26 28.17 37.68
2340188
517.79 28.15 37.69
2347491
517.45 28.17 37.66
2354792
516.57 28.15 37.71
2362094
515.64 28.17 37.68
2369396
515.13 28.15 37.68
2376698
515.37 28.17 37.73
2384002
514.87 28.15 37.68
2391303
514.69 28.15 37.68
2398606
515.35 28.18 37.66
2405908
514.91 28.17 37.71
2413209
515.18 28.15 37.68
2420512
515.07 28.17 37.69
2427813
515.23 28.14 37.68
2435116
515.33 28.14 37.70
2442419
515.79 28.15 37.72
2449723
516.13 28.17 37.69
2457026
516.29 28.14 37.72
2464327
515.37 28.13 37.67
2471628
515.43 28.11 37.73
2478930
516.52 28.14 37.70
2486233
517.15 28.13 37.72
2493536
517.69 28.11 37.74
2500838
517.68 28.13 37.75
2508139
518.30 28.14 37.73
2515442
518.49 28.11 37.79
2522743
517.91 28.11 37.79
2530044
517.52 28.10 37.79
2537348
517.21 28.11 37.77
2544649
516.77 28.13 37.79
2551951
516.16 28.11 37.80
2559254
515.85 28.08 37.80
2566555
515.83 28.08 37.77
2573869
516.27 28.08 37.74
2581170
515.81 28.10 37.79
2588471
516.75 28.11 37.83
2595774
517.15 28.13 37.82
2603075
517.49 28.10 37.80
2610378
517.60 28.11 37.80
2617680
517.62 28.10 37.80
2624982
517.45 28.07 37.83
2632285
517.95 28.10 37.84
2639586
518.31 28.10 37.84
2646887
518.76 28.10 37.84
2654190
519.13 28.11 37.86
2661491
519.88 28.13 37.83
2668794
519.90 28.13 37.86
2676097
520.82 28.08 37.84
2683398
521.44 28.11 37.86
2690701
520.93 28.11 37.83
2698002
521.82 28.10 37.86
2705308
522.04 28.11 37.89
2712610
522.53 28.10 37.81
2719912
522.66 28.07 37.86
2727215
522.88 28.10 37.80
2734518
522.55 28.10 37.84
2741819
522.25 28.10 37.84
2749121
522.81 28.10 37.83
2756422
522.22 28.11 37.82
2763725
522.44 28.08 37.84
2771027
522.70 28.10 37.81
2778330
522.33 28.10 37.81
2785632
523.45 28.10 37.83
2792933
523.25 28.11 37.77
2800235
524.06 28.08 37.81
2807537
524.29 28.10 37.80
2814839
524.05 28.11 37.84
2822141
523.99 28.10 37.83
2829445
523.62 28.10 37.84
2836749
524.15 28.10 37.77
2844051
524.15 28.10 37.79
2851353
524.67 28.10 37.81
2858654
524.32 28.10 37.84
2865957
523.62 28.10 37.77
2873259
523.72 28.11 37.76
2880561
524.27 28.13 37.85
2887864
523.99 28.11 37.79
2895165
523.08 28.11 37.82
2902467
523.05 28.10 37.80
2909769
522.79 28.11 37.83
2917070
522.11 28.13 37.77
2924372
521.70 28.14 37.83
2931674
520.56 28.11 37.79
2938977
519.85 28.13 37.76
2946279
519.44 28.11 37.79
2953581
518.81 28.11 37.77
2960886
518.09 28.11 37.77
2968188
517.67 28.10 37.79
2975490
517.60 28.11 37.76
2982792
517.35 28.10 37.80
2990093
516.81 28.10 37.77
2997396
517.04 28.11 37.80
3004698
515.65 28.11 37.84
3012000
515.34 28.11 37.80
3019302
514.25 28.14 37.79
3026604
513.01 28.13 37.79
3033905
512.68 28.11 37.77
3041208
512.22 28.14 37.76
3048509
511.70 28.14 37.81
3055812
511.66 28.13 37.79
3063114
512.13 28.14 37.76
3070415
511.41 28.13 37.77
3077719
511.68 28.14 37.76
3085020
511.92 28.14 37.72
3092325
511.41 28.17 37.78
3099627
511.68 28.14 37.75
3106928
511.45 28.17 37.76
3114231
511.34 28.15 37.79
3121533
512.01 28.15 37.76
3128836
511.66 28.15 37.78
3136161
512.29 28.15 37.72
3143462
512.51 28.15 37.73
3150766
512.13 28.15 37.73
3158068
513.41 28.17 37.78
3165369
513.69 28.15 37.79
3172672
514.59 28.14 37.78
3179973
514.74 28.14 37.76
3187274
515.27 28.15 37.76
3194577
515.27 28.17 37.76
3201879
514.94 28.17 37.76
3209181
515.32 28.15 37.76
3216484
515.58 28.15 37.79
3223789
515.96 28.14 37.73
3231091
516.43 28.15 37.76
3238392
517.17 28.14 37.76
3245694
517.31 28.15 37.76
3252997
517.75 28.15 37.76
3260298
518.13 28.15 37.78
3267601
518.15 28.17 37.78
3274903
518.18 28.15 37.79
3282204
518.37 28.15 37.76
3289507
518.34 28.14 37.78
3296808
518.02 28.13 37.75
3304113
518.10 28.15 37.78
3311415
518.39 28.14 37.81
3318716
518.66 28.17 37.78
3326019
519.03 28.14 37.81
3333321
519.17 28.14 37.76
3340622
518.60 28.15 37.78
3347929
518.07 28.15 37.73
3355230
518.22 28.15 37.75
3362533
517.36 28.15 37.79
3369835
516.80 28.17 37.75
3377136
515.99 28.18 37.75
3384439
515.98 28.17 37.73
3391741
515.12 28.15 37.71
3399044
514.41 28.17 37.69
3406346
514.38 28.17 37.76
3413647
514.41 28.14 37.72
3420950
513.38 28.15 37.75
3428252
513.34 28.15 37.75
3435553
513.16 28.14 37.78
3442856
512.90 28.13 37.76
3450159
514.29 28.17 37.73
3457460
514.59 28.15 37.78
3464763
514.77 28.14 37.78
3472071
514.19 28.14 37.73
3479377
514.82 28.11 37.80
3486680
516.00 28.13 37.79
3493981
515.78 28.13 37.81
3501284
515.47 28.13 37.72
3508585
516.68 28.14 37.76
3515886
516.76 28.11 37.77
3523189
516.30 28.13 37.76
3530490
515.63 28.10 37.76
3537793
515.49 28.10 37.77
3545096
515.60 28.10 37.80
3552397
514.69 28.11 37.83
3559700
514.87 28.11 37.80
3567001
514.13 28.11 37.77
3574303
513.97 28.11 37.80
3581606
514.47 28.13 37.85
3588908
514.50 28.08 37.83
3596210
514.36 28.10 37.87
3603513
515.25 28.10 37.84
3610817
516.07 28.10 37.90
3618120
516.80 28.08 37.87
3625421
517.80 28.11 37.84
3632723
518.21 28.10 37.83
3640027
517.25 28.08 37.83
3647328
517.67 28.10 37.84
3654631
516.22 28.07 37.89
3661932
515.56 28.08 37.92
3669233
516.16 28.10 37.92
3676535
514.93 28.06 37.90
3683836
515.26 28.06 37.91
3691140
514.85 28.08 37.90
3698442
514.59 28.08 37.87
3705744
514.35 28.08 37.93
3713046
513.72 28.06 37.87
3720347
512.67 28.11 37.90
3727649
512.71 28.07 37.90
3734955
512.65 28.08 37.90
3742257
512.44 28.07 37.91
3749559
512.23 28.06 37.88
3756861
512.72 28.07 37.89
3764163
511.62 28.07 37.93
3771465
511.30 28.07 37.91
3778766
511.94 28.06 37.94
3786070
511.23 28.06 37.91
3793372
510.10 28.06 37.96
3800673
509.73 28.07 37.90
3807976
509.20 28.06 37.90
3815277
509.43 28.07 37.93
3822578
508.83 28.07 37.95
3829880
507.82 28.06 37.96
3837182
508.00 28.03 37.92
3844485
508.27 28.07 37.93
3851787
508.53 28.04 37.96
3859089
509.32 28.07 37.93
3866394
509.49 28.07 37.93
3873695
509.30 28.04 37.92
3880998
509.80 28.04 37.91
3888301
509.32 28.07 37.99
3895602
508.84 28.07 37.96
3902905
509.75 28.07 37.91
3910207
508.58 28.04 37.97
3917509
507.69 28.07 37.97
3924811
508.39 28.03 37.95
3932112
508.15 28.03 38.00
3939438
507.84 28.04 37.97
3946741
508.30 28.03 37.97
3954042
507.63 28.04 37.97
3961345
507.42 28.04 37.97
3968647
507.09 28.03 38.06
3975948
506.87 28.06 38.07
3983250
506.74 28.03 38.07
3990551
507.43 28.04 38.07
3997851
507.17 28.04 38.06
4005154
507.19 28.03 38.01
4012455
507.65 28.01 38.06
4019758
506.83 28.04 38.04
4027059
505.86 28.03 38.06
4034360
505.92 28.03 38.08
4041663
505.03 28.03 38.08
4048964
505.10 28.03 38.04
4056266
505.61 28.01 38.06
4063568
505.77 28.01 38.08
4070870
506.14 28.01 38.11
4078173
506.43 28.01 38.08
4085474
506.57 28.01 38.07
4092776
506.49 28.03 38.08
4100078
506.10 28.01 38.08
4107379
505.89 28.01 38.08
4114682
505.49 28.00 38.13
4121987
503.91 28.00 38.13
4129289
504.08 28.01 38.11
4136591
503.86 28.01 38.18
4143892
503.75 27.99 38.22
4151195
504.47 27.99 38.21
4158497
504.52 28.00 38.20
4165799
504.44 27.99 38.18
4173102
504.62 28.00 38.18
4180403
504.73 28.00 38.18
4187704
505.04 27.99 38.21
4195007
504.82 27.97 38.33
4202308
504.08 27.96 38.31
4209610
503.52 27.96 38.29
4216913
503.09 27.94 38.32
4224215
503.27 27.94 38.28
4231517
503.04 27.94 38.34
4238819
503.26 27.91 38.26
4246121
503.56 27.93 38.28
4253427
503.61 27.93 38.28
4260728
504.15 27.90 38.24
4268032
504.41 27.91 38.28
4275333
504.02 27.90 38.35
4282634
503.22 27.90 38.48
4289937
502.40 27.89 38.45
4297238
502.42 27.90 38.40
4304540
501.78 27.89 38.40
4311843
502.44 27.87 38.36
4319144
501.33 27.89 38.35
4326448
501.51 27.86 38.68
4333749
501.39 27.84 38.65
4341050
499.96 27.83 38.78
4348353
497.13 27.84 38.84
4355654
496.29 27.81 38.67
4362963
494.99 27.81 38.61
4370267
494.72 27.81 38.56
4377571
494.06 27.80 38.55
4384874
491.73 27.80 38.79
4392175
490.05 27.79 39.12
4399478
488.79 27.77 39.06
4406780
486.83 27.77 39.18
4414083
486.30 27.75 39.23
4421385
485.03 27.75 39.27
4428687
482.80 27.76 39.07
4435988
481.72 27.76 38.93
4443291
481.38 27.75 38.84
4450592
481.52 27.75 38.85
4457895
480.15 27.76 38.81
4465198
480.70 27.73 38.93
4472499
480.35 27.75 38.95
4479802
481.12 27.72 38.97
4487103
481.42 27.72 38.93
4494404
482.01 27.75 38.90
4501707
481.93 27.73 38.95
4509012
481.68 27.73 38.89
4516315
481.78 27.75 38.93
4523618
483.55 27.73 38.88
4530919
483.53 27.73 38.89
4538222
484.31 27.75 38.88
4545523
483.64 27.72 39.33
4552824
483.26 27.70 39.42
4560128
480.66 27.72 39.37
4567429
479.20 27.73 39.23
4574732
477.17 27.70 39.20
4582034
476.36 27.69 39.12
4589336
475.83 27.70 39.12
4596638
475.57 27.68 39.15
4603939
475.89 27.68 39.34
4611241
475.51 27.68 39.40
4618544
475.43 27.66 39.30
4625846
476.03 27.68 39.17
4633148
475.41 27.69 39.23
4640454
475.89 27.69 39.17
4647755
477.44 27.70 39.21
4655058
478.36 27.66 39.28
4662360
478.12 27.68 39.14
4669662
478.10 27.69 39.09
4676964
478.99 27.69 39.08
4684265
480.44 27.66 39.14
4691568
482.25 27.69 39.11
4698871
482.61 27.69 39.08
4706172
482.92 27.69 39.11
4713475
483.36 27.70 39.27
4720777
482.84 27.69 39.46
4728078
481.68 27.66 39.44
4735380
478.30 27.69 39.34
4742706
477.48 27.68 39.17
4750008
477.42 27.66 39.15
4757311
477.65 27.69 39.23
4764615
477.98 27.65 39.15
4771918
476.80 27.66 39.08
4779219
476.43 27.66 39.15
4786523
475.72 27.65 39.32
4793825
474.86 27.65 39.57
4801127
474.27 27.65 39.45
4808429
471.45 27.65 39.61
4815732
464.00 27.66 39.63
4823033
463.14 27.65 39.66
4830337
460.17 27.63 39.51
4837638
458.17 27.66 39.38
4844940
456.88 27.63 39.47
4852243
457.10 27.65 39.45
4859544
456.78 27.65 39.48
4866847
456.73 27.65 39.47
4874148
455.14 27.65 39.76
4881449
453.64 27.63 39.79
4888753
452.98 27.61 39.61
4896057
451.65 27.63 39.58
4903360
451.61 27.62 39.61
4910662
451.80 27.62 39.60
4917964
451.69 27.63 39.64
4925266
450.98 27.61 39.68
4932568
450.37 27.65 39.69
4939870
450.50 27.68 39.44
4947172
451.09 27.65 39.48
4954474
451.50 27.63 39.74
4961776
451.43 27.61 39.77
4969079
451.68 27.61 39.57
4976380
451.80 27.61 39.54
4983683
451.16 27.62 39.76
4990985
451.17 27.62 39.77
4998286
450.76 27.61 39.74
5005588
451.37 27.59 39.62
5012890
451.68 27.62 39.57
5020192
452.05 27.61 39.54
5027499
453.33 27.61 39.51
5034800
453.32 27.59 39.45
5042103
455.23 27.59 39.59
5049404
456.78 27.61 39.81
5056705
456.80 27.58 39.72
5064008
457.03 27.59 39.78
5071309
456.92 27.59 39.84
5078612
456.55 27.56 39.68
5085915
456.52 27.58 39.85
5093217
456.58 27.56 40.04
5100519
454.24 27.58 40.13
5107820
444.29 27.53 40.31
5115122
432.85 27.53 40.31
5122424
429.14 27.52 40.18
5129725
422.29 27.51 40.28
5137029
419.59 27.52 40.28
5144332
415.56 27.51 40.16
5151636
413.28 27.51 40.02
5158939
412.07 27.52 40.08
5166240
414.30 27.49 40.05
5173541
415.64 27.51 40.09
5180845
416.06 27.51 40.06
5188146
415.93 27.51 40.22
5195448
415.42 27.49 40.15
5202751
416.31 27.51 40.08
5210052
417.02 27.48 40.06
5217355
417.62 27.51 40.12
5224656
419.02 27.51 40.28
5231959
418.73 27.48 40.31
5239261
418.70 27.46 40.08
5246562
419.89 27.48 40.09
5253872
420.37 27.46 40.12
5261178
421.63 27.46 40.13
5268480
422.89 27.45 40.07
5275783
425.69 27.46 40.00
5283087
427.92 27.48 40.06
5290390
432.63 27.45 40.07
5297692
446.06 27.46 40.06
5304994
450.94 27.46 40.12
5312296
450.61 27.48 40.07
5319598
449.67 27.48 40.10
5326900
447.78 27.45 40.14
5334202
446.33 27.48 40.19
5341503
446.71 27.48 40.23
5348806
446.20 27.46 40.30
5356108
444.92 27.46 40.41
5363410
442.18 27.44 40.34
5370713
439.69 27.44 40.26
5378014
437.24 27.42 40.31
5385316
435.36 27.44 40.39
5392618
434.15 27.42 40.49
5399919
433.59 27.40 40.50
5407222
432.79 27.41 40.53
5414529
431.10 27.42 40.45
5421830
431.01 27.40 40.39
5429133
430.25 27.40 40.35
5436434
429.80 27.40 40.43
5443735
430.10 27.40 40.40
5451038
429.88 27.38 40.32
5458339
429.45 27.40 40.37
5465641
430.08 27.38 40.38
5472945
431.74 27.41 40.37
5480246
432.46 27.42 40.34
5487549
432.90 27.38 40.41
5494850
432.65 27.38 40.31
5502151
433.11 27.40 40.27
5509454
432.94 27.40 40.34
5516755
433.67 27.38 40.30
5524059
434.85 27.41 40.23
5531361
436.12 27.40 40.05
5538689
437.68 27.44 40.11
5545992
438.54 27.41 40.11
5553293
439.56 27.40 40.07
5560595
440.33 27.41 40.18
5567897
440.72 27.41 40.14
5575198
442.20 27.44 40.10
5582501
442.59 27.40 40.12
5589805
443.37 27.40 40.11
5597106
443.85 27.41 40.14
5604408
445.06 27.41 40.11
5611710
446.14 27.41 40.04
5619011
446.34 27.42 40.29
5626313
446.25 27.41 40.15
5633614
446.49 27.41 40.14
5640918
446.64 27.41 40.14
5648220
445.99 27.44 40.32
5655522
445.84 27.42 40.37
5662824
444.31 27.40 40.44
5670129
443.69 27.40 40.41
5677432
443.78 27.40 40.31
5684734
443.58 27.38 40.25
5692036
443.15 27.40 40.19
5699339
444.12 27.40 40.21
5706641
444.72 27.42 40.17
5713943
445.61 27.41 40.15
5721245
446.48 27.40 40.15
5728547
446.79 27.41 40.18
5735849
447.73 27.44 40.14
5743153
448.99 27.42 40.14
5750454
449.24 27.44 40.32
5757756
447.93 27.41 40.46
5765058
447.11 27.42 40.46
5772359
446.05 27.44 40.45
5779661
445.11 27.42 40.34
5786962
444.54 27.40 40.28
5794266
444.03 27.41 40.46
5801572
442.42 27.44 40.46
5808873
441.99 27.42 40.49
5816175
441.29 27.41 40.61
5823477
439.50 27.40 40.47
5830778
438.90 27.38 40.40
5838081
438.93 27.40 40.40
5845382
438.54 27.41 40.39
5852685
438.24 27.38 40.37
5859987
438.97 27.38 40.37
5867289
439.05 27.40 40.41
5874591
439.92 27.37 40.34
5881892
440.70 27.37 40.39
5889195
441.37 27.37 40.32
5896497
442.74 27.38 40.19
5903798
444.12 27.37 40.22
5911101
445.86 27.35 40.34
5918403
447.66 27.35 40.25
5925708
448.88 27.35 40.19
5933010
449.41 27.37 40.25
5940313
450.20 27.37 40.28
5947614
450.89 27.35 40.21
5954916
451.70 27.35 40.21
5962218
452.03 27.37 40.19
5969520
452.67 27.37 40.19
5976823
452.83 27.38 40.25
5984124
452.94 27.37 40.24
5991427
452.92 27.38 40.16
5998729
452.62 27.38 40.19
6006031
451.93 27.38 40.40
6013334
451.48 27.38 40.38
6020635
451.42 27.37 40.34
6027937
450.45 27.37 40.44
6035244
449.62 27.35 40.42
6042545
449.34 27.34 40.46
6049848
448.63 27.32 40.48
6057152
447.71 27.32 40.52
6064455
446.45 27.31 40.53
6071757
445.06 27.28 40.53
6079059
444.37 27.29 40.45
6086362
443.60 27.31 40.48
6093665
443.48 27.27 40.46
6100966
443.45 27.28 40.52
6108269
443.44 27.27 40.49
6115570
443.50 27.27 40.43
6122872
443.44 27.25 40.41
6130176
442.95 27.28 40.56
6137477
442.55 27.27 40.69
6144787
441.14 27.28 40.62
6152088
439.60 27.27 40.57
6159389
439.10 27.25 40.54
6166691
438.35 27.28 40.50
6173993
438.64 27.28 40.47
6181296
438.67 27.28 40.44
6188602
438.87 27.27 40.39
6195903
439.86 27.29 40.41
6203206
440.71 27.31 40.35
6210507
441.84 27.31 40.35
6217808
442.53 27.29 40.27
6225112
443.53 27.32 40.26
6232413
443.71 27.31 40.40
6239716
443.93 27.31 40.36
6247018
444.87 27.29 40.35
6254320
445.07 27.31 40.45
6261622
445.20 27.28 40.43
6268923
444.51 27.31 40.48
6276226
445.40 27.28 40.52
6283528
445.52 27.29 40.45
6290829
444.96 27.29 40.43
6298132
445.20 27.29 40.40
6305434
444.79 27.27 40.39
6312739
444.61 27.29 40.52
6320041
444.23 27.31 40.59
6327344
443.43 27.28 40.61
6334645
442.70 27.25 40.60
6341970
441.32 27.27 40.66
6349273
439.95 27.24 40.64
6356575
439.14 27.27 40.65
6363878
438.37 27.24 40.80
6371179
437.59 27.24 40.83
6378481
436.92 27.24 40.77
6385783
436.53 27.21 40.73
6393084
436.68 27.20 40.78
6400388
436.14 27.18 40.91
6407689
435.55 27.20 40.91
6414991
435.05 27.17 40.91
6422294
433.84 27.18 40.88
6429595
433.61 27.15 40.89
6436897
433.70 27.15 40.84
6444203
433.07 27.15 40.84
6451504
433.69 27.15 40.82
6458806
434.19 27.13 40.82
6466108
434.52 27.17 40.81
6473410
434.68 27.17 40.84
6480713
434.22 27.17 41.00
6488014
433.63 27.15 40.92
6495318
434.05 27.15 40.84
6502619
434.52 27.15 40.75
6509920
434.98 27.14 40.72
6517223
435.22 27.17 40.79
6524524
435.79 27.17 40.77
6531826
436.79 27.20 40.74
6539129
437.46 27.17 40.66
6546430
438.24 27.17 40.63
6553733
439.15 27.20 40.60
6561035
440.29 27.20 40.56
6568336
440.93 27.21 40.58
6575642
441.54 27.21 40.61
6582943
443.20 27.21 40.60
6590245
443.77 27.22 40.57
6597549
443.77 27.22 40.57
6604850
443.06 27.24 40.60
6612152
443.55 27.22 40.61
6619456
443.54 27.24 40.55
6626757
443.71 27.22 40.58
6634059
443.63 27.25 40.56
6641360
443.07 27.25 40.57
6648664
443.48 27.27 40.56
6655966
443.64 27.25 40.53
6663268
443.45 27.27 40.54
6670570
443.11 27.25 40.47
6677873
443.38 27.27 40.47
6685174
443.34 27.27 40.44
6692477
443.16 27.29 40.49
6699782
443.19 27.27 40.47
6707084
443.20 27.28 40.46
6714387
443.49 27.29 40.43
6721688
443.75 27.28 40.46
6728990
443.85 27.29 40.53
6736293
443.43 27.32 40.65
6743595
442.94 27.29 40.65
6750897
442.52 27.31 40.62
6758199
441.12 27.31 40.56
6765501
441.06 27.31 40.61
6772804
440.88 27.31 40.55
6780105
440.72 27.32 40.58
6787408
440.74 27.31 40.61
6794710
439.51 27.31 40.68
6802011
439.32 27.31 40.79
6809313
438.26 27.31 40.69
6816615
437.30 27.31 40.65
6823917
436.41 27.31 40.56
6831223
436.16 27.31 40.52
6838524
435.87 27.32 40.56
6845828
435.73 27.32 40.49
6853129
436.11 27.32 40.48
6860430
435.54 27.31 40.50
6867733
435.33 27.32 40.48
6875034
435.24 27.32 40.51
6882337
435.51 27.35 40.54
6889639
437.35 27.34 40.42
6896941
438.28 27.35 40.46
6904244
438.79 27.34 40.45
6911545
439.20 27.37 40.34
6918847
439.24 27.37 40.48
6926149
439.56 27.38 40.62
6933450
439.36 27.35 40.51
6940753
439.39 27.35 40.52
6948056
439.63 27.35 40.48
6955357
439.29 27.35 40.46
6962663
439.47 27.38 40.48
6969964
439.69 27.35 40.44
6977267
440.65 27.35 40.42
6984569
441.01 27.37 40.48
6991870
441.16 27.37 40.48
6999174
441.22 27.35 40.44
7006476
442.18 27.38 40.47
7013778
442.79 27.38 40.48
7021080
442.69 27.35 40.46
7028381
443.10 27.37 40.47
7035692
443.16 27.40 40.46
7042994
443.11 27.38 40.37
7050295
443.49 27.38 40.42
7057598
443.11 27.40 40.49
7064899
442.92 27.41 40.44
7072200
442.58 27.40 40.47
7079503
441.86 27.38 40.50
7086808
441.04 27.35 40.51
7094111
440.50 27.37 40.47
7101413
439.08 27.37 40.57
7108715
437.94 27.35 40.52
7116017
435.93 27.37 40.61
7123318
434.06 27.34 40.74
7130620
432.68 27.34 40.68
7137946
430.97 27.34 40.58
7145247
429.87 27.31 40.61
7152549
430.13 27.32 40.56
7159853
429.14 27.31 40.53
7167154
428.28 27.34 40.55
7174456
428.06 27.32 40.58
7181758
428.06 27.31 40.56
7189059
428.69 27.31 40.55
7196362
429.81 27.31 40.55
7203663
430.92 27.32 40.64
7210966
430.81 27.32 40.58
7218272
430.19 27.31 40.56
7225573
430.76 27.32 40.60
7232876
430.75 27.32 40.71
7240177
431.16 27.29 40.65
7247478
431.52 27.28 40.59
7254781
431.33 27.28 40.68
7262083
431.26 27.27 40.68
7269385
430.76 27.27 40.63
7276688
431.16 27.28 40.61
7283989
431.85 27.29 40.59
7291291
432.28 27.27 40.49
7298593
433.32 27.28 40.53
7305894
434.13 27.28 40.49
7313197
434.90 27.31 40.50
7320498
435.26 27.29 40.56
7327801
435.73 27.29 40.52
7335103
437.49 27.32 40.42
7342405
438.11 27.34 40.44
7349711
439.05 27.32 40.44
7357012
439.53 27.34 40.49
7364314
439.66 27.32 40.56
7371617
439.13 27.34 40.67
7378918
438.13 27.34 40.68
7386220
436.97 27.31 40.58
7393523
435.74 27.32 40.52
7400824
434.28 27.32 40.60
7408126
433.41 27.32 40.61
7415428
432.91 27.34 40.60
7422730
432.48 27.31 40.58
7430032
431.73 27.32 40.54
7437334
432.10 27.31 40.53
7444636
432.18 27.31 40.53
7451939
432.89 27.31 40.55
7459240
433.04 27.28 40.50
7466543
432.91 27.31 40.46
7473848
432.56 27.29 40.55
7481150
432.59 27.29 40.56
7488453
430.95 27.31 40.53
7495754
430.64 27.29 40.56
7503056
429.96 27.28 40.56
7510360
429.46 27.25 40.54
7517661
429.68 27.24 40.51
7524963
430.33 27.27 40.56
7532265
429.84 27.24 40.61
7539567
429.39 27.24 40.67
7546870
429.40 27.21 40.65
7554171
428.59 27.22 40.63
7561474
428.68 27.21 40.67
7568777
426.37 27.21 40.65
7576078
426.22 27.20 40.61
7583381
425.69 27.21 40.70
7590682
424.65 27.18 40.67
7597984
423.97 27.21 40.67
7605291
423.44 27.21 40.61
7612592
423.75 27.21 40.61
7619894
424.53 27.20 40.61
7627197
424.90 27.20 40.61
7634498
425.67 27.20 40.68
7641801
426.46 27.20 40.68
7649102
427.23 27.20 40.62
7656403
427.63 27.22 40.66
7663706
428.46 27.21 40.67
7671008
429.01 27.20 40.67
7678310
429.43 27.21 40.65
7685613
428.85 27.21 40.70
7692914
429.19 27.17 40.66
7700216
428.54 27.21 40.68
7707517
427.36 27.17 40.71
7714820
427.47 27.15 40.63
7722122
426.95 27.15 40.63
7729423
426.90 27.14 40.68
7736723
426.98 27.17 40.71
7744026
427.09 27.14 40.66
7751327
425.99 27.14 40.69
7758629
426.12 27.13 40.66
7765932
427.16 27.14 40.70
7773233
428.38 27.15 40.68
7780536
427.60 27.14 40.72
7787837
427.74 27.15 40.68
7795139
428.24 27.15 40.69
7802442
428.95 27.13 40.67
7809743
428.67 27.15 40.69
7817046
429.59 27.15 40.72
7824348
430.37 27.17 40.71
7831649
430.60 27.14 40.65
7838951
430.70 27.15 40.69
7846252
430.34 27.17 40.73
7853555
430.79 27.15 40.72
7860861
430.88 27.15 40.77
7868163
429.72 27.15 40.77
7875465
429.78 27.15 40.71
7882766
428.71 27.14 40.73
7890069
429.12 27.15 40.78
7897371
428.14 27.14 40.78
7904672
428.25 27.14 40.76
7911975
426.56 27.15 40.82
7919278
425.02 27.15 40.75
7926579
423.96 27.15 40.69
7933889
423.10 27.15 40.69
7941214
422.51 27.15 40.66
7948516
422.74 27.15 40.69
7955819
423.00 27.17 40.68
7963120
423.94 27.18 40.67
7970422
424.75 27.20 40.65
7977725
426.15 27.20 40.65
7985027
426.18 27.21 40.67
7992333
426.11 27.21 40.63
7999634
426.20 27.18 40.65
8006936
426.85 27.21 40.64
8014239
427.33 27.21 40.63
8021540
426.84 27.20 40.67
8028844
426.33 27.20 40.68
8036146
426.00 27.20 40.61
8043447
425.89 27.20 40.64
8050749
425.60 27.20 40.62
8058051
425.65 27.18 40.67
8065353
425.53 27.20 40.64
8072656
425.30 27.21 40.61
8079958
425.60 27.20 40.64
8087260
425.54 27.18 40.59
8094563
424.88 27.22 40.57
8101864
424.92 27.22 40.66
8109167
424.17 27.21 40.67
8116472
423.72 27.21 40.64
8123774
423.32 27.20 40.64
8131077
423.68 27.18 40.62
8138378
423.89 27.18 40.68
8145681
424.50 27.20 40.65
8152982
424.12 27.17 40.69
8160283
424.10 27.18 40.69
8167585
423.71 27.15 40.66
8174886
423.53 27.18 40.65
8182190
422.94 27.18 40.75
8189492
422.91 27.17 40.65
8196793
423.23 27.15 40.66
8204096
423.13 27.15 40.66
8211398
423.27 27.14 40.73
8218699
422.77 27.15 40.68
8226001
421.14 27.14 40.73
8233304
420.61 27.14 40.73
8240606
419.88 27.11 40.74
8247920
419.62 27.10 40.73
8255224
419.24 27.11 40.77
8262530
419.44 27.10 40.77
8269834
418.65 27.07 40.80
8277138
418.81 27.06 40.78
8284442
418.83 27.09 40.80
8291746
418.41 27.09 40.84
8299052
418.42 27.06 40.79
8306356
418.19 27.06 40.84
8313660
417.45 27.03 40.88
8320965
417.54 27.06 40.84
8328275
417.46 27.06 40.90
8335580
417.75 27.04 40.84
8342884
416.64 27.06 40.87
8350188
416.41 27.06 40.88
8357493
416.56 27.04 40.90
8364797
416.21 27.03 40.88
8372102
416.70 27.03 40.91
8379410
416.51 27.04 40.90
8386715
416.66 27.03 40.90
8394018
417.12 27.06 40.90
8401324
417.60 27.06 40.88
8408628
418.10 27.06 40.91
8415933
418.63 27.06 40.90
8423238
418.14 27.06 40.84
8430542
417.23 27.04 40.88
8437847
417.51 27.06 40.88
8445152
417.54 27.04 40.87
8452456
418.10 27.06 40.87
8459761
418.64 27.09 40.84
8467064
418.59 27.07 40.86
8474369
418.35 27.07 40.88
8481673
418.04 27.06 40.90
8488977
417.82 27.06 40.85
8496282
417.36 27.04 40.90
8503590
416.12 27.01 40.98
8510894
416.10 27.03 40.91
8518199
415.37 27.03 40.91
8525503
415.80 27.01 40.92
8532806
415.74 27.01 40.91
8540111
416.15 27.00 40.89
8547415
416.91 26.99 40.92
8554720
416.54 26.99 40.86
8562025
416.49 26.99 40.90
8569328
416.87 27.00 40.98
8576633
416.69 26.99 40.92
8583938
416.67 27.01 40.92
8591241
417.36 27.01 40.91
8598546
417.15 27.03 40.92
8605850
418.54 27.03 40.94
8613155
419.69 27.04 40.88
8620460
420.50 27.03 40.91
8627764
421.43 27.04 40.88
8635072
422.73 27.07 40.87
8642375
422.11 27.06 40.91
8649680
421.93 27.01 40.89
8656986
421.04 27.04 40.90
8664290
420.98 27.03 40.84
8671595
420.87 27.06 40.88
8678898
420.49 27.03 40.79
8686202
420.53 27.04 40.88
8693507
420.66 27.06 40.83
8700811
420.28 27.06 40.88
8708116
419.49 27.06 40.79
8715420
419.40 27.10 40.83
8722724
418.95 27.04 40.87
8730030
419.26 27.06 40.85
8737334
418.75 27.01 40.92
8744662
418.59 27.00 40.88
8751967
417.82 26.99 40.90
8759270
418.05 27.00 40.95
8766578
417.23 26.97 40.90
8773883
416.71 27.01 40.89
8781188
417.06 27.00 40.96
8788492
417.39 27.00 40.93
8795796
417.04 26.99 40.90
8803099
416.59 27.00 40.93
8810412
416.23 27.00 40.89
8817716
416.66 27.03 40.94
8825020
416.93 27.03 40.92
8832325
416.57 27.04 40.93
8839629
416.78 27.03 40.94
8846935
417.32 27.04 40.87
8854238
417.39 27.03 40.87
8861542
417.54 27.06 40.87
8868847
417.33 27.07 40.87
8876150
417.23 27.07 40.90
8883456
416.83 27.07 40.88
8890764
416.65 27.04 40.93
8898067
415.97 27.01 40.91
8905372
415.58 27.06 40.94
8912677
415.01 27.04 40.99
8919982
413.02 27.03 40.94
8927286
412.66 27.01 40.96
8934590
412.31 27.00 40.98
8941895
412.02 27.00 40.95
8949200
411.15 26.99 40.95
8956504
411.04 27.00 40.99
8963809
410.36 26.99 40.93
8971114
410.49 27.00 40.96
8978417
411.13 27.00 40.95
8985722
410.56 27.00 40.96
8993026
410.32 26.99 40.96
9000331
410.08 27.00 40.95
9007636
410.06 27.00 40.98
9014939
410.92 27.01 40.95
9022247
410.83 27.04 41.01
9029553
411.03 27.01 40.98
9036857
409.99 27.00 40.98
9044162
409.96 26.99 41.06
9051465
409.74 27.01 41.04
9058770
409.31 26.97 40.98
9066076
408.62 26.99 41.04
9073379
407.58 26.97 41.00
9080684
407.98 27.00 41.05
9087987
408.32 26.97 41.02
9095291
409.05 27.00 41.02
9102597
408.60 27.00 41.01
9109900
408.38 26.99 41.04
9117205
408.37 27.00 41.01
9124510
408.72 26.99 41.00
9131813
409.29 27.00 40.96
9139119
409.64 27.03 41.00
9146423
409.83 27.03 41.00
9153730
409.09 27.01 40.91
9161034
410.10 27.04 40.99
9168338
409.94 27.04 40.95
9175644
408.81 27.01 40.89
9182949
409.51 27.04 40.95
9190252
410.24 27.04 40.91
9197557
411.09 27.07 40.83
9204861
410.98 27.06 40.85
9212166
411.04 27.03 40.88
9219471
410.93 27.04 40.95
9226775
411.00 27.06 40.88
9234080
410.80 27.04 40.87
9241388
411.31 27.03 40.91
9248691
411.73 27.04 40.88
9255996
413.03 27.06 40.93
9263300
412.53 27.06 40.90
9270605
411.91 27.06 40.90
9277914
411.46 27.04 40.91
9285217
410.65 27.06 40.87
9292522
410.25 27.04 40.85
9299827
410.27 27.06 40.85
9307130
410.34 27.04 40.87
9314436
410.44 27.06 40.85
9321740
410.63 27.07 40.87
9329044
411.59 27.07 40.86
9336349
411.25 27.07 40.83
9343653
411.79 27.07 40.86
9350959
412.65 27.10 40.83
9358263
412.51 27.09 40.87
9365567
413.00 27.07 40.84
9372872
413.48 27.07 40.84
9380175
414.03 27.07 40.83
9387481
414.13 27.09 40.82
9394786
414.24 27.09 40.82
9402089
414.32 27.07 40.84
9409397
414.04 27.10 40.77
9416701
413.57 27.10 40.82
9424005
413.52 27.09 40.80
9431310
413.21 27.11 40.80
9438614
412.70 27.09 40.82
9445918
412.40 27.09 40.74
9453223
411.44 27.04 40.84
9460528
410.77 27.04 40.84
9467833
410.26 27.04 40.90
9475136
409.44 27.01 40.89
9482440
408.69 27.00 40.89
9489744
407.97 27.03 40.94
9497049
407.21 26.97 40.92
9504354
406.66 26.97 40.98
9511659
405.04 26.97 41.02
9518962
404.44 26.94 40.97
9526267
403.59 26.94 41.01
9533572
403.87 26.93 41.06
9540902
403.69 26.94 41.03
9548208
403.23 26.92 41.06
9555512
403.47 26.92 41.07
9562816
404.21 26.90 41.06
9570121
405.43 26.93 41.07
9577425
405.74 26.92 41.04
9584731
406.19 26.90 41.06
9592034
406.30 26.90 41.11
9599338
405.75 26.89 41.08
9606642
405.98 26.87 41.15
9613946
405.98 26.85 41.14
9621252
405.59 26.87 41.17
9628556
406.17 26.86 41.18
9635860
405.91 26.85 41.12
9643165
405.98 26.85 41.16
9650469
406.63 26.86 41.18
9657773
407.71 26.86 41.17
9665081
408.76 26.86 41.19
9672385
409.63 26.87 41.21
9679689
410.80 26.87 41.15
9686994
410.64 26.86 41.17
9694299
410.45 26.87 41.17
9701610
411.67 26.89 41.18
9708914
413.04 26.89 41.13
9716218
413.77 26.87 41.17
9723523
413.73 26.87 41.11
9730827
413.72 26.87 41.14
9738132
413.90 26.87 41.15
9745437
413.70 26.85 41.16
9752740
413.20 26.86 41.15
9760046
412.88 26.87 41.15
9767350
412.57 26.85 41.15
9774654
412.66 26.87 41.14
9781959
412.53 26.90 41.14
9789263
412.63 26.90 41.14
9796572
412.71 26.87 41.09
9803877
412.31 26.86 41.12
9811180
412.32 26.85 41.16
9818485
412.66 26.85 41.16
9825788
411.66 26.86 41.18
9833094
411.31 26.85 41.19
9840399
410.41 26.85 41.19
9847702
410.61 26.82 41.17
9855007
410.66 26.85 41.18
9862312
410.33 26.82 41.19
9869616
409.31 26.82 41.15
9876921
408.65 26.82 41.22
9884225
408.21 26.83 41.21
9891529
408.28 26.82 41.22
9898834
407.69 26.81 41.20
9906139
407.14 26.81 41.22
9913443
407.25 26.82 41.26
9920748
407.25 26.81 41.31
9928055
407.20 26.81 41.26
9935361
407.27 26.81 41.29
9942664
406.55 26.81 41.23
9949969
406.36 26.79 41.23
9957274
407.26 26.82 41.28
9964577
408.05 26.82 41.25
9971883
407.39 26.81 41.23
9979191
407.66 26.81 41.20
9986494
407.59 26.79 41.22
9993799
407.30 26.76 41.18
10001102
407.33 26.78 41.17
10008408
406.48 26.76 41.23
10015713
406.10 26.76 41.26
10023017
407.01 26.78 41.26
10030322
406.71 26.76 41.27
10037627
407.29 26.73 41.28
10044931
407.59 26.73 41.31
10052239
407.64 26.76 41.28
10059543
407.83 26.73 41.27
10066848
408.81 26.75 41.24
10074153
407.66 26.72 41.24
10081457
407.84 26.72 41.28
10088762
407.82 26.69 41.31
10096067
407.70 26.72 41.35
10103371
407.18 26.72 41.34
10110676
406.81 26.70 41.35
10117980
407.37 26.69 41.38
10125285
406.85 26.72 41.31
10132590
406.99 26.68 41.35
10139894
407.08 26.68 41.41
10147198
407.13 26.66 41.38
10154504
407.77 26.69 41.37
10161808
407.79 26.69 41.38
10169113
408.24 26.69 41.32
10176420
407.70 26.70 41.31
10183726
407.76 26.68 41.31
10191030
407.09 26.66 41.24
10198334
406.68 26.63 41.30
10205639
405.87 26.66 41.28
10212944
404.80 26.66 41.29
10220248
404.86 26.65 41.31
10227553
404.06 26.63 41.36
10234857
404.85 26.59 41.37
10242160
404.60 26.63 41.43
10249465
404.97 26.62 41.44
10256770
404.50 26.63 41.42
10264075
404.93 26.60 41.38
10271380
404.73 26.63 41.47
10278683
404.34 26.62 41.49
10285988
404.13 26.63 41.49
10293293
404.78 26.62 41.52
10300600
405.89 26.62 41.50
10307904
406.97 26.63 41.47
10315208
407.64 26.63 41.49
10322513
407.22 26.65 41.49
10329842
408.26 26.66 41.50
10337146
408.21 26.65 41.50
10344452
407.90 26.68 41.48
10351755
408.42 26.66 41.39
10359059
408.72 26.68 41.42
10366364
409.50 26.69 41.42
10373667
410.17 26.69 41.37
10380973
410.81 26.70 41.41
10388278
411.50 26.70 41.38
10395582
412.20 26.70 41.39
10402886
412.28 26.72 41.37
10410190
412.60 26.73 41.31
10417495
411.35 26.70 41.28
10424803
409.89 26.72 41.28
10432106
408.98 26.69 41.29
10439411
408.67 26.70 41.32
10446716
408.49 26.66 41.26
10454021
407.51 26.66 41.28
10461326
407.07 26.65 41.35
10468629
406.41 26.65 41.39
10475933
406.11 26.65 41.33
10483238
406.32 26.63 41.40
10490542
406.23 26.66 41.38
10497847
405.72 26.66 41.35
10505152
406.05 26.65 41.37
10512456
406.17 26.65 41.35
10519760
406.57 26.68 41.36
10527065
406.36 26.66 41.38
10534369
406.71 26.66 41.43
10541674
407.17 26.66 41.42
10548981
407.85 26.66 41.40
10556286
407.00 26.68 41.41
10563591
407.10 26.66 41.39
10570895
406.08 26.66 41.43
10578200
405.93 26.69 41.41
10585503
406.16 26.69 41.39
10592815
406.40 26.68 41.42
10600120
406.66 26.70 41.39
10607423
406.97 26.70 41.38
10614728
407.02 26.68 41.39
10622033
407.39 26.70 41.39
10629338
407.95 26.70 41.33
10636643
408.74 26.72 41.35
10643946
409.11 26.73 41.36
10651251
408.04 26.72 41.41
10658556
408.61 26.70 41.35
10665861
409.51 26.72 41.35
10673169
409.65 26.72 41.37
10680474
410.43 26.72 41.37
10687777
410.82 26.73 41.33
10695083
410.82 26.73 41.36
10702387
410.16 26.78 41.31
10709690
410.30 26.72 41.31
10716995
410.86 26.76 41.30
10724299
410.93 26.75 41.31
10731604
411.33 26.73 41.30
10738910
411.24 26.75 41.31
10746213
410.62 26.78 41.34
10753518
411.20 26.73 41.25
10760821
411.55 26.75 41.28
10768125
411.55 26.76 41.21
10775431
411.21 26.70 41.13
10782734
410.10 26.72 41.24
10790039
409.78 26.72 41.26
10797347
410.40 26.69 41.29
10804652
410.03 26.69 41.29
10811957
410.49 26.68 41.35
10819260
410.52 26.68 41.33
10826564
410.23 26.66 41.35
10833868
410.37 26.68 41.33
10841172
410.34 26.66 41.36
10848478
410.10 26.66 41.40
10855783
409.58 26.66 41.38
10863086
409.34 26.65 41.31
10870391
408.89 26.65 41.33
10877696
408.36 26.63 41.39
10884999
407.88 26.63 41.40
10892304
407.74 26.63 41.44
10899608
408.18 26.63 41.43
10906912
407.36 26.63 41.42
10914217
406.56 26.60 41.37
10921522
405.79 26.60 41.41
10928830
405.72 26.59 41.35
10936133
404.86 26.58 41.39
10943438
404.57 26.56 41.48
10950744
405.05 26.56 41.48
10958048
405.34 26.54 41.56
10965353
405.73 26.54 41.52
10972657
405.42 26.55 41.60
10979961
405.83 26.58 41.60
10987267
406.73 26.56 41.60
10994570
407.27 26.56 41.61
11001875
406.84 26.56 41.57
11009180
407.41 26.59 41.57
11016484
406.60 26.55 41.51
11023789
405.85 26.56 41.53
11031094
405.18 26.55 41.46
11038398
405.17 26.58 41.47
11045703
405.63 26.54 41.51
11053009
405.57 26.56 41.51
11060315
405.19 26.55 41.51
11067620
404.37 26.54 41.55
11074924
405.26 26.54 41.55
11082228
405.78 26.54 41.56
11089533
405.99 26.52 41.62
11096838
407.23 26.54 41.64
11104143
408.35 26.55 41.64
11111446
409.06 26.54 41.53
11118751
408.98 26.55 41.61
11126081
409.51 26.55 41.58
11133385
409.82 26.58 41.61
11140690
410.16 26.56 41.57
11148001
409.45 26.56 41.51
11155304
408.33 26.55 41.48
11162609
407.33 26.52 41.46
11169913
405.79 26.51 41.44
11177222
405.09 26.49 41.49
11184527
403.63 26.48 41.51
11191830
403.34 26.45 41.50
11199135
402.29 26.45 41.58
11206440
401.82 26.45 41.55
11213745
401.27 26.44 41.55
11221049
401.77 26.44 41.55
11228353
402.68 26.44 41.62
11235657
402.48 26.42 41.68
11242961
403.36 26.45 41.63
11250266
403.99 26.47 41.57
11257571
404.57 26.45 41.58
11264876
404.50 26.44 41.60
11272179
404.76 26.45 41.69
11279484
405.51 26.42 41.68
11286788
406.01 26.44 41.62
11294093
406.50 26.44 41.58
11301401
406.30 26.44 41.64
11308705
406.51 26.44 41.61
11316009
406.47 26.42 41.67
11323315
406.49 26.45 41.58
11330619
405.09 26.44 41.54
11337924
405.68 26.42 41.57
11345227
404.78 26.44 41.52
11352532
404.20 26.40 41.55
11359838
403.62 26.38 41.52
11367141
402.69 26.38 41.58
11374446
402.23 26.35 41.57
11381751
401.59 26.38 41.56
11389054
401.12 26.35 41.61
11396360
400.31 26.35 41.60
11403664
399.90 26.38 41.63
11410968
400.29 26.37 41.62
11418273
399.81 26.34 41.63
11425581
399.95 26.34 41.70
11432886
399.51 26.34 41.73
11440191
399.63 26.34 41.74
11447494
398.88 26.37 41.79
11454799
398.90 26.34 41.73
11462104
399.06 26.35 41.73
11469409
398.96 26.35 41.75
11476713
399.28 26.35 41.79
11484024
399.94 26.32 41.77
11491330
399.93 26.32 41.82
11498634
400.22 26.32 41.80
11505938
400.17 26.32 41.82
11513243
400.76 26.34 41.85
11520546
401.42 26.32 41.80
11527851
401.38 26.32 41.89
11535156
401.84 26.32 41.87
11542459
401.83 26.31 41.87
11549767
401.87 26.32 41.86
11557072
401.82 26.30 41.84
11564377
402.02 26.31 41.87
11571682
402.03 26.26 41.94
11578985
401.26 26.27 41.92
11586289
400.86 26.26 41.94
11593593
401.57 26.27 41.98
11600898
401.53 26.30 41.98
11608203
402.17 26.28 41.94
11615508
401.65 26.31 41.99
11622811
401.66 26.31 41.96
11630116
401.92 26.32 41.94
11637421
402.27 26.32 41.92
11644724
403.04 26.31 41.93
11652029
403.15 26.30 41.96
11659333
403.72 26.34 41.92
11666637
402.79 26.31 41.89
11673946
402.29 26.35 41.91
11681250
402.38 26.35 41.85
11688555
402.39 26.35 41.85
11695860
402.53 26.31 41.77
11703163
402.35 26.35 41.85
11710469
401.81 26.35 41.79
11717772
401.75 26.34 41.82
11725077
400.79 26.32 41.86
11732382
399.40 26.34 41.77
11739685
398.69 26.32 41.84
11746991
398.82 26.31 41.86
11754296
399.50 26.31 41.86
11761599
399.54 26.31 41.89
11768904
399.87 26.31 41.89
11776208
400.55 26.34 41.89
11783513
399.86 26.32 41.89
11790817
399.90 26.35 41.91
11798124
400.90 26.34 41.91
11805429
401.76 26.35 41.87
11812733
401.77 26.40 41.87
11820038
402.39 26.40 41.88
11827343
403.42 26.37 41.88
11834646
403.69 26.40 41.84
11841950
404.53 26.40 41.79
11849255
405.18 26.38 41.81
11856559
405.48 26.41 41.78
11863864
404.98 26.41 41.80
11871169
404.85 26.37 41.78
11878472
405.38 26.38 41.81
11885777
405.80 26.38 41.78
11893082
406.11 26.37 41.78
11900385
405.66 26.40 41.81
11907690
405.11 26.38 41.81
11914993
405.10 26.37 41.78
11922326
404.55 26.35 41.80
11929631
404.57 26.37 41.86
11936934
404.85 26.37 41.80
11944240
404.86 26.37 41.83
11951544
404.67 26.38 41.82
11958847
404.20 26.37 41.86
11966152
404.18 26.38 41.84
11973456
404.30 26.41 41.82
11980761
404.97 26.38 41.85
11988066
405.00 26.38 41.78
11995370
405.24 26.40 41.78
12002674
405.27 26.38 41.81
12009978
405.75 26.40 41.81
12017282
406.38 26.40 41.82
12024587
406.70 26.40 41.78
12031891
406.55 26.44 41.78
12039195
405.93 26.40 41.72
12046504
405.55 26.41 41.75
12053808
405.17 26.40 41.71
12061113
404.66 26.40 41.75
12068416
405.21 26.38 41.78
12075720
405.79 26.41 41.78
12083024
405.48 26.40 41.82
12090329
406.21 26.38 41.81
12097634
406.07 26.42 41.83
12104939
405.95 26.41 41.85
12112242
405.43 26.42 41.78
12119547
405.47 26.41 41.74
12126852
405.21 26.41 41.75
12134155
404.99 26.44 41.78
12141460
405.18 26.44 41.78
12148764
404.75 26.44 41.77
12156068
405.40 26.45 41.79
12163374
405.83 26.45 41.77
12170681
405.55 26.44 41.80
12177986
405.97 26.44 41.78
12185289
407.17 26.49 41.72
12192592
407.55 26.45 41.71
12199898
407.91 26.47 41.74
12207202
407.69 26.47 41.71
12214506
408.16 26.48 41.67
12221811
408.62 26.45 41.61
12229114
408.87 26.42 41.67
12236420
409.35 26.47 41.69
12243725
408.40 26.45 41.70
12251028
408.65 26.47 41.69
12258333
409.69 26.48 41.70
12265636
409.55 26.42 41.71
12272942
410.14 26.44 41.71
12280247
409.98 26.41 41.69
12287550
410.49 26.44 41.70
12294858
409.84 26.44 41.74
12302163
409.19 26.42 41.70
12309467
409.27 26.41 41.65
12316772
409.22 26.42 41.78
12324076
408.80 26.45 41.71
12331379
409.37 26.41 41.80
12338684
409.82 26.42 41.75
12345988
409.88 26.41 41.74
12353293
409.48 26.42 41.74
12360598
409.02 26.41 41.75
12367901
409.61 26.42 41.80
12375214
409.22 26.41 41.78
12382518
409.93 26.42 41.78
12389821
410.50 26.42 41.72
12397126
410.72 26.42 41.71
12404429
410.18 26.44 41.76
12411735
409.99 26.44 41.78
12419043
410.05 26.41 41.72
12426347
409.61 26.41 41.74
12433652
409.61 26.40 41.75
12440955
409.29 26.38 41.82
12448260
409.69 26.37 41.80
12455565
408.99 26.37 41.80
12462869
408.55 26.37 41.83
12470174
407.71 26.37 41.82
12477479
407.63 26.37 41.83
12484783
408.35 26.37 41.83
12492088
409.08 26.38 41.85
12499392
409.37 26.38 41.84
12506695
410.09 26.40 41.82
12514000
409.89 26.38 41.78
12521305
409.79 26.38 41.84
12528610
409.86 26.40 41.81
12535915
409.75 26.40 41.85
12543221
409.33 26.40 41.81
12550526
409.35 26.38 41.78
12557831
408.98 26.37 41.78
12565135
408.94 26.38 41.78
12572439
409.16 26.37 41.83
12579743
408.98 26.34 41.79
12587048
407.72 26.35 41.80
12594354
408.02 26.38 41.85
12601657
408.32 26.38 41.85
12608962
407.74 26.40 41.87
12616267
408.64 26.41 41.82
12623571
407.96 26.40 41.84
12630877
407.76 26.40 41.81
12638180
407.61 26.38 41.76
12645485
407.59 26.38 41.84
12652790
408.14 26.40 41.82
12660093
407.18 26.37 41.78
12667403
407.60 26.40 41.76
12674708
407.18 26.37 41.78
12682011
407.11 26.34 41.82
12689316
407.38 26.35 41.82
12696621
407.18 26.37 41.89
12703924
407.06 26.38 41.84
12711229
406.54 26.37 41.82
12718558
406.00 26.38 41.85
12725863
405.94 26.35 41.79
12733168
406.06 26.34 41.80
12740471
406.09 26.37 41.82
12747777
406.05 26.34 41.89
12755081
406.25 26.35 41.80
12762384
405.88 26.35 41.86
12769689
405.58 26.32 41.80
12776993
405.78 26.35 41.86
12784299
404.84 26.31 41.91
12791604
404.46 26.32 41.92
12798911
404.46 26.32 41.89
12806216
404.17 26.31 41.86
12813519
403.82 26.35 41.91
12820824
403.72 26.35 41.91
12828129
403.15 26.32 41.86
12835432
402.84 26.32 41.87
12842737
402.55 26.31 41.91
12850042
402.37 26.32 41.89
12857347
401.95 26.30 41.88
12864652
401.48 26.28 41.88
12871955
401.65 26.28 41.88
12879259
400.89 26.26 41.92
12886564
401.17 26.23 42.01
12893868
400.99 26.26 42.05
12901173
401.32 26.23 42.07
12908478
401.30 26.23 42.09
12915782
401.43 26.23 42.05
12923090
401.69 26.26 42.08
12930395
402.25 26.27 42.10
12937698
401.89 26.26 42.11
12945003
401.81 26.26 42.04
12952307
402.20 26.26 41.98
12959612
402.15 26.26 42.02
12966918
401.20 26.24 41.99
12974221
401.50 26.24 42.02
12981526
401.97 26.23 41.99
12988830
400.81 26.21 41.99
12996133
400.83 26.19 42.02
13003439
401.24 26.20 42.10
13010742
401.66 26.21 42.06
13018047
401.55 26.20 42.07
13025352
402.15 26.20 42.05
13032656
402.87 26.20 42.12
13039962
402.41 26.19 42.06
13047270
402.46 26.19 42.07
13054573
403.27 26.19 42.10
13061878
403.27 26.20 42.15
13069182
403.70 26.19 42.20
13076488
404.99 26.19 42.13
13083792
404.65 26.16 42.09
13091096
405.05 26.17 42.07
13098401
404.69 26.17 42.13
13105704
404.50 26.17 42.19
13113009
405.69 26.14 42.18
13120314
405.90 26.17 42.25
13127617
406.30 26.17 42.20
13134922
406.33 26.14 42.18
13142227
406.72 26.16 42.22
13149531
406.67 26.17 42.22
13156836
406.69 26.19 42.16
13164140
406.00 26.17 42.16
13171447
406.22 26.14 42.17
13178752
405.14 26.14 42.13
13186056
405.53 26.14 42.15
13193361
405.03 26.13 42.18
13200666
404.16 26.11 42.20
13207970
403.54 26.08 42.18
13215276
403.03 26.10 42.21
13222579
403.08 26.10 42.20
13229883
403.00 26.11 42.25
13237188
402.59 26.10 42.31
13244491
402.57 26.11 42.30
13251796
402.72 26.08 42.23
13259102
401.69 26.11 42.24
13266412
401.31 26.08 42.21
13273717
400.64 26.07 42.22
13281021
400.35 26.07 42.23
13288325
400.43 26.07 42.31
13295634
399.88 26.07 42.36
13302937
399.11 26.07 42.35
13310242
399.46 26.08 42.32
13317548
399.90 26.06 42.38
13324851
400.50 26.07 42.36
13332156
400.67 26.08 42.32
13339460
401.44 26.08 42.32
13346763
401.44 26.06 42.33
13354068
401.43 26.07 42.28
13361373
402.23 26.08 42.28
13368678
402.50 26.07 42.29
13375983
402.29 26.07 42.26
13383286
401.56 26.08 42.35
13390592
401.02 26.07 42.31
13397897
400.16 26.07 42.34
13405200
399.80 26.06 42.29
13412505
400.40 26.04 42.39
13419812
400.27 26.04 42.36
13427118
400.22 26.07 42.32
13434423
400.45 26.06 42.35
13441726
400.64 26.04 42.33
13449031
399.96 26.06 42.28
13456335
399.74 26.03 42.30
13463639
399.32 26.01 42.33
13470944
399.99 26.03 42.33
13478248
400.21 26.06 42.38
13485553
400.29 26.04 42.39
13492858
400.99 26.04 42.39
13500162
400.99 26.04 42.40
13507491
400.49 26.04 42.35
13514796
400.18 26.04 42.38
13522099
399.95 26.04 42.36
13529404
400.53 26.03 42.36
13536708
400.05 26.01 42.37
13544016
399.91 26.01 42.34
13551322
399.72 26.03 42.37
13558626
399.44 26.03 42.36
13565930
399.07 25.99 42.40
13573234
398.53 25.99 42.43
13580538
398.81 25.96 42.41
13587844
398.53 25.97 42.50
13595147
398.50 25.99 42.46
13602452
398.56 25.99 42.46
13609757
398.04 25.97 42.53
13617061
398.22 25.96 42.47
13624367
398.05 25.96 42.44
13631670
397.50 25.93 42.49
13638974
397.20 25.93 42.52
13646279
397.31 25.95 42.55
13653582
397.65 25.93 42.55
13660888
397.72 25.93 42.54
13668196
398.24 25.95 42.55
13675500
397.98 25.92 42.49
13682805
397.82 25.92 42.48
13690108
397.76 25.90 42.50
13697413
398.41 25.90 42.62
13704718
398.81 25.90 42.61
13712021
398.84 25.88 42.64
13719326
399.33 25.92 42.68
13726631
399.36 25.90 42.69
13733936
399.44 25.92 42.67
13741240
399.46 25.95 42.65
13748544
399.41 25.93 42.65
13755848
399.60 25.93 42.61
13763152
399.95 25.97 42.64
13770457
400.34 25.97 42.61
13777762
400.50 25.96 42.57
13785067
400.69 25.96 42.60
13792374
400.39 26.00 42.53
13799680
400.33 25.99 42.56
13806983
400.47 26.01 42.53
13814287
400.08 26.00 42.53
13821592
400.30 26.00 42.53
13828895
401.43 26.00 42.52
13836200
401.48 26.00 42.53
13843506
402.50 26.03 42.50
13850809
403.19 26.00 42.50
13858114
402.92 25.99 42.48
13865418
403.07 26.04 42.48
13872721
402.66 26.03 42.46
13880027
401.51 26.03 42.49
13887331
400.77 26.03 42.50
13894636
400.73 26.04 42.52
13901941
401.80 26.04 42.45
13909244
402.02 26.04 42.45
13916553
402.51 26.04 42.50
13923857
402.99 26.06 42.49
13931160
403.11 26.06 42.46
13938465
403.51 26.04 42.46
13945769
404.01 26.10 42.42
13953075
404.54 26.10 42.40
13960379
405.03 26.07 42.38
13967683
405.04 26.06 42.33
13974988
404.85 26.06 42.35
13982292
405.27 26.03 42.39
13989596
405.47 26.03 42.41
13996901
404.94 26.01 42.41
14004205
404.37 26.01 42.41
14011510
404.19 26.04 42.43
14018814
404.09 26.03 42.45
14026119
403.02 26.00 42.40
14033424
402.52 26.00 42.46
14040731
401.63 26.00 42.39
14048034
401.95 25.99 42.46
14055340
401.21 25.96 42.47
14062644
399.91 25.99 42.48
14069948
399.39 25.99 42.48
14077253
399.34 25.96 42.48
14084557
398.70 25.93 42.52
14091863
399.24 25.93 42.49
14099166
398.14 25.92 42.55
14106470
397.76 25.95 42.58
14113775
398.81 25.95 42.52
14121078
398.64 25.93 42.55
14128384
398.07 25.95 42.57
14135689
398.10 25.95 42.57
14142993
398.43 25.95 42.58
14150297
398.70 25.95 42.58
14157608
398.51 25.93 42.58
14164916
398.19 25.93 42.58
14172221
398.65 25.92 42.61
14179524
399.07 25.93 42.59
14186829
398.42 25.93 42.59
14194135
397.51 25.92 42.56
14201439
397.09 25.90 42.59
14208743
397.38 25.92 42.58
14216047
395.97 25.89 42.58
14223351
395.28 25.88 42.57
14230656
394.53 25.86 42.57
14237960
395.07 25.86 42.61
14245265
394.54 25.88 42.62
14252570
394.53 25.85 42.64
14259873
394.94 25.85 42.70
14267179
395.30 25.86 42.76
14274483
396.05 25.85 42.74
14281786
396.01 25.83 42.73
14289094
395.58 25.85 42.76
14296423
395.67 25.83 42.74
14303728
396.44 25.86 42.77
14311032
397.23 25.86 42.76
14318337
397.04 25.85 42.77
14325642
397.14 25.89 42.76
14332945
397.88 25.88 42.73
14340249
398.47 25.86 42.72
14347554
399.26 25.86 42.70
14354857
400.00 25.86 42.73
14362163
400.07 25.88 42.72
14369468
400.95 25.90 42.79
14376772
400.79 25.90 42.73
14384077
400.49 25.92 42.74
14391380
400.17 25.90 42.73
14398685
400.74 25.90 42.71
14405990
400.89 25.92 42.69
14413297
400.71 25.93 42.67
14420601
401.23 25.90 42.67
14427907
400.61 25.90 42.68
14435211
400.41 25.92 42.69
14442516
400.22 25.92 42.68
14449819
399.75 25.92 42.65
14457123
399.63 25.89 42.68
14464429
399.81 25.90 42.68
14471732
399.99 25.88 42.67
14479037
400.11 25.90 42.62
14486342
399.87 25.89 42.66
14493646
400.33 25.88 42.64
14500952
400.13 25.86 42.67
14508257
399.36 25.89 42.78
14515560
400.13 25.86 42.74
14522865
400.58 25.90 42.72
14530169
400.04 25.89 42.72
14537478
400.27 25.88 42.77
14544783
399.27 25.89 42.69
14552086
398.87 25.88 42.66
14559391
398.60 25.89 42.69
14566696
398.81 25.85 42.71
14574000
398.88 25.85 42.73
14581305
397.81 25.82 42.68
14588609
397.25 25.83 42.71
14595912
396.89 25.79 42.78
14603217
397.57 25.80 42.75
14610522
397.49 25.80 42.78
14617827
397.11 25.79 42.75
14625132
396.40 25.78 42.82
14632435
396.35 25.78 42.85
14639740
396.19 25.76 42.83
14647045
395.76 25.78 42.90
14654348
395.41 25.78 42.90
14661653
395.19 25.78 42.94
14668960
396.33 25.78 42.95
14676265
396.40 25.79 42.88
14683571
396.14 25.79 42.93
14690874
396.57 25.80 42.91
14698179
396.56 25.80 42.83
14705484
396.37 25.79 42.88
14712788
395.91 25.79 42.88
14720094
395.85 25.76 42.91
14727397
396.06 25.79 42.91
14734702
395.88 25.80 42.84
14742007
394.99 25.78 42.85
14749310
393.90 25.79 42.90
14756616
394.31 25.78 42.85
14763921
393.35 25.76 42.85
14771225
393.09 25.75 42.86
14778530
392.17 25.79 42.87
14785833
391.39 25.76 42.92
14793142
391.02 25.75 42.86
14800447
390.91 25.73 42.93
14807750
390.41 25.72 42.94
14815055
389.84 25.72 42.96
14822361
389.33 25.72 43.00
14829665
389.37 25.69 43.03
14836970
389.16 25.73 43.02
14844273
388.59 25.71 43.00
14851577
389.11 25.72 43.02
14858882
388.58 25.72 43.02
14866186
388.63 25.71 42.96
14873491
388.63 25.69 42.99
14880796
388.55 25.68 43.00
14888099
387.80 25.69 43.03
14895405
388.12 25.68 42.98
14902708
388.34 25.71 43.07
14910012
387.95 25.68 42.95
14917320
387.91 25.65 43.05
14924624
387.27 25.65 43.04
14931930
386.33 25.64 43.08
14939235
385.70 25.66 43.02
14946538
384.94 25.64 42.98
14953843
384.33 25.64 43.05
14961146
384.44 25.64 43.12
14968451
384.46 25.64 43.09
14975756
384.05 25.62 43.14
14983059
383.58 25.62 43.09
14990364
382.84 25.62 43.11
14997669
382.20 25.61 43.18
15004973
381.63 25.60 43.13
15012278
381.71 25.62 43.19
15019582
382.30 25.64 43.17
15026885
382.57 25.61 43.18
15034190
382.37 25.62 43.19
15041498
382.82 25.62 43.21
15048810
382.45 25.65 43.20
15056115
382.53 25.66 43.15
15063418
383.71 25.65 43.20
15070724
384.06 25.66 43.18
15078028
385.15 25.68 43.20
15085331
385.23 25.68 43.14
15092661
384.96 25.71 43.15
15099964
385.42 25.72 43.09
15107269
386.03 25.72 43.15
15114574
387.15 25.71 43.15
15121879
387.95 25.73 43.10
15129183
389.09 25.75 43.12
15136487
390.52 25.78 43.10
15143791
391.08 25.79 43.01
15151095
391.38 25.80 43.03
15158400
391.39 25.79 43.00
15165708
392.07 25.79 43.05
15173013
393.01 25.79 42.98
15180316
392.78 25.79 42.91
15187621
393.22 25.79 42.95
15194926
393.67 25.83 42.97
15202229
393.88 25.85 42.90
15209534
393.87 25.80 42.93
15216838
393.71 25.80 42.91
15224143
394.07 25.82 42.91
15231448
393.73 25.80 42.90
15238752
393.78 25.80 42.90
15246057
393.82 25.82 42.91
15253360
393.41 25.78 42.90
15260664
394.90 25.82 42.90
15267970
394.86 25.83 42.94
15275273
393.74 25.83 42.92
15282578
394.50 25.79 42.88
15289886
394.81 25.82 42.90
15297190
394.97 25.80 42.91
15304496
394.36 25.83 42.92
15311799
394.90 25.83 42.90
15319103
394.80 25.85 42.86
15326408
395.56 25.85 42.89
15333711
394.92 25.83 42.87
15341017
394.83 25.85 42.92
15348322
395.20 25.86 42.82
15355625
395.59 25.88 42.88
15362930
395.17 25.86 42.88
15370234
394.59 25.86 42.83
15377538
394.05 25.83 42.86
15384843
394.40 25.85 42.86
15392147
394.38 25.86 42.83
15399452
393.77 25.85 42.83
15406757
393.30 25.82 42.85
15414064
393.39 25.83 42.87
15421369
393.65 25.85 42.89
15428673
393.50 25.82 42.87
15435976
393.44 25.85 42.86
15443281
393.39 25.82 42.84
15450586
393.05 25.83 42.84
15457890
392.91 25.82 42.83
15465195
392.76 25.79 42.87
15472499
392.78 25.80 42.87
15479804
392.47 25.79 42.91
15487108
392.55 25.79 42.91
15494412
392.35 25.78 42.96
15501717
391.60 25.79 42.95
15509020
391.71 25.78 42.91
15516325
391.68 25.79 42.94
15523631
391.48 25.78 42.98
15530934
391.71 25.79 42.98
15538242
392.03 25.79 42.94
15545546
393.25 25.80 42.99
15552849
393.04 25.79 42.93
15560155
393.29 25.79 42.93
15567459
393.29 25.80 42.90
15574763
393.26 25.80 42.97
15582068
393.22 25.80 42.95
15589372
394.00 25.79 42.95
15596678
394.70 25.79 42.93
15603981
395.03 25.79 42.88
15611285
395.87 25.82 42.87
15618589
395.84 25.78 42.82
15625893
395.90 25.79 42.81
15633199
395.48 25.79 42.83
15640503
395.08 25.78 42.85
15647807
394.06 25.78 42.85
15655112
393.62 25.75 42.96
15662420
394.28 25.78 42.94
15669724
395.07 25.72 43.02
15677029
395.41 25.76 42.99
15684333
395.55 25.75 43.02
15691637
397.13 25.78 42.96
15698942
396.56 25.80 42.95
15706247
396.72 25.79 42.94
15713552
396.79 25.80 42.93
15720856
397.00 25.80 42.93
15728160
397.38 25.79 42.91
15735464
396.84 25.76 42.86
15742769
397.38 25.78 42.95
15750074
397.55 25.78 42.91
15757379
397.79 25.78 42.90
15764682
398.29 25.78 42.94
15771987
398.25 25.80 42.97
15779293
398.44 25.80 42.88
15786599
398.97 25.80 42.88
15793904
399.47 25.78 42.88
15801208
399.39 25.78 42.86
15808513
398.65 25.75 42.88
15815818
398.24 25.73 42.85
15823122
398.17 25.76 42.88
15830427
398.65 25.76 42.95
15837731
399.68 25.76 42.96
15845036
400.19 25.78 42.94
15852341
401.01 25.78 43.02
15859644
401.30 25.78 42.95
15866948
400.87 25.78 43.02
15874252
401.20 25.80 43.01
15881581
401.30 25.82 42.99
15888885
401.69 25.82 42.94
15896190
402.00 25.85 42.95
15903495
402.02 25.85 42.89
15910803
402.19 25.83 42.86
15918106
403.01 25.82 42.84
15925410
403.44 25.82 42.81
15932723
402.97 25.82 42.80
15940026
402.80 25.79 42.87
15947331
402.43 25.78 42.90
15954636
403.15 25.79 42.94
15961939
402.72 25.76 42.88
15969245
402.59 25.78 42.90
15976549
402.27 25.78 42.88
15983853
401.74 25.78 42.91
15991157
401.84 25.80 42.88
15998461
401.31 25.78 42.86
16005767
400.98 25.78 42.85
16013071
400.51 25.79 42.88
16020375
400.20 25.79 42.90
16027680
401.03 25.80 42.87
16034987
400.70 25.76 42.94
16042291
400.99 25.79 42.94
16049596
401.48 25.79 42.88
16056899
401.77 25.78 42.85
16064204
402.26 25.76 42.89
16071510
402.09 25.79 42.88
16078813
401.15 25.79 42.84
16086118
400.71 25.76 42.91
16093423
400.32 25.78 42.90
16100727
401.11 25.75 42.85
16108032
400.73 25.73 42.86
16115336
400.54 25.75 42.85
16122641
400.16 25.73 42.92
16129946
401.14 25.73 43.00
16137249
401.60 25.76 42.98
16144555
401.46 25.76 42.92
16151860
401.36 25.76 42.79
16159166
401.71 25.76 42.82
16166471
401.63 25.73 42.87
16173775
401.05 25.75 42.88
16181080
400.61 25.75 42.96
16188385
400.21 25.75 42.89
16195688
400.47 25.76 42.85
16202993
399.28 25.75 42.80
16210298
398.84 25.73 42.90
16217602
397.83 25.72 42.83
16224907
397.01 25.75 42.83
16232210
396.90 25.69 42.81
16239514
396.58 25.72 42.82
16246819
397.22 25.68 42.94
16254123
397.54 25.69 42.96
16261428
397.16 25.71 43.00
16268733
396.84 25.71 43.05
16276036
397.64 25.71 42.93
16283354
397.89 25.71 42.86
16290657
398.24 25.71 42.96
16297961
397.75 25.69 42.99
16305266
398.42 25.71 42.96
16312569
398.52 25.71 42.93
16319875
398.55 25.73 42.93
16327180
399.10 25.73 43.00
16334483
399.81 25.72 43.02
16341788
400.34 25.73 42.95
16349092
400.34 25.72 42.86
16356396
401.10 25.72 42.93
16363701
402.12 25.72 42.94
16371004
401.94 25.73 43.00
16378309
401.91 25.73 43.00
16385614
401.82 25.75 43.02
16392918
401.70 25.73 42.93
16400223
401.68 25.73 42.89
16407531
401.41 25.73 42.83
16414835
400.90 25.73 42.82
16422140
401.38 25.75 42.92
16429445
401.20 25.73 42.80
16436749
400.66 25.71 42.74
16444054
400.18 25.72 42.79
16451358
400.12 25.69 42.84
16458663
400.21 25.71 42.91
16465969
400.76 25.69 42.93
16473272
400.57 25.72 42.99
16480577
400.49 25.71 42.97
16487881
399.60 25.69 42.93
16495185
398.78 25.69 42.88
16502491
398.03 25.66 42.84
16509794
397.67 25.68 42.87
16517099
397.55 25.68 42.85
16524404
397.57 25.68 42.95
16531707
398.17 25.69 43.03
16539017
398.50 25.69 42.90
16546320
398.51 25.69 42.77
16553624
397.83 25.68 42.88
16560929
397.70 25.69 42.84
16568233
398.69 25.71 42.89
16575539
398.89 25.68 42.94
16582843
399.17 25.68 42.97
16590147
399.12 25.66 42.98
16597452
399.77 25.69 43.00
16604755
400.47 25.66 43.05
16612060
400.80 25.68 43.06
16619365
400.89 25.71 43.07
16626669
401.46 25.69 43.07
16633974
402.05 25.69 43.01
16641280
401.87 25.71 43.01
16648583
401.55 25.71 42.99
16655888
401.68 25.69 43.04
16663195
402.17 25.71 42.89
16670524
402.05 25.72 42.89
16677829
401.30 25.71 42.91
16685133
401.35 25.73 42.90
16692439
401.83 25.72 42.90
16699743
401.54 25.73 42.93
16707047
401.13 25.72 42.90
16714352
401.98 25.71 42.86
16721656
401.61 25.73 42.86
16728960
400.74 25.71 42.77
16736265
400.01 25.72 42.80
16743569
400.03 25.72 42.92
16750874
400.40 25.73 42.95
16758179
400.98 25.71 42.93
16765483
400.56 25.71 42.94
16772788
400.96 25.73 42.96
16780092
401.24 25.73 42.99
16787399
401.49 25.73 42.96
16794704
401.68 25.73 42.90
16802008
401.85 25.75 42.96
16809313
401.32 25.75 42.99
16816625
400.82 25.73 42.82
16823928
400.91 25.75 42.85
16831234
400.47 25.76 42.82
16838539
400.60 25.78 42.81
16845843
400.22 25.72 42.82
16853148
399.62 25.76 42.83
16860451
400.25 25.75 42.80
16867756
400.43 25.73 42.85
16875061
400.13 25.75 42.86
16882365
400.27 25.75 42.93
16889669
400.35 25.73 42.95
16896974
400.00 25.73 42.86
16904279
400.28 25.72 42.83
16911587
400.18 25.72 42.82
16918891
399.66 25.72 42.82
16926195
