627.00 25.56 42.88
13514
626.11 25.56 42.87
15564
624.06 25.57 42.82
17588
627.01 25.59 42.79
19611
622.67 25.60 42.73
21635
620.41 25.60 42.74
23657
618.75 25.62 42.68
25682
591.64 25.62 42.68
27706
579.84 25.66 42.69
29731
579.20 25.65 42.62
31756
566.92 25.63 42.52
33780
564.81 25.65 42.51
35805
34.04 25.57 54.86
65835
687.42 25.55 57.80
69859
898.26 25.56 57.40
71882
830.93 25.56 54.72
73906
815.39 25.55 52.16
75928
816.05 25.57 50.19
77952
802.05 25.62 48.70
79975
792.62 25.60 47.62
81998
786.42 25.62 46.86
84019
779.59 25.66 46.32
86042
771.27 25.70 45.92
88073
769.15 25.72 45.63
90097
763.08 25.74 45.75
92122
759.30 25.76 45.52
94146
757.35 25.77 45.14
96171
756.98 25.81 44.87
98195
755.64 25.83 44.58
100470
750.97 25.88 44.02
107773
752.51 25.97 43.55
115075
750.90 26.01 43.30
122377
755.03 26.07 43.04
129678
755.35 26.08 42.87
136980
754.10 26.12 42.68
144282
755.39 26.18 42.53
151584
755.31 26.20 42.40
158886
756.39 26.18 42.33
166188
756.97 26.21 42.25
173493
758.44 26.23 42.21
180795
757.53 26.25 42.12
188096
758.34 26.25 42.03
195398
759.27 26.27 41.97
202699
759.55 26.25 42.03
210001
759.83 26.28 41.83
217304
759.06 26.30 41.77
224606
758.32 26.27 41.78
231908
758.45 26.31 41.77
239209
758.11 26.28 41.73
246512
757.25 26.31 41.74
253813
757.06 26.30 41.72
261115
756.37 26.28 41.65
268417
757.28 26.28 41.61
275719
757.04 26.32 41.66
283022
757.45 26.31 41.61
290323
756.28 26.30 41.57
297625
754.91 26.30 41.57
304929
756.22 26.32 41.52
312232
757.89 26.31 41.57
319534
757.73 26.32 41.49
326836
756.41 26.28 41.50
334139
756.30 26.32 41.46
341440
756.84 26.32 41.42
348742
756.28 26.30 41.44
356043
756.12 26.32 41.43
363345
756.51 26.32 41.37
370647
757.05 26.31 41.42
377950
756.03 26.31 41.41
385252
754.59 26.31 41.39
392553
753.99 26.30 41.37
399855
753.26 26.34 41.40
407156
753.70 26.32 41.36
414459
754.01 26.34 41.31
421767
753.85 26.31 41.37
429068
753.90 26.32 41.32
436371
766.22 26.31 41.34
443675
855.77 26.31 41.37
450977
877.37 26.32 41.33
458278
880.38 26.34 41.40
465582
875.17 26.35 41.41
472884
870.06 26.34 41.37
480185
873.47 26.34 41.42
487487
872.86 26.30 41.39
494788
873.34 26.31 41.35
502091
875.40 26.34 41.38
509392
876.21 26.32 41.43
516694
877.53 26.35 41.41
523996
880.67 26.32 41.46
531297
881.17 26.32 41.49
538600
881.11 26.32 41.43
545901
882.20 26.32 41.41
553203
881.45 26.32 41.32
560505
881.07 26.32 41.33
567806
880.95 26.34 41.35
575113
881.21 26.32 41.32
582414
880.22 26.32 41.27
589716
880.50 26.34 41.31
597017
881.24 26.32 41.33
604318
880.88 26.34 41.28
611620
879.51 26.35 41.27
618921
878.36 26.32 41.29
626225
877.12 26.32 41.29
633526
876.26 26.34 41.29
640828
875.37 26.34 41.27
648156
876.73 26.34 41.31
655457
875.51 26.32 41.33
662760
875.27 26.34 41.33
670061
876.38 26.35 41.28
677363
875.79 26.35 41.30
684664
876.32 26.34 41.23
691968
875.72 26.34 41.27
699270
875.31 26.34 41.22
706574
871.98 26.35 41.25
713877
870.99 26.36 41.23
721178
868.10 26.35 41.26
728480
868.01 26.35 41.18
735790
868.23 26.36 41.18
743092
868.86 26.36 41.20
750394
867.18 26.36 41.13
757695
867.83 26.35 41.17
764997
867.16 26.36 41.13
772299
867.27 26.36 41.17
779601
866.63 26.36 41.18
786903
867.85 26.38 41.20
794205
868.25 26.39 41.16
801508
866.44 26.36 41.12
808809
866.49 26.38 41.12
816111
865.16 26.41 41.16
823412
865.05 26.36 41.10
830714
865.53 26.39 41.14
838016
865.46 26.38 41.11
845322
864.53 26.36 41.12
852624
864.39 26.41 41.12
859925
865.45 26.39 41.10
867228
864.70 26.41 41.07
874529
865.47 26.41 41.06
881831
864.29 26.39 41.06
889133
862.45 26.41 41.04
896434
861.14 26.39 41.02
903736
862.11 26.41 41.05
911038
862.44 26.39 41.02
918340
860.29 26.42 41.00
925641
859.45 26.41 41.05
932943
858.34 26.42 41.00
940246
858.23 26.41 41.04
947548
858.44 26.42 41.06
954850
857.67 26.41 41.00
962151
858.25 26.42 40.99
969453
858.79 26.42 40.99
976757
859.75 26.41 40.97
984060
860.04 26.44 40.94
991363
860.90 26.41 40.93
998664
859.77 26.44 40.99
1005966
860.21 26.42 40.99
1013267
859.68 26.44 40.89
1020570
859.57 26.46 40.94
1027871
860.40 26.44 40.96
1035172
859.50 26.44 40.95
1042475
859.96 26.46 40.93
1049776
859.41 26.46 40.91
1057079
858.57 26.45 40.93
1064380
859.21 26.45 40.91
1071682
859.72 26.46 40.90
1078985
859.40 26.44 40.90
1086286
858.80 26.46 40.89
1093588
858.75 26.46 40.94
1100890
858.00 26.45 40.89
1108196
858.17 26.46 40.89
1115497
857.80 26.45 40.94
1122800
858.92 26.48 40.84
1130102
858.23 26.48 40.93
1137403
858.33 26.45 40.89
1144706
857.74 26.48 40.84
1152008
858.19 26.46 40.88
1159310
857.64 26.49 40.88
1166611
857.15 26.51 40.83
1173912
855.33 26.46 40.81
1181215
855.02 26.48 40.85
1188516
853.93 26.51 40.84
1195819
853.43 26.48 40.80
1203120
853.68 26.49 40.84
1210422
852.80 26.52 40.90
1217725
853.34 26.49 40.87
1225026
853.76 26.52 40.84
1232332
853.85 26.51 40.81
1239633
853.25 26.48 40.83
1246936
854.21 26.49 40.82
1254237
853.88 26.51 40.79
1261539
854.42 26.51 40.78
1268842
853.26 26.51 40.81
1276143
853.31 26.52 40.79
1283445
854.28 26.52 40.79
1290746
854.32 26.51 40.77
1298049
854.32 26.52 40.79
1305351
853.57 26.51 40.72
1312652
854.03 26.54 40.77
1319954
851.50 26.52 40.76
1327255
850.88 26.54 40.73
1334558
850.97 26.55 40.73
1341859
852.12 26.54 40.77
1349161
853.39 26.55 40.71
1356463
854.03 26.52 40.68
1363767
853.88 26.54 40.70
1371070
855.03 26.54 40.72
1378371
855.32 26.52 40.68
1385673
857.07 26.56 40.67
1392974
857.69 26.52 40.71
1400278
856.35 26.51 40.76
1407579
856.00 26.54 40.67
1414881
855.09 26.55 40.72
1422183
854.79 26.55 40.68
1429484
854.77 26.55 40.71
1436813
854.96 26.55 40.67
1444114
855.37 26.55 40.67
1451416
856.55 26.56 40.70
1458717
856.88 26.56 40.68
1466020
856.75 26.52 40.72
1473323
856.37 26.54 40.67
1480624
856.19 26.55 40.73
1487926
856.06 26.56 40.70
1495231
856.42 26.55 40.71
1502533
856.30 26.56 40.68
1509836
854.57 26.56 40.66
1517137
853.95 26.55 40.68
1524440
852.56 26.56 40.68
1531741
852.46 26.56 40.66
1539044
853.34 26.59 40.66
1546345
852.02 26.58 40.61
1553647
852.16 26.58 40.66
1560950
851.44 26.59 40.69
1568251
850.38 26.58 40.61
1575554
850.14 26.58 40.58
1582855
850.09 26.56 40.65
1590157
850.41 26.56 40.63
1597459
851.13 26.56 40.68
1604760
851.18 26.60 40.63
1612062
851.20 26.59 40.63
1619366
850.46 26.59 40.63
1626677
850.72 26.59 40.65
1633978
850.07 26.59 40.61
1641280
849.67 26.62 40.59
1648583
850.08 26.60 40.63
1655884
849.97 26.59 40.65
1663186
849.75 26.59 40.64
1670489
850.76 26.60 40.64
1677791
851.26 26.60 40.61
1685092
851.92 26.59 40.61
1692394
852.92 26.62 40.59
1699697
853.55 26.59 40.60
1706998
853.77 26.59 40.64
1714300
852.99 26.59 40.59
1721602
853.31 26.60 40.60
1728905
852.95 26.60 40.60
1736206
854.05 26.59 40.65
1743507
853.24 26.59 40.59
1750812
851.51 26.60 40.58
1758114
851.82 26.60 40.60
1765416
852.28 26.63 40.57
1772718
853.73 26.62 40.59
1780020
854.35 26.60 40.60
1787329
855.92 26.63 40.62
1794630
856.43 26.62 40.55
1801932
856.87 26.60 40.60
1809233
858.03 26.62 40.53
1816537
859.14 26.62 40.53
1823838
858.15 26.60 40.52
1831140
859.20 26.63 40.55
1838443
859.75 26.62 40.56
1845744
859.29 26.62 40.54
1853046
858.59 26.60 40.56
1860347
859.17 26.65 40.57
1867650
859.88 26.65 40.58
1874952
860.15 26.65 40.59
1882256
861.67 26.65 40.58
1889558
862.58 26.65 40.53
1896859
863.72 26.65 40.56
1904162
864.49 26.65 40.53
1911463
864.80 26.65 40.54
1918766
864.02 26.66 40.54
1926073
864.96 26.63 40.49
1933374
864.99 26.65 40.57
1940677
865.82 26.66 40.58
1947978
866.57 26.65 40.53
1955280
867.76 26.66 40.56
1962582
867.25 26.63 40.54
1969884
865.91 26.66 40.54
1977187
866.27 26.65 40.54
1984488
865.41 26.65 40.52
1991790
865.49 26.66 40.49
1999092
866.89 26.66 40.53
2006397
867.69 26.67 40.55
2013699
868.08 26.66 40.54
2021000
867.20 26.66 40.52
2028303
867.58 26.66 40.52
2035604
867.57 26.66 40.49
2042906
868.71 26.67 40.50
2050207
869.33 26.67 40.51
2057510
869.80 26.67 40.55
2064812
869.85 26.66 40.51
2072113
868.78 26.66 40.51
2079415
869.56 26.67 40.51
2086717
869.98 26.66 40.52
2094019
870.99 26.69 40.50
2101320
870.10 26.67 40.50
2108622
869.09 26.66 40.47
2115926
869.69 26.69 40.50
2123227
870.50 26.67 40.48
2130529
870.08 26.69 40.47
2137833
870.69 26.66 40.49
2145136
870.15 26.69 40.46
2152437
871.11 26.67 40.51
2159739
870.04 26.67 40.48
2167042
870.55 26.67 40.50
2174343
869.09 26.69 40.48
2181646
869.53 26.69 40.52
2188947
869.67 26.69 40.52
2196249
870.88 26.69 40.48
2203550
872.40 26.70 40.50
2210853
872.21 26.69 40.48
2218181
871.44 26.69 40.48
2225482
871.84 26.69 40.51
2232784
870.98 26.69 40.50
2240086
871.56 26.69 40.50
2247388
872.29 26.70 40.46
2254689
871.74 26.72 40.51
2261990
871.99 26.70 40.48
2269296
871.81 26.69 40.51
2276597
871.89 26.69 40.46
2283900
870.93 26.69 40.47
2291202
869.88 26.70 40.46
2298504
870.23 26.72 40.47
2305806
869.70 26.72 40.47
2313108
870.14 26.75 40.49
2320410
871.27 26.69 40.44
2327711
869.32 26.70 40.46
2335013
869.06 26.70 40.45
2342315
869.85 26.70 40.46
2349617
869.25 26.70 40.42
2356920
869.32 26.70 40.45
2364221
869.48 26.72 40.46
2371523
869.87 26.72 40.49
2378824
869.78 26.67 40.43
2386127
870.12 26.72 40.42
2393432
868.68 26.73 40.46
2400734
867.04 26.73 40.46
2408037
867.68 26.69 40.43
2415338
867.49 26.72 40.44
2422640
865.50 26.72 40.45
2429941
864.86 26.73 40.42
2437244
864.73 26.73 40.46
2444546
865.15 26.72 40.45
2451847
864.93 26.72 40.47
2459149
865.17 26.70 40.48
2466450
864.47 26.72 40.42
2473752
864.47 26.69 40.48
2481054
864.66 26.73 40.41
2488356
864.73 26.72 40.47
2495657
862.66 26.73 40.42
2502959
863.02 26.72 40.45
2510262
861.72 26.76 40.44
2517570
860.48 26.72 40.44
2524875
859.66 26.73 40.46
2532177
859.28 26.75 40.44
2539480
858.94 26.73 40.49
2546786
859.28 26.73 40.50
2554087
859.25 26.73 40.44
2561390
859.77 26.73 40.42
2568691
860.83 26.72 40.42
2575993
860.71 26.70 40.41
2583294
860.77 26.73 40.48
2590597
861.18 26.73 40.45
2597900
861.90 26.75 40.40
2605201
860.09 26.72 40.46
2612503
861.33 26.75 40.41
2619804
861.05 26.73 40.41
2627106
860.86 26.75 40.46
2634407
860.69 26.73 40.41
2641711
860.17 26.73 40.37
2649013
857.43 26.75 40.40
2656312
856.95 26.75 40.41
2663614
858.22 26.73 40.42
2670916
858.26 26.72 40.45
2678218
858.10 26.75 40.37
2685519
859.36 26.78 40.44
2692820
858.44 26.73 40.41
2700123
858.63 26.76 40.41
2707424
859.32 26.76 40.43
2714727
861.05 26.75 40.39
2722028
861.12 26.75 40.41
2729330
861.19 26.75 40.39
2736633
862.26 26.75 40.41
2743934
861.70 26.78 40.42
2751237
861.67 26.76 40.38
2758538
862.81 26.78 40.38
2765840
860.80 26.76 40.36
2773141
860.45 26.76 40.40
2780447
861.54 26.76 40.39
2787749
860.56 26.76 40.39
2795052
860.53 26.76 40.41
2802354
860.82 26.78 40.34
2809655
859.94 26.79 40.39
2816957
861.14 26.76 40.39
2824259
861.08 26.78 40.39
2831561
861.85 26.78 40.39
2838863
862.53 26.78 40.39
2846164
862.14 26.78 40.38
2853468
862.49 26.78 40.42
2860769
863.26 26.79 40.42
2868071
861.65 26.78 40.35
2875372
861.54 26.78 40.40
2882673
862.42 26.81 40.37
2889975
860.67 26.78 40.35
2897276
861.31 26.79 40.37
2904580
861.38 26.78 40.36
2911884
861.14 26.78 40.34
2919187
862.44 26.76 40.33
2926489
861.97 26.78 40.35
2933790
860.73 26.78 40.38
2941093
860.45 26.82 40.32
2948395
859.62 26.79 40.32
2955697
858.54 26.79 40.32
2962998
858.29 26.79 40.32
2970300
858.61 26.81 40.34
2977603
859.00 26.79 40.38
2984904
858.31 26.79 40.42
2992206
857.96 26.81 40.38
2999507
858.72 26.81 40.37
3006835
858.08 26.78 40.34
3014136
857.57 26.81 40.41
3021440
857.24 26.81 40.42
3028741
856.54 26.81 40.37
3036045
856.81 26.81 40.38
3043347
857.26 26.81 40.41
3050648
857.10 26.79 40.37
3057951
857.47 26.79 40.34
3065252
857.05 26.78 40.35
3072555
857.01 26.82 40.36
3079857
856.97 26.83 40.41
3087159
856.73 26.81 40.43
3094461
856.09 26.81 40.37
3101762
856.91 26.81 40.34
3109064
856.23 26.82 40.40
3116365
856.20 26.82 40.41
3123668
856.29 26.81 40.37
3130971
855.73 26.81 40.37
3138272
854.92 26.79 40.34
3145574
854.63 26.81 40.38
3152875
855.57 26.79 40.35
3160178
854.50 26.81 40.37
3167482
853.19 26.83 40.38
3174786
852.57 26.81 40.39
3182088
853.68 26.81 40.34
3189389
852.79 26.81 40.33
3196691
851.28 26.81 40.36
3203993
851.83 26.79 40.34
3211295
851.94 26.79 40.34
3218596
853.18 26.82 40.38
3225897
852.92 26.82 40.38
3233200
855.15 26.85 40.35
3240502
855.53 26.81 40.39
3247804
855.58 26.83 40.35
3255105
855.94 26.83 40.34
3262407
856.08 26.82 40.36
3269715
857.07 26.81 40.33
3277018
857.19 26.82 40.32
3284320
856.75 26.81 40.36
3291621
855.35 26.83 40.34
3298927
855.75 26.83 40.34
3306228
855.36 26.83 40.35
3313530
855.50 26.83 40.34
3320833
857.01 26.85 40.35
3328134
857.90 26.83 40.36
3335437
857.97 26.82 40.36
3342738
857.24 26.83 40.35
3350040
857.52 26.82 40.36
3357341
857.87 26.83 40.37
3364644
857.86 26.83 40.36
3371947
858.29 26.82 40.37
3379248
857.57 26.81 40.38
3386550
857.38 26.85 40.35
3393851
858.84 26.85 40.39
3401154
858.23 26.85 40.39
3408455
857.41 26.83 40.37
3415767
857.87 26.83 40.41
3423072
858.88 26.83 40.36
3430373
858.30 26.85 40.34
3437676
858.82 26.85 40.37
3444977
858.61 26.83 40.35
3452279
859.14 26.82 40.40
3459580
859.22 26.83 40.37
3466882
857.31 26.83 40.37
3474184
856.64 26.82 40.42
3481486
856.60 26.85 40.37
3488788
858.00 26.85 40.39
3496089
859.89 26.82 40.34
3503391
859.31 26.85 40.37
3510694
859.48 26.85 40.35
3517996
857.10 26.86 40.32
3525298
857.87 26.85 40.35
3532599
857.94 26.82 40.34
3539902
856.57 26.81 40.38
3547203
856.29 26.83 40.38
3554508
856.24 26.83 40.35
3561811
856.22 26.83 40.36
3569113
856.36 26.85 40.35
3576415
856.26 26.83 40.34
3583716
855.66 26.83 40.37
3591018
854.74 26.86 40.40
3598320
855.88 26.85 40.36
3605621
854.98 26.85 40.36
3612923
855.27 26.86 40.38
3620225
855.86 26.85 40.41
3627527
855.79 26.85 40.39
3634828
856.67 26.86 40.41
3642131
857.44 26.83 40.40
3649433
857.36 26.87 40.41
3656734
856.29 26.83 40.38
3664036
855.42 26.87 40.40
3671337
855.00 26.89 40.38
3678640
855.82 26.86 40.39
3685945
856.85 26.87 40.34
3693247
856.98 26.86 40.39
3700549
856.89 26.85 40.41
3707851
858.18 26.83 40.38
3715153
858.46 26.85 40.37
3722455
858.42 26.86 40.39
3729757
858.77 26.86 40.40
3737059
859.27 26.87 40.41
3744361
860.29 26.86 40.40
3751663
860.34 26.87 40.38
3758964
861.58 26.87 40.44
3766266
861.32 26.85 40.40
3773569
860.59 26.86 40.38
3780871
861.86 26.86 40.38
3788172
861.77 26.86 40.39
3795500
861.94 26.86 40.34
3802802
861.77 26.86 40.39
3810107
861.06 26.86 40.36
3817409
859.69 26.86 40.36
3824710
860.09 26.86 40.39
3832012
860.07 26.87 40.39
3839313
859.99 26.87 40.34
3846615
859.00 26.86 40.40
3853917
859.83 26.86 40.38
3861218
858.22 26.86 40.39
3868520
857.24 26.86 40.39
3875822
856.69 26.86 40.36
3883124
855.48 26.87 40.38
3890426
855.96 26.83 40.38
3897728
856.49 26.87 40.36
3905030
855.46 26.86 40.36
3912332
855.03 26.85 40.39
3919634
855.03 26.86 40.39
3926935
853.86 26.86 40.38
3934237
854.72 26.87 40.34
3941543
855.99 26.87 40.36
3948845
855.81 26.85 40.37
3956147
858.27 26.87 40.35
3963448
858.79 26.86 40.36
3970750
859.46 26.87 40.40
3978051
858.78 26.87 40.38
3985353
857.89 26.89 40.39
3992656
857.56 26.86 40.36
3999958
859.38 26.87 40.34
4007260
859.65 26.89 40.31
4014561
859.93 26.89 40.28
4021863
859.40 26.87 40.31
4029164
859.28 26.86 40.39
4036465
859.59 26.87 40.34
4043767
860.31 26.87 40.33
4051068
860.19 26.86 40.35
4058371
860.61 26.86 40.36
4065672
861.58 26.89 40.39
4072977
862.38 26.87 40.35
4080280
863.58 26.89 40.38
4087581
863.68 26.89 40.38
4094883
863.75 26.87 40.35
4102184
863.43 26.89 40.37
4109487
864.16 26.87 40.31
4116788
863.94 26.87 40.34
4124091
864.27 26.87 40.31
4131393
862.91 26.89 40.37
4138694
862.87 26.89 40.34
4145996
861.44 26.87 40.33
4153297
861.11 26.90 40.33
4160601
861.63 26.92 40.39
4167902
861.34 26.87 40.34
4175204
860.53 26.87 40.38
4182506
860.88 26.87 40.35
4189807
860.67 26.89 40.37
4197113
861.31 26.89 40.37
4204414
861.30 26.90 40.37
4211717
861.45 26.90 40.38
4219018
859.89 26.89 40.38
4226320
860.70 26.90 40.34
4233622
861.80 26.90 40.39
4240923
861.85 26.89 40.39
4248225
862.07 26.87 40.40
4255527
863.54 26.90 40.42
4262830
863.52 26.87 40.40
4270132
864.08 26.90 40.34
4277434
862.99 26.93 40.37
4284736
862.65 26.87 40.34
4292037
862.58 26.90 40.35
4299339
863.37 26.89 40.44
4306648
863.50 26.92 40.42
4313951
862.99 26.92 40.39
4321253
862.62 26.90 40.43
4328558
862.47 26.89 40.48
4335860
862.92 26.92 40.44
4343161
862.48 26.89 40.47
4350465
861.09 26.90 40.48
4357766
861.76 26.90 40.46
4365068
861.72 26.90 40.48
4372370
860.75 26.89 40.49
4379672
859.94 26.89 40.47
4386974
860.00 26.90 40.47
4394275
860.26 26.89 40.53
4401577
859.79 26.89 40.50
4408880
860.43 26.87 40.49
4416181
860.59 26.89 40.52
4423483
861.06 26.87 40.48
4430784
860.72 26.89 40.49
4438087
860.94 26.90 40.46
4445388
860.42 26.90 40.54
4452690
860.12 26.92 40.55
4459997
859.91 26.89 40.48
4467298
858.81 26.89 40.52
4474600
859.57 26.90 40.51
4481901
858.62 26.90 40.54
4489204
858.90 26.90 40.54
4496505
858.34 26.90 40.54
4503808
859.05 26.90 40.53
4511111
858.96 26.92 40.53
4518412
859.19 26.90 40.51
4525714
859.26 26.90 40.52
4533015
859.82 26.92 40.52
4540318
859.60 26.93 40.48
4547619
858.86 26.92 40.52
4554921
857.88 26.89 40.49
4562225
858.87 26.92 40.48
4569526
858.08 26.92 40.53
4576855
857.68 26.92 40.52
4584160
858.60 26.92 40.52
4591462
858.49 26.93 40.56
4598763
858.75 26.93 40.50
4606066
858.93 26.92 40.52
4613368
858.61 26.92 40.47
4620669
857.80 26.93 40.50
4627973
858.28 26.93 40.52
4635274
857.09 26.92 40.51
4642576
857.18 26.95 40.50
4649877
857.46 26.93 40.51
4657178
858.06 26.93 40.55
4664481
858.09 26.92 40.51
4671782
858.09 26.93 40.52
4679085
856.49 26.95 40.51
4686386
856.96 26.93 40.55
4693688
858.02 26.93 40.52
4700991
859.22 26.92 40.52
4708292
858.63 26.92 40.47
4715598
858.71 26.95 40.54
4722899
859.00 26.93 40.56
4730202
857.69 26.95 40.54
4737503
857.04 26.93 40.54
4744806
858.17 26.93 40.56
4752108
859.27 26.95 40.51
4759409
859.78 26.93 40.52
4766712
861.20 26.93 40.51
4774013
861.81 26.93 40.50
4781316
862.02 26.96 40.57
4788618
861.08 26.95 40.51
4795920
861.83 26.96 40.51
4803223
862.08 26.93 40.59
4810524
862.21 26.96 40.64
4817826
863.32 26.95 40.57
4825127
862.73 26.95 40.64
4832431
864.11 26.95 40.59
4839732
863.72 26.95 40.59
4847036
863.95 26.95 40.55
4854339
864.32 26.95 40.57
4861640
864.11 26.95 40.57
4868942
863.32 26.96 40.59
4876243
862.89 26.92 40.58
4883547
863.48 26.93 40.64
4890849
863.32 26.95 40.60
4898150
864.37 26.95 40.59
4905453
863.18 26.95 40.59
4912754
863.76 26.95 40.55
4920056
864.76 26.93 40.55
4927358
865.13 26.95 40.57
4934661
865.34 26.95 40.61
4941963
865.25 26.95 40.57
4949264
865.62 26.97 40.58
4956567
866.40 26.97 40.58
4963868
866.17 26.96 40.60
4971173
866.14 26.95 40.59
4978475
866.99 26.95 40.59
4985778
868.10 26.96 40.59
4993080
867.49 26.96 40.62
5000381
867.81 26.97 40.55
5007684
867.18 26.96 40.54
5014985
868.20 26.95 40.50
5022287
867.96 26.95 40.57
5029588
867.38 26.95 40.55
5036890
867.25 26.95 40.59
5044193
866.20 26.95 40.55
5051494
866.90 26.95 40.56
5058796
866.00 26.97 40.55
5066097
865.90 26.96 40.57
5073400
865.33 26.97 40.58
5080702
864.69 26.93 40.55
5088004
864.71 26.96 40.59
5095306
862.91 26.96 40.54
5102611
862.50 26.95 40.59
5109913
863.89 26.96 40.55
5117214
863.36 26.96 40.63
5124516
862.24 26.97 40.60
5131820
860.95 26.95 40.59
5139121
861.48 26.95 40.54
5146423
862.93 26.95 40.59
5153724
862.07 26.97 40.62
5161027
861.45 26.95 40.61
5168328
861.96 26.95 40.59
5175630
861.87 26.96 40.65
5182934
861.65 26.97 40.59
5190235
861.59 26.97 40.64
5197544
861.48 26.97 40.57
5204845
860.56 26.97 40.59
5212148
860.93 26.97 40.58
5219449
860.90 26.96 40.60
5226753
861.42 26.97 40.60
5234059
861.04 26.99 40.58
5241360
861.23 26.97 40.62
5248662
861.97 27.00 40.63
5255964
861.48 26.99 40.58
5263266
859.82 26.99 40.58
5270567
858.41 26.97 40.63
5277869
857.62 26.96 40.57
5285171
856.96 26.97 40.59
5292473
855.42 26.97 40.60
5299775
853.91 26.97 40.59
5307076
854.20 26.96 40.56
5314378
853.59 26.97 40.60
5321681
853.34 26.97 40.60
5328983
853.66 26.97 40.60
5336285
852.75 26.99 40.63
5343587
852.53 26.99 40.58
5350889
851.26 26.99 40.58
5358220
851.23 26.99 40.59
5365522
850.86 26.97 40.59
5372825
850.90 26.99 40.63
5380126
851.19 26.99 40.57
5387428
852.11 26.99 40.64
5394731
851.29 26.99 40.62
5402033
850.73 26.99 40.66
5409334
849.74 26.99 40.61
5416637
849.14 26.99 40.61
5423939
848.75 26.99 40.67
5431240
848.17 26.97 40.62
5438542
848.36 27.02 40.62
5445844
847.20 26.96 40.62
5453147
847.22 26.99 40.61
5460448
846.92 27.00 40.61
5467750
846.80 26.99 40.58
5475053
848.41 27.02 40.63
5482354
848.56 27.00 40.60
5489659
849.26 27.00 40.62
5496961
846.70 26.97 40.64
5504264
846.21 26.99 40.66
5511565
846.99 26.97 40.62
5518866
847.55 26.97 40.63
5526168
846.91 27.02 40.62
5533469
845.27 26.97 40.66
5540772
846.21 27.00 40.64
5548073
846.21 27.00 40.61
5555376
846.32 27.00 40.61
5562679
846.58 26.99 40.61
5569980
846.77 27.00 40.67
5577282
846.48 27.00 40.60
5584583
846.29 27.00 40.63
5591885
845.13 26.99 40.58
5599186
843.96 26.99 40.61
5606490
843.22 27.00 40.62
5613792
843.45 27.00 40.60
5621097
844.40 26.97 40.66
5628399
843.86 27.00 40.73
5635700
843.12 26.97 40.67
5643002
842.80 26.99 40.68
5650305
841.20 27.00 40.66
5657607
839.82 26.99 40.64
5664909
839.69 26.97 40.66
5672210
839.24 27.00 40.66
5679513
838.12 26.99 40.66
5686814
838.05 26.99 40.71
5694116
837.46 26.99 40.66
5701417
837.09 27.00 40.62
5708720
836.23 27.00 40.62
5716023
835.99 27.02 40.68
5723324
836.86 26.97 40.66
5730626
835.43 27.00 40.67
5737927
834.09 27.00 40.70
5745233
834.20 27.00 40.67
5752535
832.97 26.99 40.68
5759836
831.39 26.99 40.64
5767138
831.42 26.97 40.60
5774440
830.89 26.99 40.68
5781742
831.69 26.99 40.64
5789043
833.13 26.97 40.69
5796345
833.79 27.00 40.68
5803654
835.03 27.00 40.68
5810955
835.05 27.02 40.66
5818257
834.06 26.99 40.66
5825558
833.24 27.00 40.70
5832860
830.79 27.02 40.68
5840161
831.12 27.02 40.66
5847464
830.27 27.00 40.67
5854767
830.31 27.00 40.64
5862068
830.01 26.99 40.68
5869370
830.61 27.00 40.67
5876675
831.67 27.00 40.68
5883977
831.88 27.00 40.68
5891278
833.50 27.00 40.75
5898580
833.27 27.00 40.72
5905884
832.89 26.99 40.71
5913185
831.67 27.02 40.72
5920487
830.51 27.02 40.73
5927788
829.00 27.03 40.69
5935091
828.29 27.04 40.74
5942392
828.31 27.00 40.71
5949694
828.93 26.99 40.74
5956997
829.08 27.03 40.73
5964299
829.63 27.02 40.75
5971601
828.08 27.03 40.70
5978902
829.50 27.02 40.73
5986204
828.72 27.00 40.72
5993505
828.93 27.00 40.73
6000806
829.79 27.02 40.68
6008113
830.78 27.02 40.73
6015414
830.73 27.02 40.72
6022716
829.61 27.00 40.73
6030018
829.58 27.02 40.72
6037320
828.59 27.03 40.73
6044622
828.19 27.02 40.70
6051923
826.82 27.03 40.70
6059227
825.62 27.03 40.72
6066528
824.74 27.02 40.73
6073830
822.91 27.02 40.71
6081131
822.46 27.03 40.72
6088441
822.79 27.00 40.72
6095744
823.00 27.00 40.73
6103045
822.89 27.02 40.72
6110348
823.39 27.02 40.73
6117649
822.71 27.03 40.72
6124951
821.12 27.00 40.80
6132255
819.99 27.02 40.75
6139584
819.04 27.02 40.75
6146887
819.80 27.04 40.75
6154188
820.56 27.02 40.75
6161490
821.57 27.03 40.73
6168792
820.32 27.04 40.76
6176095
821.32 27.04 40.79
6183396
821.03 27.02 40.76
6190698
821.39 27.03 40.75
6198000
819.72 27.03 40.75
6205302
819.46 27.00 40.79
6212604
819.19 27.03 40.75
6219906
817.92 27.03 40.73
6227208
816.51 26.99 40.76
6234510
817.21 27.02 40.81
6241811
815.71 27.02 40.77
6249113
815.88 27.03 40.84
6256414
815.01 27.03 40.75
6263720
814.38 27.02 40.77
6271022
815.02 27.03 40.79
6278324
815.61 27.00 40.80
6285626
814.25 27.03 40.80
6292927
813.90 26.99 40.79
6300229
812.96 27.03 40.81
6307530
812.58 27.03 40.79
6314833
811.45 27.03 40.85
6322135
811.35 27.03 40.79
6329437
811.45 27.02 40.85
6336739
810.15 27.00 40.84
6344040
809.67 27.03 40.87
6351343
807.93 27.03 40.87
6358644
808.53 27.03 40.81
6365946
809.36 27.04 40.79
6373248
808.53 27.04 40.84
6380551
807.66 27.06 40.79
6387853
806.10 27.02 40.77
6395152
805.24 27.04 40.76
6402454
803.69 27.03 40.78
6409755
803.54 27.02 40.75
6417058
803.18 27.00 40.77
6424359
803.03 27.03 40.82
6431662
803.69 27.04 40.78
6438964
803.93 27.02 40.80
6446266
803.70 27.03 40.78
6453568
803.46 27.03 40.78
6460869
804.82 27.02 40.79
6468171
804.96 27.03 40.82
6475472
805.79 27.02 40.79
6482775
805.45 27.02 40.85
6490077
806.41 27.07 40.91
6497378
807.32 27.03 40.89
6504680
808.16 27.06 40.97
6511981
808.48 27.03 41.00
6519287
808.86 27.02 41.02
6526588
809.81 27.02 41.04
6533890
810.93 27.00 41.03
6541192
814.18 27.02 40.99
6548493
818.65 27.00 40.98
6555795
816.87 27.04 40.98
6563096
814.87 27.03 41.02
6570399
813.82 27.03 41.02
6577701
809.47 27.03 41.04
6585003
808.74 27.04 41.08
6592305
805.91 27.02 41.09
6599606
803.80 27.02 41.13
6606909
798.07 27.03 41.04
6614210
796.35 27.02 41.05
6621512
793.96 27.02 41.09
6628814
792.02 27.00 41.04
6636115
789.57 27.00 41.10
6643419
786.47 27.03 41.08
6650723
783.22 27.00 41.06
6658025
783.54 27.00 41.10
6665326
786.32 27.00 41.10
6672628
785.86 27.02 41.08
6679931
785.53 26.99 41.09
6687233
785.37 27.00 41.06
6694535
785.65 27.03 41.12
6701836
785.24 27.00 41.09
6709139
784.30 26.97 41.07
6716440
783.39 26.99 41.08
6723742
781.61 27.03 41.03
6731044
782.27 27.03 41.07
6738345
781.87 27.04 41.13
6745648
784.10 27.00 41.09
6752950
788.26 27.02 41.08
6760252
785.84 27.00 41.11
6767553
783.24 27.03 41.06
6774857
783.28 27.03 41.03
6782160
782.44 27.00 41.01
6789462
782.57 27.03 40.97
6796764
784.79 27.02 41.00
6804065
784.86 27.02 41.00
6811368
786.32 27.02 41.02
6818670
787.52 27.02 40.98
6825971
787.76 27.02 40.95
6833273
787.16 27.04 40.99
6840574
789.56 27.03 40.98
6847877
790.78 27.02 41.05
6855179
791.76 27.02 41.00
6862481
792.14 27.03 41.08
6869783
794.37 27.04 41.07
6877084
795.42 27.06 41.07
6884386
795.02 27.03 41.00
6891687
796.09 27.02 41.09
6898991
797.85 27.02 41.11
6906295
799.47 27.02 41.12
6913597
802.68 27.02 41.14
6920926
805.34 27.03 41.13
6928227
809.14 27.02 41.13
6935530
811.74 27.03 41.13
6942831
814.68 27.02 41.05
6950133
817.16 27.03 41.09
6957434
817.84 27.02 41.13
6964737
820.17 27.00 41.17
6972040
822.23 27.02 41.19
6979348
822.14 27.04 41.17
6986650
824.49 27.03 41.12
6993951
824.87 27.02 41.06
7001253
825.07 27.02 41.12
7008555
825.80 27.03 41.08
7015857
827.02 27.00 41.10
7023159
828.87 27.03 41.12
7030460
830.56 27.02 41.14
7037766
832.10 27.02 41.14
7045067
834.07 27.04 41.17
7052369
834.97 27.00 41.15
7059671
834.55 27.03 41.18
7066972
833.76 27.03 41.21
7074274
833.49 27.00 41.20
7081575
833.92 27.03 41.21
7088878
836.59 27.04 41.20
7096179
837.71 27.03 41.22
7103481
838.82 27.02 41.17
7110785
842.59 27.04 41.21
7118086
842.66 27.00 41.18
7125388
843.12 27.02 41.19
7132689
846.06 27.02 41.19
7139992
849.27 27.02 41.23
7147293
852.26 27.03 41.17
7154595
855.19 27.04 41.20
7161902
855.43 27.02 41.19
7169203
855.61 27.04 41.17
7176505
853.49 27.03 41.17
7183806
853.85 27.02 41.21
7191108
853.98 27.04 41.17
7198410
855.08 27.06 41.21
7205712
856.86 27.02 41.19
7213015
856.57 27.04 41.17
7220316
856.45 27.03 41.17
7227618
856.67 27.03 41.17
7234920
857.42 27.03 41.18
7242222
856.26 27.06 41.16
7249523
855.69 27.06 41.15
7256824
855.11 27.04 41.16
7264128
852.09 27.03 41.15
7271429
849.56 27.04 41.16
7278731
843.22 27.04 41.16
7286032
791.66 27.04 41.17
7293338
795.61 27.04 41.17
7300640
787.93 27.04 41.16
7307941
784.08 27.04 41.20
7315245
784.04 27.04 41.18
7322546
781.40 27.06 41.21
7329848
780.72 27.04 41.20
7337149
780.70 27.06 41.21
7344451
782.54 27.04 41.20
7351754
787.40 27.04 41.18
7359055
790.70 27.04 41.22
7366358
791.95 27.04 41.25
7373659
796.44 27.02 41.18
7380961
845.55 27.06 41.28
7388262
859.25 27.03 41.18
7395565
856.29 27.04 41.21
7402867
850.71 27.04 41.22
7410168
843.85 27.04 41.20
7417470
841.68 27.06 41.19
7424776
840.78 27.04 41.20
7432078
839.53 27.04 41.20
7439379
836.75 27.03 41.16
7446681
836.32 27.03 41.16
7453984
832.19 27.03 41.16
7461285
832.20 27.03 41.13
7468588
830.53 27.04 41.16
7475889
828.32 27.04 41.16
7483191
828.51 27.03 41.15
7490492
827.47 27.04 41.16
7497793
825.53 27.03 41.19
7505096
824.82 27.03 41.22
7512397
824.30 27.03 41.21
7519699
825.33 27.04 41.17
7527001
824.48 27.04 41.15
7534303
823.88 27.03 41.16
7541606
823.23 27.02 41.14
7548910
823.55 27.04 41.18
7556212
825.38 27.04 41.20
7563513
825.51 27.03 41.21
7570817
828.21 27.04 41.20
7578118
826.37 27.03 41.21
7585420
825.38 27.04 41.21
7592722
828.33 27.04 41.20
7600023
828.40 27.06 41.22
7607326
830.20 27.06 41.26
7614627
830.76 27.04 41.26
7621929
832.75 27.06 41.20
7629231
834.13 27.06 41.21
7636533
836.44 27.06 41.19
7643836
836.01 27.04 41.16
7651137
835.72 27.04 41.16
7658439
833.93 27.09 41.20
7665741
834.85 27.06 41.19
7673043
833.89 27.06 41.20
7680348
834.38 27.07 41.15
7687651
836.47 27.06 41.22
7694953
839.63 27.07 41.16
7702281
839.43 27.06 41.16
7709583
840.54 27.07 41.17
7716884
840.77 27.06 41.16
7724186
840.33 27.04 41.17
7731487
841.45 27.07 41.17
7738790
841.61 27.04 41.17
7746093
842.49 27.06 41.15
7753394
840.30 27.03 41.16
7760696
840.42 27.07 41.12
7767997
838.25 27.09 41.15
7775300
835.66 27.10 41.16
7782601
833.97 27.07 41.15
7789903
831.49 27.07 41.10
7797206
828.44 27.06 41.12
7804507
827.45 27.06 41.16
7811813
826.09 27.04 41.11
7819114
824.80 27.06 41.09
7826416
824.54 27.07 41.12
7833717
822.59 27.06 41.13
7841019
820.03 27.06 41.19
7848323
817.86 27.07 41.14
7855624
815.63 27.04 41.12
7862926
811.31 27.06 41.16
7870234
808.12 27.06 41.10
7877537
804.72 27.07 41.16
7884838
802.54 27.06 41.11
7892141
798.82 27.04 41.12
7899442
796.99 27.04 41.16
7906743
795.35 27.04 41.16
7914046
795.37 27.03 41.15
7921347
794.04 27.07 41.14
7928649
792.77 27.04 41.12
7935953
792.37 27.06 41.13
7943257
790.33 27.03 41.12
7950558
790.86 27.04 41.17
7957859
790.01 27.04 41.15
7965161
789.38 27.06 41.12
7972462
789.75 27.04 41.16
7979764
789.59 27.06 41.15
7987065
788.68 27.03 41.11
7994368
786.88 27.04 41.16
8001675
786.26 27.06 41.12
8008976
785.73 27.09 41.15
8016278
785.42 27.06 41.16
8023579
785.56 27.04 41.18
8030882
785.36 27.03 41.15
8038183
785.13 27.04 41.15
8045486
785.86 27.06 41.16
8052788
786.04 27.04 41.17
8060089
785.97 27.06 41.13
8067395
786.64 27.06 41.12
8074696
787.37 27.04 41.09
8081998
787.14 27.06 41.06
8089299
787.23 27.09 41.11
8096602
787.23 27.04 41.11
8103904
788.45 27.04 41.12
8111205
789.46 27.06 41.09
8118507
789.97 27.07 41.12
8125808
790.47 27.06 41.09
8133110
791.09 27.06 41.11
8140411
791.33 27.07 41.09
8147715
791.67 27.10 41.09
8155017
791.46 27.06 41.11
8162318
792.74 27.07 41.07
8169620
792.52 27.07 41.12
8176921
791.84 27.04 41.09
8184223
792.40 27.07 41.12
8191524
791.26 27.07 41.11
8198839
791.40 27.07 41.09
8206144
791.99 27.07 41.14
8213447
792.61 27.06 41.11
8220752
793.27 27.07 41.06
8228056
793.30 27.07 41.12
8235361
791.84 27.07 41.05
8242664
792.18 27.07 41.06
8249969
791.57 27.07 41.04
8257273
791.19 27.09 41.06
8264578
790.43 27.10 41.11
8271882
788.11 27.06 41.04
8279186
787.83 27.07 41.10
8286490
788.23 27.09 41.06
8293793
786.75 27.07 41.07
8301100
786.38 27.09 41.07
8308405
786.46 27.07 41.09
8315708
785.79 27.06 41.07
8323016
784.21 27.07 41.05
8330320
783.69 27.09 41.06
8337625
783.26 27.06 41.01
8344928
782.66 27.04 41.08
8352232
783.39 27.07 41.09
8359536
783.44 27.07 41.11
8366840
783.89 27.07 41.09
8374146
783.98 27.06 41.11
8381449
783.74 27.07 41.11
8388754
783.37 27.06 41.16
8396057
782.75 27.06 41.10
8403360
782.28 27.06 41.11
8410665
781.85 27.06 41.11
8417969
780.91 27.06 41.07
8425274
779.75 27.04 41.11
8432577
778.65 27.04 41.08
8439882
777.85 27.06 41.11
8447185
778.50 27.06 41.11
8454493
778.16 27.04 41.11
8461798
778.35 27.06 41.13
8469101
778.58 27.03 41.13
8476406
779.79 27.04 41.09
8483736
779.81 27.04 41.09
8491040
779.70 27.06 41.12
8498345
779.13 27.04 41.12
8505649
778.94 27.06 41.12
8512954
778.04 27.02 41.13
8520258
776.36 27.06 41.15
8527562
774.28 27.02 41.11
8534866
772.22 27.06 41.12
8542171
770.40 27.03 41.12
8549476
770.15 27.03 41.18
8556779
770.01 27.03 41.12
8564084
771.83 27.03 41.12
8571387
771.39 27.04 41.16
8578693
771.74 27.02 41.14
8586000
771.45 27.02 41.14
8593304
771.49 27.06 41.15
8600609
771.52 27.06 41.16
8607913
771.18 27.02 41.11
8615218
771.29 27.03 41.17
8622522
771.44 27.03 41.12
8629826
770.05 27.04 41.16
8637129
770.21 27.02 41.14
8644433
769.22 27.03 41.19
8651739
770.14 27.03 41.18
8659042
769.63 27.02 41.14
8666346
768.33 27.03 41.16
8673650
768.57 27.02 41.15
8680954
768.97 27.04 41.13
8688260
768.13 27.00 41.17
8695563
768.16 27.03 41.18
8702868
768.63 27.04 41.17
8710174
768.57 27.02 41.18
8717479
768.10 27.03 41.15
8724783
766.47 27.00 41.17
8732088
767.15 27.02 41.17
8739393
768.64 27.04 41.16
8746696
769.24 27.03 41.15
8754009
767.83 27.02 41.15
8761312
767.35 27.03 41.13
8768617
766.27 27.04 41.18
8775920
765.14 27.03 41.17
8783225
765.18 27.03 41.17
8790530
766.22 27.06 41.19
8797833
767.23 27.03 41.15
8805138
767.09 27.03 41.17
8812442
766.81 27.04 41.20
8819746
766.95 27.03 41.18
8827051
764.92 27.03 41.13
8834354
764.95 27.03 41.12
8841662
765.07 27.04 41.13
8848965
765.24 27.00 41.10
8856270
764.24 27.04 41.15
8863574
764.50 27.04 41.13
8870879
764.30 27.02 41.18
8878183
763.87 27.02 41.13
8885487
764.67 27.06 41.16
8892791
765.11 27.04 41.11
8900096
765.46 27.02 41.08
8907400
764.69 27.02 41.11
8914704
763.75 27.03 41.12
8922008
764.10 27.02 41.12
8929313
762.26 27.03 41.13
8936616
760.56 27.03 41.09
8943922
757.84 27.02 41.11
8951225
757.94 27.04 41.09
8958530
754.84 27.03 41.11
8965833
754.33 27.03 41.12
8973142
754.10 27.03 41.09
8980447
754.24 27.04 41.11
8987750
754.74 27.03 41.16
8995055
754.88 27.02 41.17
9002358
754.73 27.03 41.13
9009664
755.23 27.04 41.13
9016968
756.23 27.04 41.12
9024271
756.46 27.03 41.13
9031576
756.19 27.02 41.14
9038879
755.93 27.03 41.11
9046184
756.42 27.03 41.11
9053488
755.39 27.02 41.09
9060793
754.56 27.06 41.12
9068097
754.01 27.04 41.09
9075401
753.61 27.04 41.04
9082705
753.10 27.03 41.08
9090010
752.59 27.03 41.12
9097318
752.39 27.03 41.11
9104621
751.05 27.06 41.12
9111926
749.69 27.04 41.07
9119230
750.62 27.02 41.12
9126535
752.33 27.04 41.11
9133839
753.31 27.03 41.12
9141142
752.23 27.03 41.09
9148447
752.63 27.04 41.15
9155751
752.55 27.03 41.09
9163055
753.43 27.04 41.08
9170359
754.44 27.06 41.16
9177663
756.16 27.06 41.13
9184967
756.69 27.04 41.09
9192271
758.08 27.04 41.15
9199576
758.23 27.04 41.08
9206881
759.81 27.04 41.11
9214184
760.07 27.04 41.07
9221489
761.33 27.04 41.07
9228796
761.05 27.06 41.12
9236101
761.32 27.03 41.12
9243404
761.73 27.04 41.13
9250709
762.00 27.04 41.12
9258014
761.92 27.04 41.12
9265344
762.76 27.04 41.09
9272648
763.16 27.04 41.13
9279952
762.76 27.04 41.08
9287257
763.41 27.03 41.12
9294561
764.36 27.06 41.11
9301864
764.42 27.03 41.09
9309169
763.78 27.07 41.11
9316472
762.92 27.04 41.13
9323778
762.67 27.04 41.11
9331081
763.03 27.04 41.11
9338386
762.88 27.03 41.09
9345690
762.19 27.03 41.13
9352994
761.95 27.06 41.13
9360303
761.20 27.04 41.12
9367606
760.87 27.04 41.12
9374911
760.68 27.07 41.11
9382214
760.26 27.04 41.13
9389519
760.40 27.04 41.13
9396824
760.29 27.06 41.11
9404128
760.81 27.06 41.17
9411432
760.58 27.04 41.11
9418736
761.60 27.03 41.13
9426040
762.65 27.06 41.12
9433345
761.94 27.06 41.11
9440648
762.16 27.06 41.10
9447953
762.31 27.04 41.09
9455256
762.22 27.06 41.15
9462561
762.78 27.06 41.09
9469864
763.25 27.06 41.10
9477170
763.38 27.06 41.10
9484478
762.72 27.04 41.04
9491781
762.43 27.07 41.04
9499086
762.20 27.09 41.06
9506390
763.35 27.07 41.11
9513695
763.30 27.06 41.11
9520998
763.31 27.03 41.09
9528303
763.90 27.06 41.11
9535607
763.78 27.07 41.10
9542912
764.18 27.03 41.08
9550216
764.57 27.06 41.09
9557520
765.08 27.06 41.10
9564824
764.64 27.06 41.04
9572127
764.27 27.06 41.06
9579432
764.08 27.06 41.06
9586738
762.93 27.09 41.04
9594041
762.14 27.07 41.06
9601346
761.50 27.04 41.04
9608649
761.93 27.06 41.06
9615958
760.34 27.06 41.09
9623261
761.23 27.06 41.03
9630564
760.63 27.03 41.04
9637869
759.10 27.04 41.04
9645179
758.88 27.04 41.06
9652485
757.68 27.07 41.10
9659788
757.31 27.04 41.04
9667093
757.09 27.06 41.11
9674397
757.54 27.03 41.07
9681701
757.68 27.06 41.06
9689006
757.05 27.06 41.09
9696310
757.65 27.06 41.09
9703614
758.23 27.02 41.08
9710918
758.60 27.03 41.11
9718223
759.36 27.04 41.11
9725528
759.54 27.06 41.09
9732832
759.15 27.03 41.11
9740136
757.68 27.03 41.12
9747443
758.56 27.03 41.11
9754747
758.16 27.02 41.11
9762053
757.19 27.02 41.14
9769356
758.15 27.02 41.13
9776661
758.28 27.02 41.14
9783964
756.82 27.00 41.17
9791269
757.10 27.04 41.13
9798573
756.49 27.00 41.13
9805877
756.59 27.02 41.18
9813182
756.84 27.02 41.13
9820486
756.77 27.02 41.19
9827790
756.58 27.04 41.16
9835095
755.35 27.02 41.18
9842399
755.56 27.02 41.13
9849703
756.16 27.02 41.17
9857007
757.02 27.00 41.17
9864312
756.84 27.02 41.19
9871619
757.80 27.02 41.12
9878924
757.36 27.03 41.13
9886227
757.42 27.00 41.13
9893532
757.91 27.03 41.16
9900837
758.53 27.03 41.16
9908141
759.17 27.03 41.16
9915446
759.45 27.02 41.15
9922749
758.95 27.00 41.13
9930054
759.01 27.02 41.18
9937357
758.40 27.03 41.12
9944663
759.16 27.03 41.08
9951967
758.57 27.02 41.13
9959270
758.76 27.03 41.08
9966575
758.12 27.00 41.17
9973878
758.88 27.04 41.13
9981184
758.87 27.04 41.08
9988487
758.00 27.02 41.13
9995792
757.87 27.03 41.11
10003100
758.08 27.02 41.13
10010403
757.82 27.03 41.12
10017709
757.15 27.03 41.11
10025012
757.23 27.03 41.08
10032317
757.49 27.04 41.12
10039647
757.57 27.04 41.11
10046952
757.12 27.00 41.10
10054257
755.55 27.02 41.08
10061560
755.26 26.99 41.11
10068866
755.74 27.03 41.08
10076169
754.73 27.03 41.11
10083474
755.26 27.03 41.04
10090777
754.77 27.00 41.10
10098081
754.68 27.03 41.12
10105387
753.46 26.99 41.08
10112690
752.64 27.04 41.08
10119995
751.14 27.02 41.13
10127301
750.43 27.04 41.11
10134606
750.17 27.02 41.12
10141912
749.98 27.00 41.11
10149215
749.55 27.02 41.11
10156520
749.22 27.02 41.12
10163824
749.11 27.02 41.08
10171128
749.68 26.99 41.11
10178433
750.43 27.00 41.06
10185737
750.38 27.02 41.06
10193041
750.38 27.03 41.11
10200344
751.79 27.00 41.06
10207649
751.47 27.03 41.09
10214952
751.80 26.99 41.09
10222258
752.29 27.00 41.10
10229561
753.06 27.02 41.09
10236866
752.97 27.00 41.10
10244171
752.65 27.00 41.08
10251478
752.44 27.00 41.05
10258783
751.54 27.02 41.08
10266086
751.16 27.00 41.08
10273391
750.96 27.00 41.08
10280695
749.68 27.00 41.06
10288000
750.08 27.00 41.10
10295305
749.32 26.97 41.07
10302608
749.01 27.00 41.11
10309913
747.99 27.00 41.09
10317216
747.63 26.99 41.08
10324521
748.04 26.99 41.06
10331825
747.02 26.99 41.09
10339129
747.28 26.99 41.05
10346433
746.78 26.99 41.06
10353737
745.66 27.00 41.08
10361041
743.58 26.99 41.08
10368346
742.26 27.00 41.09
10375654
741.02 27.00 41.01
10382957
740.13 26.95 41.06
10390261
740.60 26.99 41.02
10397565
741.14 26.97 41.02
10404869
741.51 26.99 41.06
10412174
742.69 26.97 41.04
10419477
742.20 26.97 41.07
10426782
743.53 26.97 41.05
10434087
742.60 26.99 41.06
10441391
742.85 26.97 41.06
10448696
742.14 26.97 41.11
10455999
739.94 26.96 41.09
10463304
738.80 26.97 41.09
10470607
738.07 26.96 41.16
10477913
737.64 26.96 41.15
10485217
738.46 26.96 41.09
10492521
739.86 26.96 41.14
10499829
739.15 26.97 41.10
10507132
739.34 26.97 41.09
10514438
739.92 26.96 41.11
10521742
739.50 26.97 41.10
10529045
739.21 26.96 41.05
10536357
738.76 26.99 41.11
10543661
738.50 27.00 41.11
10550966
738.64 26.97 41.07
10558269
737.91 26.97 41.09
10565574
737.47 26.99 41.11
10572877
737.25 26.99 41.14
10580182
737.61 26.99 41.11
10587487
737.06 26.97 41.05
10594790
737.34 27.00 41.06
10602095
736.83 27.00 41.04
10609398
736.99 27.00 41.01
10616704
736.97 27.00 41.04
10624011
737.04 26.99 40.99
10631315
736.95 27.00 41.00
10638619
739.68 27.00 40.99
10645923
740.34 26.99 40.99
10653229
738.95 27.00 41.04
10660532
738.77 26.99 41.00
10667837
738.02 26.99 41.01
10675141
737.69 26.99 40.99
10682445
737.73 26.99 40.96
10689750
736.80 26.99 41.01
10697054
736.80 26.97 40.96
10704359
738.28 26.97 41.04
10711662
739.70 26.95 41.02
10718967
740.27 27.00 41.00
10726272
740.99 26.99 40.99
10733576
740.74 27.00 40.99
10740880
740.70 26.97 40.99
10748187
740.19 27.00 41.03
10755492
739.05 27.00 40.99
10762796
738.57 26.99 40.99
10770099
738.79 26.97 40.99
10777404
739.37 26.99 41.02
10784707
738.12 27.00 40.98
10792012
736.65 26.99 41.00
10799315
736.95 27.02 40.99
10806621
737.04 27.00 41.01
10813926
735.75 27.00 41.00
10821256
735.23 27.02 40.99
10828561
732.86 27.00 40.99
10835864
733.53 26.99 40.99
10843169
734.59 27.03 41.00
10850472
733.35 27.00 41.03
10857778
732.21 27.00 41.00
10865083
732.53 26.99 41.00
10872389
732.41 27.00 41.00
10879694
733.08 27.00 40.99
10886998
733.02 27.00 41.03
10894303
732.54 26.99 40.95
10901606
732.94 27.02 41.00
10908910
733.46 27.02 41.03
10916215
733.71 27.00 40.98
10923520
735.07 27.00 40.96
10930824
734.42 26.99 40.99
10938127
733.59 27.02 40.98
10945432
733.56 27.03 40.95
10952736
733.37 27.00 40.95
10960039
732.75 26.99 40.96
10967345
732.04 27.00 41.00
10974648
732.75 27.02 40.94
10981953
732.84 27.00 40.95
10989256
731.49 27.02 40.99
10996564
731.25 26.99 40.96
11003870
732.16 27.02 40.99
11011173
731.87 27.00 40.95
11018478
732.20 27.02 40.94
11025781
732.47 26.97 40.92
11033086
731.51 27.03 40.97
11040390
729.81 26.97 40.95
11047695
728.83 26.97 40.95
11054999
728.71 27.00 40.95
11062303
728.90 27.00 40.93
11069607
728.22 27.00 40.98
11076911
729.13 27.00 40.95
11084216
729.64 26.99 40.97
11091519
729.84 26.97 40.99
11098824
730.56 26.99 40.92
11106129
731.26 26.97 40.99
11113433
731.41 26.97 40.96
11120741
732.21 26.99 40.97
11128044
732.35 26.97 40.95
11135349
732.67 26.99 40.97
11142653
732.47 26.99 41.00
11149957
732.66 26.97 40.99
11157262
733.49 26.97 41.01
11164565
732.82 26.97 41.01
11171870
732.09 26.96 41.01
11179173
732.40 26.96 41.00
11186479
732.54 26.95 40.97
11193782
731.92 26.99 41.00
11201085
732.33 26.97 41.02
11208390
732.53 26.96 41.06
11215693
731.82 26.96 41.01
11222999
732.21 26.96 41.00
11230302
733.26 26.99 41.00
11237607
733.66 26.97 40.99
11244912
734.09 26.97 41.00
11252218
733.96 26.95 40.96
11259524
734.64 26.96 41.01
11266828
735.08 26.97 40.92
11274132
735.52 26.96 40.99
11281436
736.48 26.95 40.98
11288740
737.12 27.00 41.00
11296046
736.74 27.00 41.00
11303349
736.19 26.96 41.03
11310654
736.73 26.99 41.00
11317957
736.19 26.97 40.97
11325262
736.60 26.97 40.96
11332566
736.56 26.97 40.97
11339871
736.83 26.99 40.97
11347175
736.76 26.96 40.94
11354479
737.81 26.96 40.92
11361783
737.92 26.99 40.93
11369088
737.96 26.95 40.92
11376396
737.65 26.96 40.92
11383699
738.16 26.96 40.97
11391004
737.13 26.97 40.92
11398309
737.47 26.95 40.97
11405613
738.40 26.97 41.00
11412918
737.98 26.96 40.92
11420221
737.95 26.93 40.93
11427533
737.20 26.97 40.96
11434836
737.25 26.95 40.94
11442142
737.05 26.97 40.96
11449446
736.91 26.96 40.96
11456749
735.26 26.95 40.98
11464054
732.82 26.95 40.99
11471357
732.67 26.97 41.00
11478663
732.67 26.99 40.97
11485966
733.51 26.93 40.94
11493270
733.06 26.96 40.96
11500578
732.18 26.97 40.90
11507881
732.61 26.97 40.93
11515187
733.09 26.97 40.91
11522490
732.48 26.95 40.89
11529794
732.94 26.95 40.88
11537098
733.08 26.95 40.89
11544402
732.35 26.96 40.87
11551708
733.21 26.96 40.87
11559011
734.00 26.95 40.87
11566316
733.61 26.93 40.88
11573619
734.11 26.92 40.88
11580924
733.91 26.93 40.83
11588228
733.55 26.92 40.89
11595557
733.59 26.92 40.88
11602863
732.81 26.92 40.90
11610167
731.32 26.93 40.88
11617471
730.84 26.92 40.93
11624778
731.67 26.93 40.94
11632083
731.91 26.92 40.93
11639388
732.36 26.92 40.95
11646692
731.90 26.95 40.96
11653996
731.88 26.92 40.93
11661300
731.39 26.90 40.95
11668605
731.81 26.93 40.90
11675909
732.79 26.93 40.92
11683214
733.07 26.92 40.89
11690518
732.37 26.92 40.95
11697822
731.68 26.93 40.94
11705126
730.56 26.92 40.93
11712431
730.24 26.93 40.90
11719735
731.08 26.93 40.90
11727039
731.38 26.93 40.93
11734343
731.31 26.93 40.99
11741648
730.83 26.92 40.93
11748956
731.83 26.93 40.98
11756261
733.14 26.90 40.98
11763564
734.04 26.92 40.98
11770869
734.62 26.93 40.94
11778172
735.12 26.93 40.95
11785476
735.09 26.93 40.97
11792781
734.51 26.93 40.95
11800085
734.66 26.92 40.98
11807389
733.72 26.93 40.95
11814693
734.21 26.90 40.96
11821998
733.94 26.93 40.97
11829303
733.51 26.95 40.94
11836606
733.15 26.92 40.96
11843911
732.09 26.93 40.97
11851214
731.16 26.90 40.99
11858520
729.14 26.93 40.98
11865823
727.78 26.90 41.01
11873131
726.83 26.92 40.95
11880436
727.87 26.92 40.92
11887739
727.53 26.92 40.92
11895045
728.62 26.92 40.94
11902348
727.20 26.93 40.92
11909653
725.92 26.93 40.94
11916956
726.20 26.95 40.94
11924261
725.40 26.95 40.93
11931566
725.96 26.93 40.92
11938870
726.06 26.95 40.92
11946174
727.43 26.95 40.94
11953478
729.11 26.95 40.94
11960782
726.86 26.95 40.96
11968087
727.63 26.93 40.97
11975391
727.87 26.95 40.96
11982696
728.90 26.93 40.98
11989999
727.97 26.93 40.92
11997307
727.90 26.95 40.94
12004612
728.27 26.96 40.97
12011916
729.75 26.93 40.92
12019220
730.22 26.95 40.96
12026524
730.19 26.95 40.93
12033829
729.74 26.95 40.93
12041133
728.63 26.96 40.96
12048438
728.08 26.97 40.92
12055741
728.90 26.95 40.93
12063046
729.16 26.93 40.93
12070349
729.24 26.96 40.90
12077655
729.51 26.93 40.88
12084959
730.43 26.96 40.91
12092263
731.43 26.93 40.97
12099567
731.86 26.95 40.90
12106871
732.18 26.95 40.87
12114176
731.41 26.93 40.87
12121483
731.42 26.95 40.93
12128787
731.74 26.96 40.91
12136092
730.56 26.95 40.92
12143395
730.51 26.93 40.93
12150701
730.35 26.95 40.92
12158004
730.82 26.93 40.93
12165309
730.04 26.96 40.96
12172612
729.46 26.92 40.94
12179915
730.22 26.96 40.90
12187220
730.53 26.93 40.97
12194524
731.12 26.96 40.94
12201829
731.26 26.95 40.92
12209132
731.97 26.95 40.92
12216437
731.76 26.96 40.87
12223741
733.01 26.96 40.88
12231045
733.48 26.93 40.90
12238350
733.20 26.93 40.89
12245656
733.47 26.96 40.94
12252961
733.04 26.96 40.90
12260264
733.05 26.96 40.90
12267570
733.57 26.93 40.90
12274875
734.07 26.96 40.87
12282178
734.73 26.96 40.93
12289483
734.06 26.96 40.83
12296786
734.23 26.96 40.90
12304092
734.90 26.93 40.93
12311395
734.84 26.96 40.94
12318707
734.35 26.95 40.89
12326011
734.25 26.96 40.88
12333316
733.83 26.96 40.87
12340621
734.17 26.99 40.90
12347924
735.02 26.96 40.84
12355229
735.16 26.95 40.86
12362532
734.57 26.96 40.88
12369866
733.52 26.97 40.90
12377171
732.85 26.97 40.87
12384476
733.17 26.99 40.91
12391780
733.90 26.96 40.88
12399084
733.18 26.99 40.87
12406389
733.30 26.97 40.90
12413692
733.59 26.96 40.83
12420996
733.54 26.97 40.86
12428301
732.56 26.99 40.88
12435605
732.70 26.97 40.84
12442909
733.57 26.96 40.88
12450213
733.65 26.96 40.86
12457519
734.41 27.00 40.84
12464823
735.04 26.96 40.83
12472127
735.08 26.96 40.86
12479431
735.24 26.99 40.88
12486735
734.41 26.97 40.82
12494044
733.32 26.97 40.86
12501347
733.13 26.96 40.87
12508652
733.78 26.97 40.82
12515957
733.39 26.97 40.81
12523260
733.97 26.97 40.88
12530566
734.32 26.97 40.87
12537870
733.86 26.96 40.88
12545174
732.58 26.96 40.83
12552478
732.04 26.99 40.88
12559782
730.75 26.96 40.84
12567088
731.18 26.97 40.87
12574391
730.85 26.96 40.86
12581696
731.07 26.96 40.86
12589000
729.84 26.95 40.84
12596305
728.71 26.99 40.86
12603609
727.64 26.95 40.86
12610913
729.33 26.96 40.86
12618221
729.70 26.96 40.88
12625524
729.81 26.95 40.87
12632829
729.59 26.95 40.88
12640133
730.42 26.95 40.84
12647438
730.41 26.97 40.88
12654743
729.47 26.96 40.88
12662046
729.59 26.95 40.90
12669351
729.47 26.96 40.86
12676655
730.62 26.96 40.90
12683960
731.30 26.96 40.90
12691264
731.87 26.93 40.89
12698568
732.81 26.96 40.92
12705873
734.32 26.97 40.90
12713178
734.94 26.96 40.90
12720482
735.14 26.96 40.91
12727786
735.32 26.97 40.88
12735090
736.68 26.95 40.87
12742397
737.52 26.96 40.84
12749704
738.94 26.96 40.87
12757009
738.80 26.96 40.87
12764312
738.50 26.95 40.88
12771617
738.88 26.95 40.88
12778920
738.62 26.96 40.88
12786226
739.40 26.96 40.88
12793530
739.08 26.96 40.87
12800833
737.78 26.97 40.90
12808138
736.25 26.96 40.84
12815441
736.08 26.96 40.87
12822747
735.16 26.96 40.86
12830050
735.28 26.97 40.88
12837355
735.03 26.96 40.88
12844660
734.44 26.97 40.87
12851963
734.39 26.96 40.86
12859269
734.79 26.95 40.90
12866576
735.15 26.95 40.87
12873880
735.28 26.95 40.88
12881184
733.63 26.93 40.87
12888488
734.41 26.95 40.84
12895794
732.42 26.96 40.91
12903098
731.21 26.95 40.84
12910402
731.29 26.93 40.85
12917706
730.27 26.95 40.84
12925011
730.18 26.96 40.90
12932315
728.89 26.95 40.83
12939618
727.81 26.93 40.81
12946923
727.01 26.96 40.87
12954227
726.95 26.95 40.84
12961531
728.12 26.93 40.85
12968836
728.98 26.95 40.90
12976141
728.88 26.92 40.89
12983445
729.18 26.92 40.92
12990752
729.23 26.93 40.89
12998057
728.61 26.96 40.90
13005361
727.53 26.95 40.87
13012666
726.98 26.92 40.85
13019969
726.05 26.92 40.84
13027274
724.30 26.93 40.88
13034579
723.21 26.93 40.93
13041883
723.35 26.93 40.90
13049188
723.86 26.92 40.92
13056491
725.78 26.90 40.93
13063796
725.73 26.90 40.90
13071099
721.47 26.92 40.94
13078404
721.30 26.90 40.90
13085708
721.48 26.92 40.93
13093012
720.82 26.93 40.94
13100317
718.80 26.90 40.96
13107620
718.05 26.92 40.90
13114926
719.38 26.92 40.95
13122234
719.49 26.93 40.90
13129537
720.64 26.92 40.92
13136842
721.56 26.92 40.94
13144173
721.81 26.93 40.97
13151477
722.21 26.95 40.88
13158781
721.65 26.90 40.91
13166087
722.30 26.93 40.93
13173391
722.45 26.89 40.95
13180695
723.23 26.92 40.94
13187999
724.01 26.92 40.96
13195303
724.08 26.89 40.94
13202615
723.18 26.92 40.94
13209919
723.88 26.93 40.95
13217224
724.15 26.90 40.95
13224528
723.62 26.90 40.98
13231833
724.21 26.90 40.94
13239138
726.73 26.90 40.93
13246444
726.78 26.92 40.90
13253749
726.72 26.89 40.95
13261052
726.70 26.90 40.94
13268358
727.95 26.89 40.94
13275663
729.05 26.90 40.91
13282966
729.65 26.90 40.93
13290271
729.30 26.90 40.95
13297574
729.46 26.87 40.92
13304880
729.74 26.90 40.93
13312183
729.53 26.90 40.95
13319488
729.62 26.89 40.96
13326793
730.01 26.89 40.98
13334096
730.25 26.90 40.93
13341402
730.72 26.89 40.95
13348705
731.24 26.87 40.96
13356010
730.77 26.89 40.95
13363314
729.76 26.87 40.96
13370622
729.64 26.89 40.96
13377926
729.39 26.89 40.99
13385230
728.91 26.87 40.95
13392534
728.65 26.90 40.94
13399838
729.21 26.86 40.95
13407142
731.53 26.87 40.95
13414447
732.07 26.89 40.98
13421751
732.35 26.86 41.00
13429056
732.02 26.89 40.96
13436360
731.35 26.90 40.96
13443664
728.79 26.87 40.96
13450969
728.67 26.86 40.95
13458273
729.01 26.86 40.96
13465577
729.41 26.89 40.96
13472882
729.44 26.87 40.96
13480186
728.67 26.87 40.93
13487491
728.04 26.87 40.98
13494799
728.43 26.86 40.95
13502102
728.25 26.86 40.95
13509407
728.37 26.87 40.99
13516710
727.97 26.89 40.98
13524015
727.07 26.87 40.95
13531319
727.52 26.87 40.93
13538623
727.85 26.89 40.99
13545928
727.50 26.87 40.98
13553231
727.98 26.87 40.96
13560537
727.61 26.87 40.98
13567842
727.45 26.87 40.92
13575145
726.92 26.89 40.99
13582450
727.22 26.87 40.92
13589753
726.50 26.89 40.95
13597059
726.65 26.89 40.96
13604362
726.17 26.87 40.93
13611667
725.67 26.85 40.92
13618975
725.23 26.86 40.91
13626279
724.97 26.90 40.94
13633584
724.93 26.89 40.95
13640888
725.71 26.89 40.95
13648192
726.11 26.87 40.93
13655496
726.59 26.90 40.94
13662801
725.42 26.86 40.91
13670106
724.29 26.87 40.91
13677410
724.73 26.87 40.91
13684715
724.55 26.87 40.90
13692018
724.03 26.89 40.90
13699323
725.42 26.87 40.90
13706627
724.06 26.89 40.93
13713931
725.17 26.87 40.92
13721235
725.82 26.89 40.90
13728539
725.85 26.87 40.91
13735844
726.53 26.87 40.98
13743151
726.04 26.85 40.92
13750456
725.71 26.87 40.95
13757759
725.48 26.87 40.95
13765063
725.35 26.89 40.93
13772368
726.40 26.85 40.92
13779672
726.91 26.86 40.93
13786977
725.74 26.86 40.93
13794280
726.02 26.87 40.95
13801585
726.81 26.87 40.95
13808889
726.75 26.87 41.00
13816193
726.70 26.86 40.99
13823498
726.58 26.86 40.97
13830801
726.68 26.86 40.99
13838106
727.82 26.85 40.93
13845409
728.46 26.87 40.91
13852715
727.86 26.86 40.96
13860020
727.49 26.85 40.96
13867326
726.97 26.85 40.95
13874631
726.91 26.85 41.02
13881934
725.82 26.85 41.00
13889240
724.37 26.85 41.00
13896543
724.53 26.85 41.00
13903848
725.03 26.86 40.99
13911153
725.14 26.87 41.00
13918484
725.15 26.85 41.04
13925788
724.72 26.86 41.02
13933092
725.72 26.87 41.02
13940398
726.52 26.87 41.04
13947701
726.48 26.87 41.05
13955006
726.42 26.86 41.05
13962309
726.29 26.86 41.09
13969613
726.19 26.86 41.05
13976918
725.85 26.87 41.05
13984222
726.74 26.85 41.05
13991530
726.58 26.86 41.01
13998833
726.90 26.86 41.04
14006138
727.01 26.86 41.05
14013443
727.32 26.87 41.04
14020747
727.54 26.90 41.00
14028051
727.22 26.89 40.98
14035355
727.36 26.87 41.02
14042660
728.31 26.89 40.95
14049964
728.44 26.90 40.96
14057269
728.43 26.90 40.98
14064573
728.41 26.89 40.95
14071877
728.50 26.90 40.93
14079182
729.11 26.90 40.90
14086486
729.46 26.87 40.96
14093798
729.68 26.87 40.90
14101101
730.94 26.87 40.96
14108405
731.47 26.90 40.94
14115713
731.86 26.90 40.93
14123017
731.59 26.87 40.92
14130322
730.91 26.92 40.95
14137625
730.64 26.87 40.91
14144930
731.46 26.90 40.91
14152236
731.97 26.90 40.91
14159539
731.87 26.89 40.89
14166844
730.44 26.93 40.88
14174147
729.56 26.89 40.90
14181452
729.92 26.90 40.90
14188755
730.87 26.90 40.89
14196061
730.98 26.87 40.89
14203365
730.71 26.90 40.90
14210669
730.41 26.90 40.88
14217973
731.17 26.89 40.89
14225277
732.56 26.90 40.91
14232583
732.59 26.87 40.87
14239889
732.56 26.89 40.90
14247194
732.82 26.89 40.87
14254499
733.27 26.89 40.90
14261803
733.48 26.89 40.91
14269108
733.09 26.87 40.87
14276411
733.13 26.87 40.87
14283716
733.48 26.89 40.91
14291020
732.48 26.89 40.93
14298323
732.59 26.87 40.90
14305629
731.68 26.90 40.94
14312932
731.08 26.87 40.92
14320237
730.28 26.87 40.91
14327540
730.45 26.86 40.90
14334845
729.75 26.86 40.91
14342154
729.24 26.87 40.93
14349458
728.37 26.89 40.95
14356762
726.70 26.87 40.93
14364069
725.90 26.86 40.93
14371375
726.04 26.90 40.89
14378678
725.43 26.89 40.94
14385983
725.15 26.90 40.89
14393287
724.94 26.90 40.90
14400591
725.45 26.87 40.90
14407896
725.53 26.89 40.94
14415200
725.41 26.87 40.90
14422504
725.69 26.87 40.91
14429808
726.02 26.89 40.94
14437113
724.53 26.86 40.93
14444418
724.62 26.86 40.97
14451722
724.01 26.89 40.89
14459027
723.68 26.87 40.91
14466330
724.47 26.86 40.90
14473635
725.32 26.85 40.97
14480939
726.47 26.87 40.93
14488246
727.17 26.87 40.98
14495551
727.97 26.87 40.95
14502854
728.56 26.85 40.91
14510159
729.77 26.89 40.95
14517463
729.14 26.89 40.94
14524768
727.96 26.86 40.99
14532073
727.20 26.89 40.94
14539376
727.63 26.87 40.98
14546681
726.69 26.86 40.95
14553985
725.64 26.87 40.99
14561290
726.37 26.87 40.91
14568593
726.51 26.90 40.93
14575898
727.23 26.89 40.94
14583203
726.16 26.87 40.91
14590507
726.07 26.87 40.92
14597812
726.02 26.89 40.89
14605115
726.09 26.89 40.91
14612423
726.09 26.86 40.95
14619727
725.77 26.89 40.95
14627031
725.41 26.89 40.94
14634336
725.11 26.90 40.93
14641639
725.26 26.87 40.89
14648944
725.39 26.87 40.92
14656247
724.60 26.89 40.89
14663553
724.80 26.89 40.90
14670857
723.94 26.90 40.91
14678161
724.44 26.85 40.89
14685466
724.48 26.87 40.89
14692796
724.28 26.87 40.91
14700101
724.60 26.85 40.89
14707405
725.04 26.87 40.95
14714710
724.76 26.83 40.92
14722015
724.84 26.85 40.93
14729318
725.82 26.85 40.93
14736626
726.68 26.83 40.91
14743930
726.42 26.83 40.88
14751235
726.12 26.86 40.90
14758539
726.06 26.85 40.95
14765843
726.52 26.85 40.96
14773148
726.98 26.86 40.93
14780452
727.63 26.85 40.95
14787757
728.28 26.85 40.95
14795061
728.21 26.83 40.92
14802365
728.61 26.83 40.98
14809669
728.24 26.83 40.97
14816973
728.77 26.81 40.99
14824279
729.39 26.82 41.00
14831582
729.50 26.83 41.01
14838887
729.23 26.82 41.02
14846190
727.48 26.82 40.99
14853495
727.16 26.81 40.97
14860803
727.91 26.83 41.01
14868106
727.62 26.81 41.00
14875411
728.20 26.83 41.00
14882714
727.60 26.82 41.00
14890019
727.77 26.83 41.01
14897323
728.06 26.83 41.03
14904628
727.23 26.82 40.99
14911933
726.19 26.82 40.95
14919236
724.93 26.82 40.97
14926541
726.31 26.81 40.98
14933844
726.48 26.81 40.98
14941150
725.43 26.82 40.97
14948453
725.72 26.85 40.97
14955758
726.39 26.79 40.99
14963063
726.25 26.82 40.99
14970366
725.71 26.81 41.00
14977672
725.88 26.81 41.00
14984982
726.80 26.81 40.99
14992290
726.77 26.82 40.99
14999593
726.85 26.81 41.00
15006898
727.35 26.81 41.06
15014202
727.14 26.82 41.00
15021506
726.54 26.81 40.97
15028811
726.31 26.82 41.02
15036114
726.62 26.82 41.02
15043420
726.98 26.82 41.00
15050724
726.42 26.81 40.99
15058028
725.43 26.79 41.01
15065332
725.36 26.81 41.02
15072636
725.90 26.81 40.99
15079941
724.98 26.82 41.00
15087245
726.35 26.83 41.01
15094548
726.87 26.81 41.06
15101853
725.87 26.82 41.02
15109156
725.83 26.81 41.02
15116465
725.77 26.81 40.99
15123769
726.67 26.83 41.06
15131073
726.62 26.82 41.04
15138378
725.28 26.82 40.97
15145682
724.39 26.79 41.00
15152987
722.54 26.81 41.00
15160291
722.13 26.81 41.00
15167595
722.34 26.82 41.04
15174899
722.84 26.82 41.02
15182203
721.47 26.82 41.09
15189509
721.36 26.79 41.04
15196812
722.64 26.81 41.03
15204117
721.80 26.81 41.04
15211420
721.69 26.82 41.06
15218725
722.78 26.79 41.07
15226029
721.58 26.82 41.11
15233333
720.64 26.82 41.09
15240641
720.46 26.82 41.11
15247944
722.26 26.81 41.08
15255249
721.48 26.83 41.04
15262553
721.24 26.82 41.11
15269858
720.87 26.82 41.04
15277163
720.09 26.83 41.06
15284466
720.23 26.83 41.09
15291771
720.82 26.82 41.03
15299075
720.42 26.85 41.04
15306380
721.00 26.82 41.06
15313683
720.35 26.86 41.10
15320988
720.12 26.83 41.03
15328292
719.50 26.83 41.02
15335597
718.80 26.83 41.02
15342901
718.60 26.83 41.02
15350205
720.47 26.86 41.02
15357509
720.48 26.86 40.99
15364816
719.72 26.86 40.95
15372120
718.69 26.85 41.00
15379425
718.39 26.85 40.93
15386729
718.38 26.83 40.93
15394033
719.09 26.86 40.95
15401337
718.19 26.85 40.98
15408642
718.29 26.85 40.93
15415947
718.42 26.86 40.93
15423250
718.66 26.85 40.93
15430555
718.77 26.87 40.95
15437858
717.83 26.85 40.93
15445164
717.28 26.86 40.95
15452467
717.03 26.87 40.96
15459772
716.78 26.86 40.99
15467104
716.76 26.87 40.92
15474408
716.69 26.86 40.95
15481712
716.75 26.87 40.87
15489019
716.85 26.86 40.95
15496324
718.45 26.89 40.96
15503628
718.32 26.86 40.93
15510932
718.84 26.85 40.96
15518237
717.73 26.85 40.92
15525541
717.48 26.86 40.95
15532846
717.52 26.86 40.91
15540150
717.19 26.85 40.92
15547454
717.28 26.87 40.91
15554758
718.67 26.89 40.95
15562061
717.06 26.87 40.91
15569367
717.56 26.86 40.92
15576670
718.26 26.87 40.93
15583975
717.72 26.87 40.90
15591278
717.76 26.86 40.91
15598583
718.19 26.87 40.93
15605888
717.87 26.89 40.95
15613195
719.18 26.87 40.90
15620499
718.69 26.86 40.91
15627803
718.39 26.87 40.92
15635108
717.88 26.86 40.88
15642412
718.95 26.85 40.91
15649717
720.45 26.86 40.95
15657021
720.71 26.86 40.88
15664325
720.66 26.86 40.92
15671629
719.95 26.85 40.93
15678934
720.41 26.87 40.92
15686238
719.53 26.85 40.97
15693542
720.04 26.87 40.95
15700845
719.32 26.87 40.99
15708150
720.25 26.86 40.96
15715453
721.33 26.86 40.99
15722759
723.04 26.86 41.00
15730063
722.69 26.87 40.95
15737371
723.68 26.87 40.98
15744674
724.71 26.87 40.96
15751977
725.13 26.89 40.99
15759283
725.12 26.86 40.99
15766586
725.62 26.89 40.98
15773891
725.32 26.90 40.91
15781194
725.04 26.87 40.95
15788499
725.61 26.89 40.90
15795805
725.18 26.86 40.87
15803108
725.46 26.89 40.91
15810413
726.76 26.87 40.90
15817716
727.12 26.86 40.88
15825021
728.19 26.87 40.91
15832325
727.73 26.86 40.90
15839630
726.27 26.86 40.91
15846934
727.90 26.87 40.95
15854237
728.29 26.90 40.93
15861545
729.74 26.87 40.92
15868850
729.55 26.90 40.95
15876161
729.24 26.89 40.93
15883465
728.71 26.86 40.95
15890769
728.67 26.89 40.91
15898075
729.47 26.89 40.90
15905378
729.52 26.89 40.89
15912683
730.48 26.89 40.86
15919986
729.74 26.87 40.90
15927291
730.06 26.89 40.87
15934596
728.50 26.87 40.87
15941900
727.98 26.86 40.91
15949204
727.68 26.85 40.87
15956508
728.64 26.89 40.87
15963812
727.85 26.86 40.87
15971117
729.00 26.89 40.86
15978422
729.59 26.87 40.85
15985730
729.58 26.86 40.86
15993033
729.80 26.89 40.90
16000338
729.86 26.87 40.81
16007642
729.67 26.89 40.85
16014947
728.93 26.86 40.87
16022250
728.65 26.89 40.91
16029555
728.85 26.89 40.89
16036859
729.35 26.86 40.88
16044163
728.85 26.86 40.87
16051468
726.63 26.87 40.87
16058771
727.27 26.85 40.91
16066076
727.16 26.86 40.88
16073379
726.27 26.87 40.93
16080685
726.79 26.89 40.89
16087990
726.93 26.89 40.89
16095293
727.01 26.87 40.92
16102598
728.18 26.87 40.87
16109904
727.89 26.87 40.86
16117210
729.12 26.87 40.86
16124513
729.88 26.87 40.86
16131816
730.16 26.86 40.87
16139121
730.35 26.87 40.86
16146424
730.54 26.89 40.84
16153730
730.19 26.87 40.86
16161033
729.45 26.89 40.87
16168337
729.26 26.89 40.85
16175642
728.97 26.87 40.85
16182945
727.87 26.87 40.86
16190251
728.05 26.89 40.82
16197554
727.80 26.87 40.86
16204858
729.30 26.87 40.83
16212162
729.00 26.89 40.81
16219466
728.85 26.89 40.82
16226771
729.48 26.86 40.85
16234087
728.00 26.89 40.85
16241420
728.41 26.87 40.87
16248723
730.05 26.87 40.85
16256028
730.49 26.89 40.86
16263331
731.94 26.89 40.89
16270637
729.94 26.87 40.91
16277941
727.89 26.83 40.87
16285245
725.42 26.85 40.87
16292550
725.64 26.87 40.90
16299853
726.33 26.87 40.90
16307159
726.25 26.86 40.93
16314462
724.04 26.85 40.88
16321767
723.44 26.87 40.89
16329071
722.14 26.89 40.90
16336375
722.10 26.86 40.91
16343681
723.72 26.87 40.95
16350984
724.57 26.86 40.91
16358292
725.98 26.89 40.91
16365595
725.43 26.87 40.86
16372900
