609.06 24.57 44.28
14775
610.07 24.58 44.24
16840
612.28 24.60 44.23
18864
615.01 24.64 44.20
20887
616.24 24.65 44.16
22910
618.79 24.71 44.11
24933
620.59 24.71 44.02
26958
620.69 24.74 44.01
28983
621.99 24.75 44.00
31007
615.00 24.77 43.95
33032
608.67 24.81 43.90
35056
602.69 24.82 43.88
37081
594.00 24.83 43.84
39106
570.93 24.86 43.88
41129
534.52 24.88 43.85
43154
516.55 24.89 43.80
45178
486.92 24.91 43.77
47455
485.80 24.95 43.69
52996
490.91 24.95 43.64
55020
492.74 24.98 43.64
57047
490.10 25.01 43.65
59070
490.36 25.01 43.61
61093
490.03 24.99 43.58
63117
491.38 25.03 43.58
65139
491.04 25.02 43.56
67163
492.77 25.06 43.55
69186
488.70 25.08 43.50
71209
488.38 25.09 43.54
73233
489.87 25.10 43.46
75507
487.56 25.16 43.29
82809
487.94 25.19 43.26
90110
486.35 25.23 43.20
97412
486.25 25.26 43.26
104714
485.28 25.29 43.26
112017
484.50 25.34 43.15
119318
484.77 25.37 43.07
126619
485.54 25.39 42.85
133921
484.98 25.41 42.82
141224
484.58 25.46 42.75
148529
484.65 25.47 42.64
155831
485.50 25.48 42.58
163133
485.95 25.51 42.52
170435
486.06 25.57 42.55
177737
486.49 25.57 42.44
185038
486.70 25.60 42.34
192339
487.06 25.61 42.27
199642
487.41 25.63 42.29
206945
487.90 25.66 42.27
214246
487.76 25.68 42.17
221547
487.72 25.71 42.11
228849
487.33 25.74 42.08
236152
486.42 25.74 42.02
243453
485.57 25.75 41.96
250755
485.14 25.80 41.95
258057
485.63 25.80 41.98
265360
485.51 25.83 41.98
272661
485.39 25.83 41.92
279962
485.50 25.87 41.91
287262
485.63 25.85 41.91
294565
485.48 25.88 41.82
301867
485.72 25.89 41.89
309168
486.30 25.91 41.94
316470
486.99 25.91 41.90
323772
487.32 25.94 41.97
331074
487.05 25.95 41.85
338375
487.20 25.96 41.80
345676
486.79 25.96 41.75
352979
486.53 25.99 41.70
360282
486.92 25.99 41.66
367583
487.62 26.02 41.69
374884
487.53 26.04 41.78
382187
488.54 26.05 41.78
389489
488.85 26.05 41.84
396790
489.55 26.05 41.78
404092
490.27 26.05 41.77
411395
489.79 26.06 41.77
418701
489.39 26.11 41.84
426002
488.81 26.08 41.81
433303
489.09 26.11 41.79
440611
489.58 26.15 41.79
447913
490.36 26.16 41.79
455215
490.66 26.16 41.74
462516
490.79 26.16 41.64
469817
491.72 26.16 41.53
477120
491.79 26.19 41.47
484422
492.32 26.22 41.43
491723
492.47 26.19 41.38
499024
492.58 26.22 41.45
506328
492.60 26.23 41.42
513630
492.83 26.22 41.47
520931
493.07 26.23 41.45
528232
492.24 26.23 41.43
535535
491.90 26.25 41.42
542837
491.39 26.28 41.37
550141
491.18 26.28 41.25
557444
490.79 26.28 41.24
564746
489.94 26.29 41.21
572048
488.82 26.29 41.20
579349
489.11 26.31 41.15
586650
488.45 26.31 41.18
593952
488.15 26.32 41.20
601254
489.11 26.33 41.20
608557
490.22 26.32 41.22
615886
490.60 26.33 41.20
623187
491.68 26.33 41.16
630491
491.49 26.36 41.11
637793
486.54 26.38 41.12
645094
429.05 26.39 41.30
652395
215.89 26.39 41.18
659697
207.92 26.39 41.11
667000
215.95 26.39 41.08
674301
215.03 26.40 41.03
681606
215.05 26.40 41.02
688909
211.54 26.38 41.01
696211
214.23 26.40 40.92
703512
212.96 26.42 40.93
710813
212.54 26.42 40.91
718123
210.62 26.42 40.87
725425
210.56 26.42 40.91
732728
210.67 26.42 40.93
740029
211.25 26.44 40.92
747330
211.06 26.43 40.87
754632
210.85 26.43 40.83
761935
210.70 26.44 40.88
769236
210.75 26.47 40.94
776538
211.75 26.44 40.97
783840
211.73 26.46 40.92
791142
212.76 26.46 40.86
798444
212.79 26.47 40.88
805745
213.19 26.44 40.87
813046
212.65 26.49 40.88
820353
213.21 26.50 40.88
827655
212.98 26.47 40.83
834957
213.14 26.47 40.86
842258
212.63 26.49 40.75
849560
212.54 26.53 40.72
856863
212.08 26.50 40.77
864164
211.18 26.50 40.80
871465
211.56 26.52 40.81
878768
211.31 26.50 40.80
886071
211.09 26.52 40.78
893372
211.29 26.53 40.81
900673
210.92 26.53 40.86
907975
210.74 26.52 40.85
915278
212.07 26.54 40.83
922579
212.60 26.54 40.82
929881
213.35 26.54 40.78
937182
213.37 26.54 40.71
944484
212.36 26.54 40.68
951790
213.10 26.54 40.61
959091
213.08 26.56 40.64
966392
214.27 26.56 40.63
973696
214.11 26.56 40.60
980998
213.63 26.56 40.70
988299
213.42 26.57 40.72
995600
212.46 26.60 40.65
1002903
211.93 26.59 40.60
1010205
211.29 26.62 40.59
1017506
210.78 26.60 40.54
1024807
209.81 26.59 40.52
1032111
209.39 26.60 40.47
1039413
209.02 26.60 40.46
1046714
207.96 26.60 40.48
1054016
206.45 26.59 40.53
1061317
205.46 26.59 40.44
1068619
204.93 26.62 40.48
1075922
205.08 26.60 40.44
1083227
204.43 26.60 40.42
1090528
203.16 26.63 40.47
1097831
202.15 26.62 40.45
1105133
201.34 26.63 40.45
1112434
200.37 26.63 40.42
1119736
200.11 26.62 40.45
1127038
199.18 26.60 40.44
1134341
199.10 26.66 40.46
1141643
198.59 26.64 40.45
1148944
198.86 26.64 40.45
1156246
199.28 26.64 40.41
1163549
198.73 26.63 40.42
1170851
198.87 26.66 40.40
1178152
198.37 26.63 40.42
1185455
198.63 26.63 40.47
1192757
198.34 26.66 40.56
1200060
199.15 26.66 40.57
1207361
199.69 26.64 40.56
1214660
199.69 26.66 40.45
1221962
199.82 26.66 40.41
1229265
199.81 26.66 40.47
1236567
199.83 26.68 40.53
1243868
200.54 26.67 40.55
1251171
200.87 26.66 40.54
1258473
201.49 26.67 40.46
1265774
202.27 26.67 40.33
1273075
201.49 26.67 40.34
1280376
201.52 26.67 40.37
1287680
201.33 26.67 40.37
1294982
201.32 26.68 40.48
1302284
201.23 26.68 40.57
1309585
200.96 26.68 40.65
1316887
201.30 26.70 40.64
1324190
201.69 26.70 40.64
1331491
202.43 26.70 40.55
1338796
202.66 26.68 40.52
1346099
203.39 26.70 40.43
1353401
203.54 26.70 40.49
1360702
203.28 26.71 40.52
1368003
203.19 26.71 40.53
1375306
203.32 26.70 40.41
1382608
203.28 26.68 40.38
1389939
202.95 26.70 40.30
1397240
202.94 26.68 40.30
1404541
202.72 26.73 40.37
1411845
203.34 26.71 40.43
1419147
202.80 26.70 40.48
1426449
203.50 26.74 40.41
1433750
204.25 26.73 40.30
1441052
204.17 26.71 40.28
1448355
205.22 26.68 40.27
1455656
204.50 26.74 40.22
1462958
204.23 26.73 40.24
1470264
204.83 26.74 40.25
1477566
205.16 26.73 40.25
1484867
204.86 26.73 40.28
1492169
205.86 26.76 40.20
1499470
204.98 26.74 40.20
1506772
203.79 26.76 40.20
1514076
202.53 26.76 40.14
1521377
202.04 26.74 40.11
1528678
201.38 26.77 40.11
1535980
200.89 26.76 40.10
1543283
200.62 26.74 40.10
1550584
199.61 26.77 40.13
1557885
199.18 26.77 40.11
1565188
198.66 26.76 40.08
1572491
198.88 26.77 40.04
1579792
198.05 26.76 40.08
1587093
198.36 26.76 40.09
1594399
197.77 26.77 40.15
1601702
196.52 26.77 40.09
1609011
194.97 26.77 40.07
1616312
194.35 26.77 40.04
1623614
194.61 26.76 40.04
1630916
193.75 26.79 40.08
1638219
192.36 26.80 40.01
1645520
190.42 26.79 40.02
1652822
189.38 26.79 40.03
1660124
188.53 26.79 40.02
1667427
188.36 26.80 40.03
1674728
188.68 26.81 40.00
1682029
187.90 26.79 40.08
1689332
187.96 26.79 40.11
1696634
187.46 26.77 40.15
1703936
188.30 26.79 40.13
1711237
188.16 26.81 40.08
1718540
189.22 26.79 40.07
1725846
190.74 26.79 40.13
1733147
192.75 26.80 40.12
1740448
194.75 26.80 40.12
1747749
195.49 26.81 40.05
1755053
196.34 26.80 40.01
1762355
197.18 26.79 39.96
1769656
196.95 26.80 39.98
1776958
195.92 26.80 40.00
1784260
195.40 26.81 40.02
1791562
195.88 26.80 40.00
1798864
195.84 26.80 40.02
1806166
195.73 26.81 40.06
1813468
195.72 26.80 40.03
1820771
196.12 26.80 40.03
1828072
196.71 26.80 40.03
1835373
197.01 26.83 40.00
1842674
196.58 26.81 39.96
1849976
196.10 26.83 39.92
1857283
196.49 26.81 39.90
1864584
195.86 26.81 39.92
1871885
195.56 26.80 39.92
1879188
195.33 26.81 39.90
1886490
195.36 26.80 39.95
1893792
195.27 26.83 39.96
1901093
195.72 26.81 39.98
1908396
195.66 26.84 39.99
1915699
195.21 26.84 40.06
1923000
195.67 26.84 40.12
1930301
196.58 26.81 40.11
1937602
197.90 26.84 40.04
1944905
199.66 26.81 40.03
1952207
201.61 26.83 40.03
1959508
202.71 26.79 40.01
1966810
204.13 26.83 40.02
1974113
205.17 26.83 40.01
1981418
205.39 26.83 39.97
1988720
206.37 26.84 39.96
1996021
206.56 26.83 39.94
2003323
206.92 26.84 39.89
2010627
206.44 26.83 39.94
2017928
206.69 26.84 39.95
2025229
206.45 26.81 39.92
2032530
206.45 26.84 39.97
2039833
206.03 26.83 39.94
2047135
205.50 26.84 39.91
2054437
205.47 26.84 39.90
2061739
205.45 26.83 39.89
2069041
205.63 26.84 39.84
2076344
205.36 26.84 39.94
2083645
205.49 26.84 40.05
2090946
204.97 26.87 40.09
2098248
205.90 26.86 40.07
2105551
206.20 26.86 40.03
2112856
206.84 26.86 39.98
2120157
207.45 26.86 39.90
2127460
207.45 26.84 39.92
2134762
207.72 26.84 39.97
2142064
208.19 26.87 39.94
2149365
208.01 26.87 39.88
2156666
207.71 26.86 39.84
2163997
207.23 26.86 39.83
2171299
206.60 26.87 39.98
2178600
206.00 26.86 39.99
2185902
206.22 26.87 40.04
2193205
206.17 26.86 40.03
2200507
206.41 26.87 40.00
2207808
206.20 26.87 40.12
2215109
207.18 26.87 40.09
2222412
207.86 26.86 40.15
2229714
209.36 26.86 40.16
2237016
210.55 26.90 40.15
2244321
211.11 26.89 40.17
2251622
212.46 26.89 40.15
2258924
213.61 26.89 40.12
2266227
214.69 26.87 40.18
2273528
215.82 26.86 40.11
2280829
216.79 26.89 40.09
2288133
217.27 26.87 40.00
2295435
217.98 26.90 39.95
2302736
217.48 26.89 39.93
2310038
218.13 26.89 39.96
2317340
217.79 26.89 39.90
2324642
217.34 26.90 39.98
2331944
217.15 26.89 39.99
2339246
216.57 26.89 39.96
2346547
217.16 26.90 39.95
2353850
216.75 26.89 39.91
2361152
216.21 26.90 39.88
2368456
215.56 26.89 39.90
2375757
215.04 26.91 39.88
2383060
215.02 26.89 39.85
2390363
214.93 26.90 39.86
2397665
213.72 26.91 39.81
2404966
212.90 26.90 39.87
2412268
212.55 26.90 39.93
2419571
212.37 26.90 39.99
2426872
212.09 26.90 39.97
2434173
212.18 26.91 39.95
2441477
212.09 26.93 39.95
2448779
212.29 26.91 39.92
2456080
212.31 26.89 39.96
2463382
212.71 26.91 40.00
2470683
213.24 26.91 39.92
2477985
212.32 26.91 39.88
2485288
212.43 26.91 39.87
2492590
212.68 26.94 39.87
2499902
212.34 26.90 39.87
2507204
212.88 26.93 39.88
2514507
212.96 26.91 39.87
2521808
212.87 26.90 39.90
2529110
213.31 26.91 39.96
2536412
213.55 26.91 39.98
2543715
213.69 26.90 39.99
2551016
213.57 26.91 39.95
2558317
213.49 26.94 39.96
2565618
213.30 26.91 39.87
2572920
213.05 26.90 39.91
2580224
212.84 26.93 39.84
2587525
212.85 26.90 39.85
2594826
212.36 26.91 39.88
2602128
212.14 26.93 39.92
2609431
212.54 26.91 39.98
2616732
212.21 26.93 39.93
2624033
211.46 26.94 39.90
2631340
211.11 26.91 39.83
2638642
211.24 26.91 39.86
2645944
210.63 26.95 39.85
2653245
210.77 26.93 39.85
2660550
210.57 26.93 39.85
2667853
210.26 26.93 39.92
2675158
209.45 26.93 39.86
2682459
208.89 26.94 39.92
2689760
209.06 26.95 39.89
2697062
208.89 26.93 39.93
2704365
208.54 26.94 39.94
2711666
209.07 26.93 39.90
2718967
208.78 26.94 39.91
2726270
209.40 26.94 39.91
2733573
209.11 26.93 39.92
2740874
208.56 26.94 39.90
2748175
209.32 26.97 39.87
2755481
208.66 26.93 39.82
2762784
207.74 26.94 39.78
2770085
208.09 26.97 39.77
2777387
208.01 26.94 39.74
2784688
207.90 26.95 39.85
2791990
207.47 26.95 39.90
2799293
207.82 26.94 39.90
2806594
207.28 26.95 39.85
2813895
207.19 26.97 39.79
2821197
206.88 26.95 39.83
2828499
206.37 26.95 39.85
2835802
205.10 26.94 39.82
2843103
205.15 26.94 39.82
2850405
204.98 26.97 39.79
2857708
205.20 26.94 39.78
2865009
204.41 26.95 39.76
2872310
204.50 26.97 39.79
2879613
203.75 26.94 39.75
2886919
203.12 26.95 39.78
2894222
203.82 26.94 39.86
2901523
203.15 26.94 39.90
2908824
202.83 26.98 39.90
2916127
202.93 26.95 39.85
2923429
203.22 26.97 39.82
2930759
203.26 26.98 39.83
2938060
203.04 26.95 39.86
2945362
203.08 26.98 39.94
2952665
203.31 26.95 39.96
2959966
204.44 26.94 39.97
2967268
205.85 26.95 39.97
2974570
207.38 26.97 39.92
2981872
207.95 26.95 39.89
2989174
208.09 26.95 39.79
2996475
209.33 26.97 39.73
3003777
208.05 26.98 39.77
3011079
208.40 26.98 39.80
3018385
207.52 26.97 39.87
3025686
207.00 26.97 39.94
3032987
207.97 26.98 39.94
3040289
207.92 26.97 39.95
3047592
208.80 26.97 39.95
3054894
208.57 26.97 39.93
3062195
209.17 26.97 39.92
3069498
210.13 26.95 39.92
3076800
210.22 26.98 39.88
3084101
210.67 26.98 39.79
3091403
210.96 26.98 39.79
3098704
211.23 26.98 39.78
3106007
210.65 26.98 39.77
3113310
208.95 26.98 39.74
3120611
206.62 27.01 39.77
3127912
204.73 26.98 39.80
3135214
204.27 26.97 39.78
3142520
202.89 27.02 39.82
3149821
201.94 26.98 39.80
3157123
200.15 26.98 39.82
3164426
200.74 27.00 39.81
3171728
201.50 27.00 39.79
3179029
200.62 27.00 39.76
3186330
199.19 27.00 39.82
3193633
199.22 27.00 39.84
3200935
199.78 27.00 39.91
3208237
201.10 27.00 39.98
3215538
203.53 27.00 40.05
3222840
204.56 27.01 40.04
3230142
206.49 27.01 40.09
3237444
209.55 27.00 40.14
3244746
214.31 27.00 40.17
3252047
216.82 27.00 40.20
3259350
220.36 26.98 40.16
3266652
224.03 27.01 40.13
3273957
225.54 27.00 40.09
3281258
226.42 27.00 40.04
3288561
226.93 26.98 40.07
3295863
225.74 27.00 39.99
3303164
225.70 27.02 39.90
3310466
224.47 27.01 39.85
3317767
221.45 26.98 39.79
3325069
216.69 27.04 39.80
3332372
213.94 27.01 39.86
3339673
212.63 27.01 40.02
3346974
209.00 27.02 40.09
3354276
208.22 27.04 40.08
3361580
209.24 27.01 40.12
3368881
213.12 27.01 40.15
3376182
215.58 27.00 40.12
3383484
217.09 27.01 40.17
3390787
219.01 27.01 40.17
3398096
222.17 27.01 40.17
3405401
224.96 27.01 40.24
3412704
227.45 27.02 40.19
3420006
228.80 27.01 40.09
3427307
230.07 27.00 40.12
3434609
230.66 27.04 40.22
3441910
230.40 27.00 40.30
3449212
231.18 27.01 40.25
3456515
231.40 27.01 40.24
3463817
232.49 27.01 40.14
3471118
232.27 27.01 40.13
3478420
231.98 27.01 40.04
3485722
232.60 27.01 40.03
3493024
233.36 27.00 40.10
3500325
232.66 27.02 40.13
3507628
232.55 27.01 40.13
3514931
232.73 27.01 40.18
3522232
232.57 27.01 40.12
3529536
233.30 27.02 40.05
3536837
233.08 27.04 40.03
3544140
232.98 27.04 39.96
3551442
232.45 27.00 40.05
3558744
232.29 27.02 40.17
3566045
231.39 27.02 40.13
3573348
230.39 27.02 40.12
3580650
230.40 27.01 40.07
3587951
230.95 27.04 40.10
3595252
230.10 27.02 40.18
3602554
229.78 27.04 40.13
3609858
229.39 27.02 40.01
3617159
229.48 27.04 39.97
3624460
229.06 27.02 39.90
3631761
228.18 27.02 39.86
3639063
227.84 27.05 39.98
3646366
228.15 27.01 40.19
3653667
228.24 27.04 40.18
3660972
228.30 27.02 40.22
3668275
228.82 27.05 40.23
3675577
229.22 27.04 40.28
3682878
228.95 27.01 40.27
3690179
229.50 27.02 40.29
3697482
230.27 27.05 40.34
3704813
231.28 27.04 40.32
3712115
232.80 27.05 40.41
3719416
235.01 27.04 40.37
3726717
235.39 27.04 40.23
3734021
238.84 27.02 40.17
3741323
241.28 27.04 40.11
3748624
241.70 27.02 40.08
3755925
241.40 27.05 40.08
3763227
240.91 27.02 40.17
3770530
239.51 27.04 40.17
3777831
238.78 27.05 40.25
3785133
238.64 27.04 40.22
3792438
239.28 27.04 40.18
3799740
239.50 27.04 40.16
3807043
239.90 27.02 40.19
3814344
241.05 27.04 40.22
3821645
241.87 27.04 40.22
3828947
241.38 27.05 40.17
3836251
241.61 27.02 40.17
3843552
240.48 27.02 40.08
3850853
240.68 27.01 39.99
3858155
239.50 27.02 39.96
3865457
238.91 27.05 39.98
3872759
238.30 27.05 40.06
3880060
237.66 27.02 40.11
3887368
236.62 27.05 40.07
3894670
236.80 27.04 40.05
3901972
236.08 27.04 39.98
3909273
235.20 27.02 40.00
3916578
233.71 27.02 40.09
3923880
232.70 27.04 40.12
3931183
231.58 27.04 40.14
3938484
231.19 27.04 40.14
3945785
230.18 27.04 40.00
3953087
230.62 27.02 39.97
3960390
229.74 27.04 39.97
3967691
229.04 27.05 39.96
3974992
228.27 27.02 40.02
3982295
228.10 27.04 40.00
3989597
227.98 27.07 40.00
3996898
227.51 27.04 39.97
4004199
226.70 27.05 39.92
4011500
226.12 27.07 39.85
4018802
226.77 27.04 39.81
4026105
225.92 27.07 39.83
4033406
223.75 27.05 39.85
4040708
222.04 27.05 39.87
4048013
221.74 27.07 39.87
4055315
220.68 27.07 39.89
4062617
219.52 27.04 39.87
4069918
218.12 27.07 39.91
4077220
217.64 27.04 39.90
4084524
218.21 27.05 39.96
4091825
219.17 27.07 39.97
4099126
219.08 27.07 39.90
4106427
218.95 27.07 39.88
4113730
219.09 27.10 39.94
4121032
219.54 27.07 39.91
4128333
220.30 27.07 39.91
4135634
219.89 27.07 39.96
4142937
219.51 27.05 39.97
4150240
219.80 27.08 39.93
4157541
219.14 27.05 39.90
4164842
218.94 27.07 39.90
4172144
218.56 27.07 39.87
4179450
218.42 27.07 39.80
4186752
217.69 27.07 39.83
4194053
217.03 27.08 39.80
4201354
216.27 27.05 39.78
4208657
215.55 27.08 39.83
4215960
214.55 27.04 39.82
4223261
214.31 27.08 39.89
4230562
214.15 27.07 39.91
4237865
214.29 27.08 39.90
4245168
214.33 27.05 39.90
4252469
214.60 27.08 39.93
4259770
215.09 27.05 39.90
4267073
215.86 27.07 39.96
4274375
215.62 27.07 39.92
4281676
216.09 27.05 39.97
4288986
216.04 27.10 39.93
4296287
216.50 27.08 39.94
4303593
216.49 27.07 39.92
4310896
216.95 27.05 39.94
4318197
218.23 27.08 39.99
4325498
217.67 27.07 39.97
4332802
217.40 27.05 39.96
4340104
217.60 27.07 39.95
4347405
217.51 27.08 39.90
4354707
217.85 27.08 39.95
4362009
217.76 27.10 39.88
4369312
218.24 27.10 39.87
4376613
217.63 27.05 39.92
4383915
217.70 27.08 39.97
4391216
218.02 27.07 40.00
4398519
218.91 27.07 40.00
4405821
219.07 27.07 39.97
4413122
219.66 27.05 39.89
4420423
220.05 27.08 39.94
4427726
220.64 27.08 39.95
4435033
221.26 27.08 39.93
4442334
220.87 27.07 39.99
4449635
220.98 27.07 39.95
4456938
220.72 27.10 39.97
4464240
221.34 27.07 39.95
4471571
221.61 27.10 39.97
4478872
221.16 27.07 40.01
4486173
220.74 27.05 40.06
4493475
220.73 27.07 40.06
4500779
220.76 27.07 40.03
4508080
222.35 27.07 39.92
4515381
222.20 27.10 39.89
4522684
222.45 27.08 39.87
4529986
222.14 27.08 39.85
4537287
221.83 27.08 39.83
4544588
221.61 27.10 39.84
4551891
220.45 27.08 39.83
4559194
219.89 27.10 39.85
4566499
219.41 27.07 39.83
4573800
219.01 27.05 39.79
4581101
216.74 27.08 39.81
4588404
216.19 27.08 39.81
4595706
213.24 27.10 39.83
4603008
210.42 27.10 39.83
4610309
208.32 27.08 39.81
4617612
207.44 27.08 39.81
4624914
205.30 27.10 39.81
4632216
204.98 27.08 39.78
4639517
203.19 27.08 39.84
4646819
201.53 27.10 39.84
4654123
198.38 27.11 39.87
4661424
197.84 27.08 39.81
4668725
196.72 27.10 39.84
4676028
196.88 27.10 39.83
4683330
196.15 27.11 39.82
4690635
194.51 27.08 39.87
4697936
194.84 27.10 39.84
4705238
194.47 27.10 39.88
4712541
194.54 27.07 39.81
4719843
194.24 27.11 39.86
4727145
194.56 27.11 39.83
4734446
195.03 27.08 39.84
4741748
195.72 27.08 39.85
4749051
195.64 27.08 39.87
4756353
195.81 27.08 39.85
4763654
196.00 27.08 39.85
4770956
195.69 27.11 39.84
4778259
195.88 27.11 39.89
4785560
195.94 27.08 39.87
4792861
196.30 27.08 39.89
4800163
196.15 27.08 39.85
4807467
195.68 27.10 39.88
4814769
197.23 27.10 39.92
4822074
197.52 27.10 39.83
4829375
198.26 27.10 39.90
4836678
198.45 27.10 39.84
4843980
199.50 27.11 39.87
4851281
199.83 27.08 39.87
4858583
200.12 27.10 39.92
4865886
200.69 27.08 39.93
4873188
200.51 27.10 39.89
4880490
201.61 27.10 39.93
4887791
202.48 27.11 39.89
4895093
202.73 27.10 39.90
4902396
202.93 27.10 39.92
4909699
203.42 27.10 39.87
4917001
204.29 27.08 39.84
4924302
204.99 27.10 39.89
4931604
205.92 27.10 39.84
4938907
206.64 27.08 39.92
4946208
207.19 27.10 39.99
4953507
206.90 27.10 39.99
4960809
207.91 27.10 40.04
4968113
208.93 27.10 39.97
4975414
210.15 27.10 39.99
4982715
211.40 27.10 39.97
4990016
211.87 27.11 40.04
4997319
213.32 27.14 40.02
5004621
214.49 27.11 40.03
5011922
215.70 27.12 39.98
5019224
216.77 27.12 39.99
5026527
218.07 27.11 39.99
5033829
217.96 27.11 39.99
5041130
217.30 27.11 40.01
5048432
216.96 27.08 39.99
5055734
217.21 27.10 40.02
5063036
218.65 27.10 40.03
5070339
219.28 27.07 39.97
5077643
218.60 27.11 39.99
5084944
218.40 27.12 39.97
5092247
218.54 27.12 40.01
5099549
218.32 27.11 40.02
5106850
218.11 27.12 40.08
5114152
218.47 27.12 40.02
5121455
218.25 27.11 39.98
5128758
219.14 27.11 39.97
5136059
219.72 27.12 39.97
5143360
219.86 27.11 39.99
5150662
218.84 27.12 40.04
5157965
218.09 27.14 39.99
5165266
217.67 27.11 39.98
5172568
216.94 27.14 39.93
5179877
216.27 27.12 39.94
5187179
215.64 27.12 39.92
5194482
214.49 27.12 39.94
5201783
214.11 27.12 39.98
5209089
213.25 27.12 39.99
5216391
213.04 27.12 39.98
5223693
213.21 27.12 40.03
5230995
213.08 27.11 39.97
5238296
212.75 27.12 40.02
5245628
212.64 27.10 39.98
5252930
212.53 27.12 39.99
5260231
212.88 27.11 40.02
5267533
213.05 27.14 40.06
5274834
212.16 27.14 40.08
5282137
211.76 27.12 40.06
5289440
211.44 27.14 40.01
5296741
211.53 27.15 40.08
5304042
211.55 27.11 40.06
5311344
211.98 27.11 40.04
5318647
212.56 27.14 40.03
5325948
211.96 27.12 39.98
5333253
212.07 27.12 40.02
5340556
210.95 27.11 40.01
5347858
210.69 27.14 39.97
5355160
210.24 27.12 39.99
5362461
208.98 27.12 40.01
5369762
208.85 27.14 40.04
5377064
208.42 27.11 40.07
5384368
209.26 27.14 40.08
5391669
210.07 27.11 40.09
5398970
211.13 27.14 40.07
5406273
212.81 27.12 40.02
5413575
213.20 27.12 40.02
5420876
213.59 27.14 40.08
5428177
215.05 27.15 40.07
5435481
215.36 27.12 40.11
5442783
215.97 27.14 40.11
5450084
215.37 27.12 40.12
5457386
215.95 27.12 40.12
5464691
215.94 27.12 40.08
5471994
215.98 27.14 40.06
5479297
216.10 27.15 40.05
5486599
215.21 27.15 40.03
5493900
214.55 27.14 40.01
5501202
214.34 27.14 39.96
5508505
214.02 27.14 39.97
5515806
212.96 27.15 40.02
5523107
211.93 27.15 39.97
5530409
211.73 27.15 40.01
5537713
211.04 27.15 40.00
5545014
209.86 27.17 39.99
5552315
208.96 27.15 40.03
5559618
207.45 27.14 39.98
5566920
206.34 27.15 39.95
5574222
204.56 27.14 39.98
5581524
204.19 27.15 39.97
5588826
202.22 27.17 39.90
5596132
200.47 27.15 39.97
5603434
200.89 27.15 39.93
5610735
198.91 27.15 39.93
5618036
197.01 27.15 39.89
5625339
196.69 27.15 39.96
5632642
195.53 27.15 39.96
5639943
194.63 27.15 39.92
5647244
192.66 27.15 39.93
5654547
193.01 27.17 39.97
5661849
192.10 27.15 39.95
5669152
191.31 27.15 39.91
5676453
191.51 27.15 39.93
5683755
190.93 27.17 39.92
5691058
191.04 27.15 39.93
5698360
190.65 27.14 39.97
5705661
189.35 27.15 39.98
5712963
188.85 27.18 39.91
5720268
187.99 27.15 39.91
5727571
187.72 27.15 39.91
5734873
186.23 27.14 39.90
5742174
185.16 27.17 39.96
5749476
184.95 27.17 40.00
5756779
184.78 27.17 39.99
5764081
185.02 27.15 39.98
5771382
184.69 27.18 39.92
5778684
185.12 27.15 40.01
5785987
185.69 27.15 40.00
5793290
185.85 27.14 39.98
5800591
185.07 27.17 39.99
5807892
184.05 27.18 39.99
5815194
183.62 27.17 39.97
5822497
183.68 27.15 39.95
5829798
184.62 27.15 39.97
5837100
186.03 27.15 39.97
5844401
186.31 27.15 39.96
5851707
186.06 27.14 39.91
5859010
186.35 27.15 39.98
5866311
186.41 27.17 39.95
5873612
186.84 27.15 40.00
5880914
186.77 27.17 40.03
5888218
187.07 27.15 39.98
5895519
187.12 27.17 39.95
5902820
186.91 27.17 39.95
5910122
187.00 27.17 39.97
5917425
186.54 27.14 39.93
5924726
185.94 27.17 40.00
5932027
185.39 27.15 39.96
5939331
185.17 27.18 39.96
5946633
184.71 27.17 39.95
5953934
183.59 27.17 39.95
5961235
183.16 27.15 39.95
5968536
181.46 27.17 39.94
5975839
181.34 27.17 39.96
5983145
180.40 27.14 39.95
5990447
179.57 27.17 39.94
5997748
179.56 27.17 39.96
6005050
179.77 27.15 39.96
6012382
178.74 27.15 39.95
6019683
177.55 27.17 39.94
6026984
177.04 27.17 39.97
6034287
176.92 27.17 39.97
6041589
176.18 27.18 39.94
6048890
175.68 27.18 39.99
6056193
175.79 27.14 39.92
6063494
175.82 27.18 39.95
6070804
175.62 27.17 40.00
6078106
175.96 27.18 39.97
6085407
177.02 27.18 40.00
6092708
176.91 27.15 40.08
6100012
177.08 27.18 40.06
6107318
177.90 27.18 40.10
6114619
178.33 27.18 40.08
6121920
179.05 27.17 40.07
6129222
179.54 27.19 40.07
6136525
180.60 27.17 40.06
6143826
180.25 27.18 40.07
6151128
181.77 27.21 40.08
6158430
183.02 27.21 40.09
6165733
183.56 27.21 40.07
6173035
184.60 27.17 40.02
6180336
184.22 27.18 39.99
6187638
184.29 27.19 40.05
6194940
183.67 27.18 40.04
6202243
183.51 27.18 40.01
6209544
183.32 27.18 40.00
6216845
182.84 27.18 40.00
6224148
182.01 27.19 39.99
6231450
180.95 27.19 40.05
6238755
180.78 27.21 40.03
6246056
180.15 27.18 39.99
6253360
180.31 27.18 40.00
6260662
180.12 27.18 39.97
6267963
180.77 27.19 40.05
6275264
181.25 27.18 39.99
6282565
181.39 27.21 40.00
6289868
181.29 27.18 39.97
6297170
181.49 27.18 39.99
6304472
180.85 27.19 39.96
6311774
180.48 27.21 39.96
6319076
179.76 27.19 39.96
6326378
179.11 27.18 39.99
6333679
179.62 27.19 39.96
6340981
178.61 27.19 39.96
6348283
178.49 27.18 40.00
6355587
177.94 27.19 39.98
6362888
177.48 27.18 39.94
6370192
176.99 27.19 39.99
6377494
176.27 27.19 39.95
6384796
175.74 27.19 39.99
6392098
175.67 27.21 39.96
6399400
175.45 27.19 39.96
6406702
174.48 27.19 39.99
6414004
174.52 27.18 40.00
6421307
173.61 27.19 39.95
6428608
172.82 27.19 39.96
6435909
172.05 27.19 39.90
6443211
172.01 27.18 39.95
6450514
171.96 27.21 39.96
6457816
171.87 27.18 39.94
6465117
170.86 27.21 39.95
6472419
170.25 27.19 39.98
6479722
170.25 27.19 39.98
6487024
170.47 27.19 39.95
6494329
170.49 27.19 39.96
6501630
170.45 27.22 39.99
6508933
171.09 27.19 39.94
6516235
170.98 27.18 39.95
6523537
171.06 27.21 40.00
6530838
171.57 27.18 39.96
6538140
171.83 27.19 39.94
6545443
171.89 27.17 39.96
6552744
171.18 27.21 39.98
6560046
171.04 27.19 39.94
6567348
171.06 27.19 39.95
6574651
170.26 27.21 39.95
6581952
170.13 27.21 39.95
6589253
169.86 27.24 39.94
6596554
169.27 27.21 39.98
6603856
170.12 27.21 39.95
6611160
169.53 27.19 39.98
6618461
168.89 27.21 40.02
6625765
169.32 27.18 39.99
6633068
168.80 27.22 39.97
6640370
168.01 27.24 40.01
6647671
167.96 27.19 39.96
6654972
167.22 27.21 39.96
6662276
167.61 27.19 40.00
6669578
167.60 27.22 39.98
6676879
167.15 27.22 39.99
6684180
166.84 27.19 39.98
6691483
166.70 27.19 39.95
6698785
166.50 27.22 39.97
6706087
165.44 27.22 40.04
6713389
165.52 27.19 40.00
6720690
165.89 27.21 40.03
6727992
165.79 27.21 40.04
6735295
165.99 27.19 40.01
6742596
165.12 27.22 40.05
6749897
165.18 27.19 40.08
6757203
164.61 27.18 40.05
6764506
163.60 27.19 40.09
6771808
163.24 27.19 40.05
6779138
167.37 27.19 40.09
6786440
213.95 27.19 40.04
6793743
270.76 27.21 40.10
6801044
274.28 27.19 40.11
6808345
274.07 27.19 40.10
6815646
276.62 27.19 40.12
6822949
275.40 27.21 40.14
6830252
276.32 27.18 40.17
6837553
276.77 27.21 40.21
6844854
275.68 27.19 40.17
6852157
276.66 27.19 40.17
6859459
275.19 27.18 40.20
6866760
274.81 27.19 40.19
6874061
274.72 27.21 40.20
6881368
274.23 27.19 40.16
6888670
273.19 27.21 40.26
6895972
273.69 27.18 40.18
6903273
273.44 27.19 40.20
6910576
272.31 27.21 40.19
6917879
272.87 27.18 40.21
6925180
273.10 27.18 40.21
6932482
273.03 27.18 40.16
6939783
273.74 27.21 40.20
6947085
272.60 27.21 40.21
6954388
271.51 27.19 40.19
6961696
271.62 27.19 40.19
6968997
270.80 27.19 40.20
6976301
270.78 27.21 40.21
6983603
271.00 27.19 40.20
6990904
271.69 27.19 40.19
6998206
271.58 27.22 40.24
7005508
271.93 27.18 40.21
7012814
271.85 27.19 40.24
7020115
272.39 27.18 40.25
7027417
272.31 27.21 40.23
7034718
272.42 27.18 40.22
7042020
272.03 27.19 40.24
7049323
271.48 27.18 40.27
7056624
272.29 27.18 40.28
7063925
273.67 27.18 40.27
7071227
273.97 27.19 40.27
7078531
274.44 27.19 40.26
7085832
275.07 27.19 40.30
7093133
275.42 27.19 40.22
7100436
276.15 27.19 40.21
7107738
275.57 27.21 40.29
7115039
277.20 27.19 40.29
7122340
278.14 27.18 40.31
7129643
278.29 27.21 40.29
7136946
278.93 27.18 40.36
7144251
279.44 27.19 40.30
7151552
281.41 27.19 40.26
7158854
281.82 27.18 40.26
7166156
282.22 27.17 40.27
7173458
283.20 27.17 40.27
7180761
284.31 27.15 40.30
7188062
283.43 27.18 40.30
7195364
283.56 27.18 40.31
7202667
284.72 27.15 40.32
7209968
284.76 27.18 40.30
7217269
285.32 27.17 40.31
7224571
285.90 27.18 40.34
7231875
286.34 27.19 40.36
7239176
286.55 27.17 40.32
7246477
287.06 27.17 40.34
7253778
287.42 27.18 40.36
7261080
286.93 27.17 40.34
7268386
287.99 27.17 40.34
7275688
288.21 27.17 40.41
7282990
288.45 27.17 40.37
7290292
288.53 27.17 40.33
7297594
289.09 27.17 40.33
7304896
290.02 27.17 40.30
7312197
290.11 27.15 40.33
7319499
290.14 27.17 40.36
7326801
289.89 27.17 40.30
7334104
290.05 27.18 40.36
7341405
290.21 27.19 40.35
7348707
289.60 27.17 40.32
7356010
289.75 27.19 40.30
7363312
290.33 27.18 40.31
7370613
290.53 27.18 40.27
7377915
290.39 27.18 40.34
7385218
290.21 27.21 40.30
7392520
289.97 27.18 40.30
7399825
289.86 27.21 40.34
7407126
289.48 27.19 40.29
7414428
289.35 27.19 40.32
7421731
289.10 27.21 40.34
7429032
288.51 27.19 40.32
7436334
288.24 27.18 40.31
7443637
288.37 27.22 40.28
7450939
288.01 27.18 40.34
7458240
287.42 27.21 40.31
7465541
286.85 27.18 40.35
7472842
286.54 27.21 40.32
7480145
286.65 27.18 40.37
7487448
286.18 27.18 40.35
7494749
285.92 27.18 40.34
7502050
285.57 27.21 40.35
7509353
284.89 27.19 40.32
7516655
284.60 27.19 40.34
7523956
284.34 27.18 40.31
7531260
284.89 27.19 40.30
7538564
284.96 27.17 40.31
7545895
284.39 27.19 40.34
7553197
284.49 27.18 40.32
7560498
285.14 27.18 40.35
7567799
285.34 27.19 40.31
7575101
285.08 27.18 40.30
7582404
285.35 27.18 40.34
7589705
285.53 27.21 40.36
7597006
285.46 27.21 40.32
7604308
285.36 27.22 40.31
7611611
284.95 27.18 40.30
7618912
283.81 27.21 40.28
7626214
283.25 27.21 40.30
7633516
282.83 27.18 40.27
7640818
282.04 27.21 40.26
7648120
281.14 27.21 40.26
7655425
279.91 27.21 40.28
7662727
279.13 27.21 40.34
7670030
278.37 27.19 40.29
7677332
278.31 27.19 40.30
7684633
276.97 27.21 40.32
7691934
275.80 27.22 40.28
7699237
275.40 27.19 40.29
7706540
274.47 27.21 40.28
7713841
274.46 27.19 40.25
7721142
274.42 27.19 40.29
7728445
274.32 27.21 40.26
7735747
273.90 27.22 40.29
7743049
273.59 27.22 40.26
7750350
273.45 27.21 40.29
7757652
272.96 27.21 40.31
7764956
272.48 27.21 40.29
7772257
272.38 27.22 40.30
7779558
272.00 27.21 40.34
7786862
272.23 27.24 40.31
7794165
272.40 27.22 40.25
7801467
272.71 27.21 40.26
7808769
272.28 27.21 40.30
7816070
272.63 27.21 40.30
7823373
272.40 27.22 40.29
7830675
271.73 27.21 40.31
7837976
270.60 27.19 40.30
7845278
270.60 27.21 40.30
7852588
270.70 27.22 40.33
7859891
270.53 27.22 40.34
7867192
270.11 27.22 40.31
7874493
270.54 27.21 40.31
7881796
269.78 27.18 40.34
7889098
269.42 27.18 40.32
7896399
269.27 27.21 40.32
7903700
269.92 27.19 40.32
7911002
271.11 27.22 40.35
7918308
271.73 27.21 40.32
7925611
270.62 27.21 40.32
7932912
270.68 27.22 40.28
7940213
271.36 27.19 40.30
7947515
270.26 27.19 40.30
7954819
270.68 27.22 40.29
7962120
270.24 27.19 40.31
7969421
269.65 27.19 40.34
7976723
269.03 27.21 40.32
7984026
269.11 27.19 40.30
7991327
269.14 27.17 40.30
7998628
269.16 27.19 40.35
8005931
269.57 27.21 40.31
8013234
270.52 27.17 40.31
8020535
270.69 27.18 40.35
8027836
270.42 27.18 40.32
8035137
271.56 27.18 40.32
8042443
271.45 27.17 40.36
8049745
271.68 27.19 40.35
8057047
271.74 27.18 40.36
8064348
272.66 27.18 40.40
8071650
272.82 27.19 40.34
8078953
273.51 27.18 40.32
8086254
274.18 27.17 40.33
8093555
274.62 27.22 40.35
8100857
274.57 27.21 40.39
8108161
274.55 27.22 40.35
8115462
273.85 27.22 40.29
8122763
273.50 27.19 40.31
8130065
274.03 27.19 40.32
8137367
273.05 27.21 40.36
8144668
273.46 27.19 40.34
8151969
274.51 27.21 40.34
8159270
274.71 27.19 40.37
8166573
274.73 27.21 40.31
8173888
275.05 27.21 40.31
8181191
274.34 27.19 40.34
8188495
274.31 27.21 40.36
8195801
274.06 27.21 40.31
8203105
273.74 27.19 40.34
8210409
273.42 27.21 40.30
8217712
273.07 27.24 40.38
8225017
273.42 27.21 40.29
8232322
273.25 27.22 40.31
8239626
273.01 27.21 40.35
8246929
273.03 27.19 40.32
8254238
273.43 27.21 40.32
8261543
274.21 27.18 40.30
8268848
275.00 27.22 40.31
8276152
274.31 27.24 40.31
8283455
274.01 27.19 40.35
8290760
273.66 27.21 40.30
8298065
273.65 27.21 40.30
8305372
272.82 27.21 40.29
8312705
272.69 27.21 40.35
8320010
272.14 27.21 40.29
8327315
270.31 27.19 40.35
8334618
268.62 27.21 40.30
8341922
267.79 27.24 40.29
8349227
267.16 27.21 40.31
8356532
265.36 27.19 40.27
8363836
265.01 27.21 40.31
8371139
265.23 27.19 40.30
8378443
265.12 27.22 40.33
8385747
264.26 27.21 40.25
8393053
263.09 27.24 40.30
8400357
262.91 27.22 40.28
8407661
262.34 27.21 40.26
8414965
262.32 27.21 40.26
8422270
262.03 27.22 40.29
8429578
261.91 27.22 40.30
8436882
260.77 27.24 40.27
8444186
260.28 27.22 40.26
8451491
258.39 27.21 40.32
8458795
258.95 27.19 40.34
8466099
258.69 27.22 40.26
8473402
258.78 27.22 40.31
8480707
258.58 27.19 40.34
8488012
258.37 27.22 40.31
8495316
257.71 27.21 40.25
8502620
257.89 27.21 40.31
8509925
257.41 27.18 40.28
8517229
257.84 27.19 40.34
8524533
258.37 27.21 40.39
8531836
257.90 27.19 40.41
8539142
258.00 27.21 40.35
8546447
257.58 27.19 40.40
8553750
258.58 27.19 40.36
8561057
258.34 27.19 40.36
8568363
258.97 27.22 40.36
8575667
259.52 27.19 40.39
8582972
259.68 27.22 40.34
8590276
260.61 27.19 40.30
8597579
260.11 27.22 40.33
8604884
259.83 27.21 40.35
8612190
259.07 27.21 40.32
8619493
258.07 27.22 40.33
8626797
258.37 27.22 40.29
8634101
257.56 27.24 40.34
8641406
257.54 27.19 40.31
8648711
257.63 27.22 40.33
8656014
257.24 27.22 40.33
8663319
256.35 27.21 40.34
8670623
256.53 27.19 40.34
8677927
254.92 27.19 40.29
8685231
254.43 27.21 40.32
8692532
254.17 27.21 40.29
8699837
254.02 27.21 40.32
8707142
253.57 27.21 40.35
8714446
252.84 27.21 40.34
8721750
251.90 27.22 40.34
8729055
251.26 27.22 40.31
8736367
250.10 27.21 40.34
8743671
250.22 27.19 40.31
8750974
249.16 27.21 40.32
8758280
249.00 27.21 40.32
8765585
249.32 27.21 40.28
8772888
249.06 27.21 40.34
8780191
248.82 27.21 40.31
8787495
249.65 27.22 40.26
8794801
249.42 27.19 40.29
8802105
249.06 27.21 40.31
8809409
250.24 27.19 40.32
8816715
250.06 27.21 40.31
8824020
249.63 27.21 40.34
8831326
248.62 27.21 40.34
8838629
247.80 27.19 40.31
8845933
247.22 27.21 40.34
8853238
246.60 27.21 40.34
8860542
246.20 27.19 40.32
8867847
245.93 27.22 40.33
8875150
245.83 27.19 40.32
8882454
246.00 27.21 40.31
8889758
246.04 27.21 40.34
8897063
245.62 27.21 40.36
8904368
244.74 27.21 40.32
8911671
244.53 27.19 40.31
8918976
244.51 27.22 40.35
8926281
243.12 27.19 40.34
8933584
242.27 27.22 40.34
8940889
241.74 27.21 40.35
8948197
241.17 27.21 40.35
8955501
240.75 27.22 40.33
8962807
240.28 27.24 40.35
8970110
240.44 27.21 40.35
8977415
240.70 27.21 40.31
8984720
240.29 27.21 40.34
8992025
241.35 27.21 40.31
8999328
241.62 27.21 40.31
9006632
241.19 27.22 40.30
9013937
240.28 27.22 40.31
9021242
240.19 27.21 40.30
9028545
240.09 27.22 40.33
9035849
239.23 27.21 40.30
9043154
239.51 27.24 40.30
9050459
239.02 27.21 40.30
9057764
239.11 27.22 40.33
9065068
238.71 27.22 40.29
9072374
237.66 27.22 40.33
9079708
237.33 27.19 40.34
9087013
236.77 27.21 40.28
9094318
237.08 27.24 40.33
9101621
236.81 27.22 40.29
9108926
236.73 27.21 40.32
9116231
236.46 27.21 40.28
9123534
236.73 27.19 40.30
9130839
237.33 27.25 40.35
9138142
237.39 27.21 40.30
9145447
237.15 27.21 40.31
9152751
237.03 27.22 40.29
9160055
235.42 27.24 40.33
9167358
234.73 27.22 40.30
9174664
234.65 27.22 40.30
9181969
234.09 27.24 40.30
9189272
234.45 27.22 40.30
9196576
234.45 27.22 40.31
9203885
234.63 27.22 40.35
9211189
235.18 27.22 40.28
9218493
236.04 27.24 40.28
9225796
236.41 27.19 40.29
9233100
236.79 27.21 40.30
9240404
236.74 27.22 40.31
9247710
236.63 27.24 40.29
9255013
236.68 27.22 40.28
9262317
236.99 27.22 40.30
9269621
236.72 27.24 40.31
9276926
236.46 27.22 40.30
9284231
235.02 27.24 40.28
9291534
234.45 27.25 40.27
9298839
234.02 27.24 40.25
9306144
233.64 27.21 40.28
9313447
232.48 27.24 40.31
9320752
232.90 27.24 40.30
9328055
232.64 27.22 40.28
9335363
233.18 27.22 40.31
9342668
234.01 27.24 40.34
9349971
234.91 27.25 40.30
9357276
236.43 27.24 40.33
9364580
237.43 27.24 40.31
9371885
238.46 27.24 40.34
9379189
239.16 27.22 40.30
9386492
240.13 27.24 40.31
9393798
239.93 27.25 40.35
9401103
240.27 27.24 40.36
9408406
240.68 27.24 40.31
9415709
240.43 27.22 40.31
9423013
240.79 27.25 40.33
9430318
241.14 27.21 40.30
9437623
241.93 27.22 40.29
9444926
241.65 27.24 40.29
9452230
241.10 27.24 40.29
9459538
240.80 27.24 40.30
9466844
240.81 27.25 40.30
9474147
240.25 27.25 40.29
9481450
239.89 27.24 40.25
9488755
239.60 27.22 40.25
9496060
238.66 27.25 40.29
9503364
238.18 27.24 40.28
9510668
238.59 27.25 40.28
9517971
238.73 27.24 40.28
9525276
237.91 27.24 40.29
9532580
237.27 27.24 40.25
9539885
236.45 27.24 40.24
9547188
236.19 27.25 40.26
9554493
236.35 27.24 40.24
9561798
236.52 27.26 40.25
9569101
235.78 27.24 40.24
9576406
235.62 27.24 40.25
9583710
235.61 27.25 40.28
9591019
235.42 27.25 40.28
9598322
234.22 27.25 40.23
9605626
234.33 27.25 40.21
9612930
234.20 27.26 40.25
9620235
234.03 27.26 40.23
9627547
234.15 27.25 40.21
9634850
234.07 27.25 40.22
9642155
234.85 27.26 40.19
9649459
235.40 27.26 40.22
9656764
235.10 27.25 40.22
9664068
235.48 27.25 40.22
9671371
236.14 27.24 40.25
9678676
236.46 27.25 40.22
9685981
235.59 27.25 40.19
9693285
236.38 27.25 40.23
9700588
236.25 27.25 40.24
9707892
235.63 27.26 40.27
9715196
236.67 27.26 40.19
9722505
236.55 27.26 40.23
9729809
237.40 27.28 40.21
9737112
237.77 27.26 40.21
9744417
237.38 27.26 40.22
9751723
236.28 27.26 40.19
9759027
236.30 27.26 40.22
9766330
235.43 27.25 40.23
9773635
235.37 27.26 40.22
9780939
235.45 27.29 40.20
9788243
235.25 27.26 40.27
9795547
234.77 27.26 40.18
9802851
234.89 27.26 40.26
9810155
233.92 27.26 40.23
9817460
232.89 27.25 40.21
9824764
232.27 27.25 40.22
9832068
232.78 27.28 40.18
9839373
232.83 27.24 40.20
9846710
233.12 27.26 40.19
9854013
232.29 27.26 40.21
9861317
231.50 27.25 40.22
9868622
231.29 27.26 40.21
9875927
230.53 27.24 40.20
9883231
230.19 27.24 40.19
9890534
229.36 27.28 40.22
9897837
228.59 27.24 40.20
9905142
227.80 27.22 40.23
9912448
227.23 27.24 40.23
9919751
226.37 27.25 40.26
9927055
225.40 27.25 40.21
9934359
224.77 27.22 40.22
9941664
224.45 27.24 40.24
9948968
223.91 27.24 40.27
9956272
222.52 27.22 40.24
9963577
222.38 27.24 40.25
9970882
222.79 27.22 40.26
9978188
222.59 27.22 40.25
9985492
222.75 27.24 40.24
9992796
222.44 27.24 40.28
10000101
221.84 27.21 40.23
10007406
221.68 27.24 40.25
10014709
220.74 27.24 40.27
10022013
220.39 27.22 40.29
10029319
219.83 27.22 40.28
10036623
218.99 27.22 40.24
10043927
219.14 27.24 40.29
10051231
219.86 27.24 40.25
10058536
219.51 27.21 40.21
10065841
219.69 27.22 40.26
10073145
219.65 27.24 40.24
10080448
220.34 27.24 40.24
10087753
220.13 27.24 40.23
10095058
220.56 27.24 40.22
10102365
220.91 27.22 40.23
10109669
221.33 27.24 40.22
10116972
221.79 27.25 40.30
10124277
221.18 27.25 40.24
10131582
220.58 27.22 40.25
10138886
219.81 27.22 40.24
10146190
220.93 27.24 40.24
10153495
220.56 27.26 40.27
10160799
221.45 27.24 40.27
10168103
222.27 27.24 40.24
10175407
222.10 27.22 40.25
10182712
222.15 27.22 40.26
10190017
222.27 27.24 40.22
10197320
221.89 27.24 40.25
10204624
221.98 27.21 40.26
10211929
222.60 27.25 40.27
10219233
222.18 27.22 40.25
10226542
221.97 27.24 40.30
10233845
222.25 27.24 40.25
10241148
221.58 27.24 40.23
10248454
221.26 27.22 40.29
10255759
221.24 27.25 40.27
10263063
221.42 27.24 40.22
10270366
222.65 27.22 40.23
10277671
222.78 27.24 40.27
10284977
223.69 27.22 40.24
10292280
223.91 27.24 40.25
10299584
223.91 27.24 40.23
10306894
224.12 27.22 40.19
10314200
224.65 27.21 40.23
10321504
224.71 27.24 40.23
10328807
225.52 27.24 40.23
10336111
224.87 27.22 40.24
10343415
224.74 27.24 40.23
10350725
225.01 27.24 40.19
10358028
225.02 27.25 40.23
10365332
225.05 27.25 40.19
10372636
224.46 27.25 40.21
10379941
224.21 27.24 40.23
10387245
224.22 27.24 40.22
10394549
223.66 27.24 40.24
10401854
223.52 27.24 40.23
10409159
222.87 27.21 40.21
10416462
223.77 27.24 40.18
10423767
224.37 27.22 40.23
10431070
224.85 27.22 40.19
10438375
224.38 27.22 40.20
10445680
224.27 27.24 40.20
10452983
224.74 27.22 40.20
10460288
224.84 27.21 40.21
10467593
224.59 27.21 40.19
10474901
224.17 27.25 40.24
10482204
223.79 27.25 40.22
10489508
223.54 27.22 40.22
10496813
223.72 27.24 40.22
10504118
223.42 27.24 40.19
10511422
223.55 27.22 40.22
10518733
224.54 27.21 40.21
10526038
224.14 27.24 40.20
10533343
224.24 27.24 40.22
10540647
223.51 27.24 40.22
10547950
223.18 27.25 40.19
10555253
223.86 27.24 40.17
10562558
224.03 27.22 40.22
10569864
223.67 27.24 40.17
10577167
221.98 27.22 40.18
10584471
221.03 27.21 40.13
10591776
220.94 27.22 40.19
10599080
221.40 27.21 40.21
10606411
221.25 27.22 40.18
10613715
220.93 27.24 40.18
10621021
220.63 27.22 40.19
10628325
219.58 27.22 40.18
10635629
219.89 27.21 40.15
10642932
219.59 27.22 40.13
10650237
219.94 27.22 40.14
10657543
219.42 27.21 40.14
10664846
218.59 27.21 40.19
10672150
218.62 27.24 40.17
10679454
219.48 27.21 40.21
10686758
219.91 27.22 40.17
10694064
219.84 27.22 40.15
10701368
219.97 27.22 40.19
10708671
219.54 27.24 40.18
10715976
219.29 27.22 40.17
10723281
219.67 27.19 40.17
10730588
219.62 27.21 40.21
10737892
220.29 27.21 40.21
10745197
220.18 27.21 40.25
10752501
221.19 27.24 40.25
10759805
221.77 27.22 40.26
10767109
221.63 27.22 40.23
10774420
222.45 27.22 40.23
10781724
223.72 27.24 40.28
10789028
224.17 27.22 40.26
10796333
224.70 27.22 40.25
10803636
225.27 27.22 40.31
10810941
225.53 27.24 40.28
10818246
225.32 27.24 40.30
10825549
225.74 27.22 40.28
10832852
227.16 27.24 40.18
10840158
227.20 27.22 40.18
10847463
227.38 27.24 40.19
10854770
227.60 27.21 40.20
10862073
228.08 27.24 40.17
10869379
228.66 27.24 40.16
10876684
228.75 27.21 40.13
10883987
229.17 27.22 40.10
10891291
229.39 27.22 40.13
10898595
229.43 27.22 40.13
10905901
229.04 27.25 40.13
10913206
229.02 27.22 40.19
10920509
229.02 27.22 40.13
10927813
228.04 27.22 40.14
10935117
228.63 27.24 40.08
10942423
228.28 27.24 40.11
10949727
227.89 27.22 40.10
10957030
228.62 27.24 40.11
10964335
228.63 27.21 40.12
10971640
228.93 27.21 40.08
10978947
229.25 27.22 40.10
10986251
229.49 27.25 40.09
10993555
229.16 27.26 40.09
11000860
228.68 27.22 40.10
11008164
227.73 27.24 40.09
11015468
227.16 27.24 40.09
11022772
226.83 27.22 40.09
11030076
226.74 27.24 40.11
11037381
226.48 27.24 40.11
11044685
226.56 27.25 40.06
11051988
226.64 27.24 40.12
11059294
226.58 27.24 40.12
11066599
227.34 27.25 40.11
11073902
226.79 27.25 40.12
11081205
227.57 27.24 40.12
11088510
227.30 27.24 40.14
11095816
228.17 27.24 40.08
11103123
227.85 27.25 40.11
11110426
227.07 27.25 40.08
11117731
225.97 27.24 40.08
11125037
225.11 27.24 40.11
11132341
225.52 27.25 40.11
11139645
226.10 27.22 40.15
11146948
226.76 27.22 40.14
11154253
226.47 27.25 40.13
11161559
225.23 27.25 40.12
11168862
224.74 27.24 40.08
11176166
224.45 27.24 40.11
11183471
224.33 27.24 40.06
11190776
224.58 27.24 40.07
11198080
223.89 27.25 40.04
11205384
221.84 27.22 40.09
11212688
221.67 27.26 40.08
11219993
220.33 27.24 40.07
11227300
220.75 27.22 40.05
11234604
219.80 27.24 40.08
11241908
219.08 27.22 40.09
11249213
219.66 27.22 40.08
11256517
219.21 27.24 40.07
11263821
219.49 27.25 40.04
11271124
220.05 27.21 40.07
11278430
219.23 27.22 40.08
11285735
219.10 27.21 40.07
11293038
217.96 27.21 40.08
11300342
217.11 27.21 40.08
11307646
216.95 27.19 40.05
11314952
216.70 27.24 40.07
11322256
215.61 27.22 40.09
11329559
215.99 27.24 40.06
11336862
215.77 27.24 40.04
11344167
215.82 27.21 40.08
11351476
215.71 27.19 40.07
11358780
215.54 27.22 40.07
11366083
214.57 27.24 40.09
11373417
213.67 27.19 40.03
11380722
213.53 27.24 40.11
11388025
213.59 27.22 40.04
11395330
214.19 27.21 40.07
11402635
213.43 27.22 40.09
11409947
213.97 27.21 40.12
11417250
213.45 27.22 40.13
11424555
212.45 27.21 40.07
11431859
213.55 27.22 40.12
11439164
213.74 27.25 40.07
11446469
214.76 27.22 40.05
11453772
215.13 27.21 40.07
11461076
216.15 27.24 40.08
11468382
215.86 27.21 40.08
11475690
216.13 27.22 40.09
11482993
216.41 27.22 40.04
11490297
216.19 27.25 40.11
11497602
216.28 27.21 40.04
11504907
215.93 27.21 40.07
11512210
216.72 27.22 40.03
11519514
217.27 27.22 40.08
11526819
216.45 27.22 40.05
11534125
215.42 27.24 40.09
11541428
215.24 27.21 40.09
11548731
215.75 27.24 40.09
11556035
214.60 27.21 40.07
11563339
215.18 27.22 40.05
11570644
215.04 27.21 40.07
11577949
214.69 27.21 40.05
11585252
214.07 27.22 40.09
11592557
214.41 27.24 40.07
11599865
214.72 27.24 40.07
11607169
214.89 27.22 40.07
11614473
216.16 27.22 40.07
11621777
216.44 27.22 40.08
11629082
215.94 27.19 40.01
11636386
216.38 27.22 40.03
11643689
216.39 27.21 40.00
11651001
216.92 27.24 40.03
11658306
216.65 27.19 40.03
11665612
215.50 27.22 39.99
11672916
214.31 27.21 40.02
11680220
214.25 27.22 40.02
11687525
213.68 27.21 40.02
11694829
212.25 27.19 40.04
11702133
212.11 27.21 40.03
11709436
211.06 27.19 40.07
11716742
212.11 27.21 40.04
11724050
211.77 27.21 40.02
11731353
212.76 27.22 40.03
11738657
213.55 27.19 40.03
11745963
213.56 27.18 40.01
11753267
214.08 27.21 40.03
11760571
214.28 27.19 39.99
11767874
215.38 27.19 39.98
11775178
215.47 27.18 40.03
11782482
215.14 27.19 39.99
11789788
215.43 27.19 40.00
11797091
216.27 27.19 39.98
11804395
215.54 27.17 39.97
11811700
214.99 27.18 39.97
11819004
214.58 27.19 39.94
11826309
214.31 27.19 40.00
11833612
213.58 27.19 39.99
11840917
212.70 27.18 39.97
11848225
213.42 27.18 39.99
11855529
212.91 27.19 40.03
11862833
212.98 27.18 40.00
11870136
214.02 27.18 40.01
11877441
214.33 27.17 40.02
11884746
214.75 27.18 40.01
11892049
215.26 27.18 39.97
11899354
215.74 27.19 40.00
11906658
215.38 27.18 39.99
11913963
215.38 27.18 39.96
11921267
216.82 27.15 40.00
11928570
216.88 27.15 40.05
11935876
216.45 27.17 40.05
11943181
217.27 27.19 40.07
11950484
217.30 27.18 40.03
11957787
217.67 27.17 40.03
11965091
217.12 27.17 40.06
11972400
217.64 27.18 40.05
11979704
217.07 27.21 40.00
11987008
216.96 27.18 40.03
11994311
216.49 27.17 40.02
12001616
217.28 27.18 40.00
12008922
216.82 27.19 40.04
12016225
217.03 27.19 40.03
12023529
215.82 27.15 40.01
12030833
215.61 27.18 40.01
12038138
216.03 27.18 40.03
12045442
216.65 27.17 40.00
12052746
216.43 27.17 40.01
12060049
216.07 27.18 40.05
12067354
215.67 27.19 40.03
12074659
215.52 27.19 40.01
12081963
215.72 27.18 40.03
12089267
215.49 27.19 40.03
12096575
215.34 27.21 40.04
12103879
215.67 27.18 40.05
12111183
216.22 27.18 40.01
12118487
216.34 27.21 40.03
12125792
216.39 27.18 40.03
12133125
216.75 27.18 39.97
12140429
216.21 27.18 40.00
12147732
215.13 27.17 39.99
12155036
214.51 27.18 39.99
12162340
214.67 27.19 40.01
12169646
214.01 27.18 40.03
12176949
213.69 27.19 40.01
12184253
213.59 27.19 40.01
12191557
213.83 27.19 39.99
12198862
213.47 27.21 39.99
12206166
213.05 27.18 39.96
12213469
211.99 27.18 40.01
12220777
212.00 27.19 39.99
12228082
212.30 27.17 40.00
12235385
212.54 27.19 40.00
12242690
213.00 27.18 40.03
12249993
212.83 27.19 40.03
12257298
213.23 27.19 40.03
12264602
213.08 27.19 40.01
12271906
212.67 27.19 40.04
12279209
212.79 27.17 40.01
12286515
212.58 27.22 39.97
12293820
211.45 27.19 40.01
12301131
211.22 27.18 39.99
12308434
211.57 27.19 40.03
12315740
211.73 27.19 40.05
12323045
212.15 27.18 39.97
12330348
212.55 27.19 39.99
12337652
213.03 27.15 39.97
12344960
210.63 27.21 40.02
12352265
209.37 27.19 40.00
12359570
209.29 27.22 39.98
12366873
208.92 27.19 40.01
12374177
208.63 27.18 39.96
12381483
208.41 27.18 39.96
12388788
207.80 27.18 39.97
12396091
208.25 27.19 39.95
12403395
209.04 27.19 40.00
12410700
208.00 27.22 40.03
12418004
207.89 27.21 39.98
12425309
207.90 27.18 39.96
12432613
207.12 27.19 39.98
12439916
206.92 27.18 39.96
12447221
206.59 27.21 39.98
12454526
206.30 27.22 39.93
12461830
205.66 27.21 39.94
12469134
205.00 27.22 39.97
12476436
204.99 27.21 39.93
12483741
204.39 27.21 39.99
12491044
203.69 27.21 39.98
12498349
203.60 27.21 39.93
12505654
202.55 27.21 39.94
12512958
203.30 27.21 39.95
12520262
203.88 27.22 39.97
12527565
204.56 27.21 39.94
12534870
204.29 27.19 39.95
12542175
204.08 27.18 39.95
12549480
203.04 27.21 39.98
12556783
202.48 27.21 39.98
12564087
203.69 27.22 39.98
12571393
203.69 27.24 39.96
12578698
203.46 27.22 39.97
12586001
204.56 27.22 39.96
12593305
204.67 27.24 39.97
12600613
205.07 27.24 39.97
12607919
205.36 27.22 39.96
12615222
205.70 27.22 39.92
12622526
206.90 27.22 39.93
12629829
206.43 27.21 39.95
12637134
206.16 27.19 39.93
12644440
206.04 27.21 39.94
12651743
206.77 27.19 39.96
12659047
206.14 27.22 39.93
12666352
206.10 27.22 39.93
12673657
205.96 27.21 39.92
12680961
206.25 27.22 39.96
12688265
205.98 27.24 39.97
12695569
206.72 27.22 39.89
12702874
207.53 27.24 39.92
12710178
208.14 27.21 39.93
12717481
207.98 27.22 39.93
12724789
208.12 27.22 39.90
12732094
208.84 27.24 39.94
12739399
208.51 27.19 39.93
12746702
207.93 27.25 39.98
12754007
207.31 27.24 39.90
12761312
208.02 27.22 39.88
12768617
207.95 27.21 39.93
12775920
207.55 27.24 39.93
12783224
207.74 27.22 39.90
12790529
207.74 27.22 39.89
12797834
207.96 27.24 39.88
12805138
208.33 27.22 39.92
12812441
208.26 27.22 39.89
12819745
207.65 27.22 39.92
12827051
207.74 27.24 39.91
12834355
207.15 27.22 39.93
12841659
207.89 27.25 39.92
12848966
208.29 27.24 39.93
12856271
207.88 27.19 39.93
12863577
207.77 27.22 39.92
12870880
206.46 27.22 39.92
12878184
205.53 27.21 39.92
12885488
205.18 27.22 39.90
12892793
206.09 27.24 39.98
12900127
205.41 27.21 39.93
12907430
205.93 27.24 39.91
12914735
205.44 27.24 39.91
12922040
205.15 27.21 39.94
12929344
204.93 27.24 39.93
12936648
205.73 27.22 39.97
12943951
206.25 27.22 39.90
12951257
205.84 27.22 39.96
12958562
206.23 27.22 39.93
12965865
206.10 27.21 39.90
12973172
206.58 27.24 39.91
12980477
205.93 27.22 39.92
12987783
205.99 27.21 39.87
12995086
206.31 27.19 39.98
13002390
206.24 27.21 39.93
13009693
205.95 27.22 39.93
13016998
206.48 27.22 39.98
13024304
206.18 27.22 39.94
13031607
207.65 27.22 39.93
13038911
207.66 27.22 39.89
13046216
207.98 27.22 39.96
13053521
208.58 27.22 39.90
13060825
208.03 27.22 39.94
13068129
207.97 27.19 39.91
13075433
208.27 27.19 39.94
13082738
207.97 27.21 39.94
13090042
206.62 27.22 39.90
13097350
206.14 27.22 39.96
13104653
205.97 27.21 39.92
13111958
206.39 27.21 39.94
13119263
206.90 27.22 39.93
13126566
206.22 27.19 39.93
13133871
206.34 27.21 39.90
13141176
206.03 27.21 39.89
13148481
206.76 27.21 39.89
13155784
207.05 27.21 39.93
13163088
208.18 27.22 39.90
13170394
208.62 27.22 39.93
13177698
208.37 27.21 39.89
13185002
208.62 27.19 39.94
13192306
208.60 27.21 39.93
13199618
208.73 27.22 39.89
13206922
208.89 27.21 39.90
13214227
208.95 27.19 39.90
13221534
208.94 27.21 39.94
13228837
209.41 27.21 39.90
13236143
208.96 27.22 39.94
13243448
208.58 27.18 39.92
13250752
209.00 27.21 39.93
13258055
209.68 27.18 39.92
13265360
209.43 27.19 39.95
13272666
209.42 27.19 39.94
13279969
209.86 27.15 39.90
13287273
209.77 27.21 39.94
13294576
208.82 27.18 39.91
13301881
209.38 27.18 39.95
13309187
208.76 27.18 39.92
13316490
209.59 27.19 39.91
13323794
208.84 27.19 39.96
13331099
208.90 27.17 39.91
13338404
206.88 27.19 39.98
13345711
207.06 27.18 39.94
13353015
205.88 27.19 39.95
13360320
205.85 27.18 39.97
13367625
206.55 27.19 39.91
13374928
206.60 27.18 39.94
13382233
206.67 27.19 39.95
13389536
206.45 27.18 39.92
13396841
205.94 27.17 39.97
13404146
206.31 27.15 39.92
13411449
205.80 27.17 39.95
13418754
205.72 27.18 39.95
13426059
205.67 27.18 39.96
13433364
205.95 27.18 40.01
13440667
205.61 27.18 39.94
13447971
206.24 27.17 39.99
13455276
206.79 27.17 40.00
13462581
206.84 27.18 39.96
13469888
206.45 27.17 39.95
13477191
207.39 27.17 39.97
13484496
207.72 27.18 39.94
13491801
208.07 27.17 39.92
13499106
207.36 27.18 39.96
13506410
207.03 27.19 39.98
13513713
207.14 27.19 39.95
13521018
206.36 27.18 39.95
13528324
205.72 27.17 39.94
13535627
205.81 27.18 40.00
13542931
206.44 27.15 39.96
13550235
206.28 27.15 40.00
13557540
205.98 27.17 40.01
13564844
206.47 27.17 39.96
13572148
207.48 27.17 39.97
13579453
207.23 27.15 39.98
13586758
206.78 27.15 39.93
13594066
206.71 27.17 40.02
13601370
206.87 27.15 39.92
13608674
206.91 27.15 39.97
13615979
206.34 27.15 39.96
13623283
205.81 27.18 39.97
13630587
205.84 27.17 40.00
13637892
206.37 27.17 39.95
13645197
206.05 27.17 39.97
13652501
206.67 27.15 39.98
13659835
207.03 27.15 39.98
13667139
207.05 27.14 40.02
13674442
207.97 27.17 39.99
13681747
207.72 27.15 39.97
13689053
206.47 27.15 39.97
13696356
206.24 27.18 39.97
13703660
205.02 27.18 39.96
13710965
205.39 27.14 40.01
13718274
205.67 27.15 39.97
13725577
204.89 27.17 39.96
13732881
204.16 27.15 39.96
13740186
204.31 27.15 39.97
13747490
204.79 27.14 39.97
13754795
204.70 27.12 39.92
13762098
204.27 27.15 39.97
13769403
203.75 27.17 39.96
13776708
203.79 27.14 39.96
13784013
202.99 27.15 39.95
13791318
201.98 27.15 39.97
13798621
202.10 27.15 39.95
13805926
202.01 27.17 39.97
13813231
202.27 27.14 39.98
13820534
202.09 27.14 39.95
13827838
201.90 27.17 39.96
13835144
201.06 27.17 39.96
13842452
201.21 27.17 39.97
13849755
201.32 27.15 39.97
13857059
201.86 27.15 39.92
13864364
202.60 27.17 39.94
13871669
202.51 27.17 39.99
13878973
202.41 27.14 39.92
13886276
202.31 27.14 39.93
13893580
202.39 27.14 39.91
13900884
202.80 27.15 39.97
13908190
202.54 27.15 39.93
13915494
202.16 27.15 39.98
13922797
201.78 27.12 39.97
13930102
201.43 27.14 39.91
13937408
201.78 27.14 39.92
13944711
201.33 27.14 39.93
13952015
200.77 27.15 39.91
13959320
200.18 27.17 39.91
13966628
199.82 27.12 39.93
13973932
199.88 27.12 39.93
13981236
199.14 27.14 39.96
13988539
199.44 27.14 39.96
13995844
199.61 27.17 39.94
14003149
200.12 27.14 39.96
14010452
199.42 27.14 39.95
14017757
200.01 27.15 39.97
14025061
200.44 27.14 39.96
14032366
200.42 27.11 39.94
14039670
200.30 27.12 40.01
14046973
200.10 27.14 39.97
14054279
200.25 27.14 39.99
14061584
199.55 27.15 39.96
14068887
200.03 27.14 40.02
14076191
200.00 27.12 39.96
14083496
200.76 27.15 40.01
14090812
200.59 27.17 39.97
14098116
200.45 27.14 39.99
14105419
200.84 27.14 39.99
14112723
201.41 27.14 39.99
14120028
201.91 27.14 39.97
14127333
201.93 27.14 39.96
14134637
203.10 27.14 40.02
14141940
203.37 27.15 39.98
14149245
203.86 27.15 40.00
14156551
203.49 27.14 39.99
14163854
203.29 27.12 39.99
14171158
202.92 27.14 40.01
14178462
203.43 27.14 39.97
14185767
203.55 27.15 40.00
14193072
202.39 27.15 39.96
14200375
201.79 27.15 39.97
14207679
202.21 27.15 39.98
14214987
202.61 27.14 39.95
14222292
202.83 27.17 40.01
14229596
203.08 27.15 40.00
14236900
203.27 27.15 40.01
14244204
203.55 27.15 40.00
14251509
203.71 27.17 40.01
14258812
203.79 27.15 40.00
14266117
203.67 27.17 39.99
14273422
203.45 27.14 39.99
14280727
203.71 27.17 40.01
14288030
203.61 27.15 40.01
14295334
203.78 27.18 40.04
14302639
204.29 27.17 40.03
14309944
204.95 27.17 40.02
14317249
204.85 27.15 40.00
14324552
205.44 27.17 40.02
14331856
206.21 27.18 39.99
14339161
205.90 27.17 39.99
14346464
206.06 27.18 40.00
14353767
206.47 27.18 40.00
14361071
207.06 27.17 39.99
14368375
207.69 27.15 39.95
14375681
207.86 27.17 39.96
14382984
206.79 27.17 39.97
14390288
206.94 27.17 39.99
14397593
207.14 27.14 39.93
14404898
205.52 27.18 39.91
14412201
205.06 27.17 39.91
14419506
205.23 27.17 39.91
14426839
204.39 27.17 39.95
14434144
204.11 27.15 39.91
14441449
204.17 27.17 39.90
14448752
204.12 27.18 39.88
14456056
203.90 27.18 39.95
14463362
204.49 27.17 39.94
14470670
204.60 27.17 39.90
14477973
204.09 27.15 39.93
14485277
204.02 27.14 39.95
14492582
203.66 27.18 39.92
14499887
202.46 27.15 39.93
14507191
202.13 27.15 39.90
14514494
202.81 27.15 39.96
14521798
202.68 27.17 39.95
14529102
202.27 27.15 39.95
14536408
201.26 27.17 39.91
14543712
201.56 27.14 39.93
14551015
200.88 27.15 39.90
14558320
200.59 27.15 39.93
14565625
199.47 27.17 39.90
14572929
199.16 27.15 39.93
14580232
199.36 27.15 39.92
14587537
198.67 27.17 39.95
14594845
198.71 27.15 39.93
14602149
200.23 27.14 39.95
14609453
200.23 27.14 39.93
14616757
200.45 27.15 39.91
14624061
199.57 27.15 39.91
14631366
199.60 27.15 39.95
14638670
199.34 27.15 39.91
14645974
199.89 27.15 39.95
14653279
199.66 27.17 39.94
14660584
199.53 27.17 39.91
14667887
199.49 27.14 39.95
14675191
199.85 27.17 39.95
14682496
199.83 27.17 39.92
14689801
200.24 27.15 39.92
14697105
200.44 27.15 39.93
14704409
200.79 27.14 39.92
14711712
200.42 27.15 39.93
14719021
201.03 27.17 39.92
14726326
199.89 27.12 39.93
14733629
200.91 27.14 39.96
14740933
201.34 27.15 39.90
14748237
201.55 27.15 39.93
14755543
201.61 27.15 39.90
14762847
200.68 27.14 39.97
14770150
199.30 27.14 39.95
14777455
198.70 27.17 39.96
14784760
198.47 27.17 39.94
14792064
197.11 27.17 39.91
14799367
198.19 27.15 39.95
14806671
197.63 27.17 39.89
14813976
197.60 27.15 39.93
14821280
197.67 27.15 39.92
14828584
197.85 27.14 39.92
14835889
198.29 27.17 39.91
14843197
198.63 27.15 39.96
14850501
199.37 27.15 39.93
14857805
198.85 27.15 39.90
14865108
199.29 27.17 39.92
14872414
198.91 27.15 39.91
14879719
199.53 27.15 39.92
14887022
200.59 27.17 39.94
14894325
200.34 27.18 39.91
14901629
201.12 27.15 39.92
14908935
201.95 27.15 39.92
14916239
202.02 27.17 39.91
14923543
201.77 27.15 39.92
14930846
202.32 27.15 39.95
14938151
203.03 27.15 39.95
14945457
204.04 27.12 39.88
14952760
204.27 27.18 39.89
14960064
204.70 27.17 39.91
14967372
204.49 27.14 39.92
14974678
204.63 27.15 39.91
14981989
205.40 27.15 39.91
14989292
206.64 27.12 39.88
14996596
207.14 27.14 39.95
15003900
207.03 27.17 39.91
15011206
208.10 27.12 39.93
15018510
208.80 27.15 39.92
15025813
209.77 27.15 39.92
15033118
210.94 27.15 39.97
15040423
211.48 27.15 39.95
15047727
210.71 27.15 39.95
15055031
210.99 27.12 39.93
15062335
211.02 27.12 39.96
15069640
210.32 27.15 39.93
15076944
209.99 27.12 39.97
15084248
210.29 27.15 39.95
15091555
210.53 27.14 39.96
15098860
210.16 27.12 39.96
15106165
209.45 27.11 39.97
15113468
209.61 27.12 39.94
15120773
209.75 27.12 39.97
15128077
209.53 27.15 39.97
15135382
209.79 27.12 39.90
15142686
210.70 27.12 39.98
15149989
210.08 27.14 39.99
15157295
209.85 27.14 39.95
15164599
210.52 27.14 39.92
15171903
211.10 27.11 39.96
15179206
210.83 27.11 39.97
15186541
211.59 27.14 39.96
15193846
211.47 27.12 39.97
15201152
211.52 27.11 39.94
15208455
211.21 27.12 39.98
15215762
211.30 27.11 39.97
15223067
211.13 27.11 39.93
15230372
210.34 27.12 39.96
15237676
210.36 27.11 40.01
15244980
210.73 27.12 39.98
15252284
211.37 27.12 39.93
15259589
211.58 27.11 39.96
15266893
211.56 27.12 39.98
15274196
211.53 27.12 39.97
15281501
211.25 27.11 39.93
15288805
211.40 27.11 39.96
15296110
211.41 27.14 39.95
15303414
211.68 27.11 39.93
15310717
211.54 27.11 39.97
15318023
210.78 27.14 39.98
15325327
210.12 27.14 39.99
15332631
210.17 27.11 39.98
15339938
210.54 27.11 39.98
15347244
210.13 27.11 39.99
15354548
209.90 27.14 40.01
15361852
211.02 27.11 39.98
15369155
210.44 27.10 39.98
15376459
210.06 27.11 39.98
15383763
209.99 27.14 39.95
15391069
209.57 27.12 39.93
15398373
209.03 27.12 39.99
15405676
208.47 27.14 39.98
15412981
208.09 27.12 39.97
15420286
208.10 27.12 39.96
15427590
208.23 27.14 40.01
15434893
207.96 27.12 39.92
15442198
208.28 27.12 39.96
15449503
208.64 27.14 39.97
15456806
208.36 27.11 39.98
15464114
208.74 27.14 40.03
15471419
208.41 27.12 40.01
15478724
208.18 27.14 39.97
15486027
208.81 27.12 39.96
15493331
208.75 27.14 39.96
15500635
208.58 27.11 39.93
15507940
208.51 27.12 39.96
15515245
208.73 27.12 40.01
15522548
208.09 27.12 39.96
15529852
207.87 27.12 39.96
15537157
207.64 27.14 39.96
15544462
206.85 27.14 39.98
15551766
206.13 27.14 39.96
15559069
205.65 27.12 39.93
15566374
205.21 27.14 39.96
15573679
205.91 27.15 39.98
15580983
205.41 27.14 39.93
15588290
204.85 27.12 39.97
15595593
205.01 27.14 39.96
15602898
205.23 27.17 39.97
15610204
204.53 27.15 39.93
15617507
204.37 27.15 39.98
15624811
204.34 27.15 39.95
15632115
204.87 27.15 40.00
15639420
205.36 27.14 40.02
15646724
205.45 27.17 39.97
15654028
206.36 27.12 39.98
15661333
206.42 27.14 39.96
15668637
207.13 27.12 39.98
15675941
207.01 27.15 39.93
15683245
207.18 27.15 39.95
15690548
208.34 27.17 39.94
15697853
207.85 27.15 39.96
15705158
208.08 27.14 39.88
15712465
209.13 27.14 39.92
15719769
208.95 27.15 39.96
15727074
209.07 27.14 39.91
15734379
210.12 27.15 39.92
15741682
212.33 27.14 39.91
15748986
212.35 27.14 39.93
15756291
211.86 27.14 39.90
15763596
212.06 27.15 39.92
15770899
212.49 27.17 39.92
15778203
212.46 27.15 39.92
15785506
211.88 27.17 39.95
15792812
212.10 27.15 39.90
15800117
212.74 27.14 39.92
15807420
212.50 27.15 39.93
15814724
213.01 27.14 39.90
15822028
213.32 27.15 39.90
15829334
213.17 27.14 39.93
15836641
213.11 27.15 39.86
15843944
213.54 27.15 39.89
15851249
212.99 27.15 39.90
15858554
212.32 27.17 39.94
15865858
212.70 27.14 39.95
15873169
212.75 27.15 39.96
15880472
211.85 27.14 39.90
15887777
211.78 27.15 39.93
15895083
213.02 27.12 39.94
15902386
213.63 27.18 39.91
15909689
213.77 27.15 39.91
15916994
213.65 27.15 39.89
15924299
213.71 27.17 39.91
15931602
213.48 27.14 39.92
15938907
213.59 27.17 39.94
15946242
213.77 27.15 39.93
15953546
214.01 27.15 39.90
15960853
213.56 27.14 39.92
15968157
213.39 27.14 39.86
15975460
213.54 27.17 39.95
15982766
213.71 27.15 39.92
15990071
214.30 27.15 39.87
15997374
214.64 27.17 39.91
16004678
214.64 27.14 39.93
16011982
214.28 27.17 39.94
16019288
214.61 27.17 39.92
16026592
214.41 27.17 39.97
16033895
214.63 27.12 39.92
16041200
213.57 27.15 39.95
16048505
213.26 27.15 39.93
16055809
212.42 27.14 39.92
16063112
212.92 27.15 39.90
16070416
213.14 27.14 39.92
16077720
213.22 27.17 39.95
16085028
213.40 27.15 39.96
16092333
213.73 27.14 39.91
16099636
213.12 27.14 39.92
16106941
212.82 27.14 39.92
16114245
212.78 27.17 39.96
16121549
213.57 27.15 39.89
16128852
213.73 27.14 39.97
16136158
213.30 27.14 39.92
16143462
213.15 27.14 39.91
16150766
213.16 27.17 39.91
16158069
213.56 27.15 39.90
16165372
214.18 27.17 39.91
16172678
214.17 27.15 39.90
16179983
215.10 27.12 39.90
16187286
214.65 27.12 39.92
16194590
213.95 27.14 39.95
16201894
213.81 27.15 39.90
16209200
214.46 27.15 39.87
16216508
214.42 27.17 39.89
16223811
213.89 27.14 39.90
16231116
213.89 27.15 39.91
16238422
214.18 27.15 39.91
16245725
214.60 27.15 39.89
16253029
214.92 27.15 39.90
16260332
215.37 27.14 39.92
16267637
215.49 27.17 39.92
16274941
215.85 27.14 39.90
16282246
216.48 27.17 39.90
16289549
217.32 27.12 39.88
16296854
217.63 27.14 39.91
16304159
218.35 27.15 39.90
16311462
218.41 27.18 39.88
16318767
219.04 27.15 39.91
16326072
218.20 27.14 39.90
16333377
217.52 27.17 39.90
16340683
216.56 27.15 39.90
16347987
216.87 27.14 39.88
16355291
216.52 27.14 39.86
16362596
216.84 27.14 39.90
16369901
216.06 27.14 39.91
16377205
215.64 27.17 39.89
16384508
214.76 27.14 39.92
16391814
214.06 27.15 39.91
16399119
214.48 27.15 39.87
16406422
214.94 27.15 39.86
16413726
216.09 27.18 39.89
16421031
216.43 27.17 39.87
16428336
216.94 27.15 39.85
16435640
217.42 27.15 39.89
16442944
216.50 27.17 39.82
16450248
216.41 27.14 39.87
16457553
216.44 27.14 39.86
16464861
216.19 27.14 39.85
16472165
216.56 27.15 39.86
16479468
217.00 27.15 39.84
16486773
217.28 27.15 39.86
16494078
216.25 27.17 39.90
16501382
215.04 27.15 39.89
16508686
215.75 27.17 39.87
16515991
215.36 27.14 39.90
16523296
215.12 27.14 39.86
16530599
214.15 27.17 39.92
16537904
214.29 27.12 39.88
16545208
214.73 27.15 39.89
16552513
215.32 27.14 39.87
16559817
214.29 27.17 39.89
16567120
214.37 27.14 39.88
16574426
214.47 27.14 39.91
16581731
215.24 27.14 39.86
16589038
214.47 27.17 39.90
16596342
214.46 27.14 39.90
16603645
212.57 27.17 39.87
16610951
212.96 27.17 39.91
16618256
213.58 27.15 39.86
16625559
213.29 27.14 39.93
16632863
212.39 27.15 39.89
16640168
212.60 27.15 39.86
16647474
211.38 27.14 39.87
16654777
210.51 27.15 39.90
16662081
210.54 27.12 39.86
16669386
210.59 27.15 39.85
16676690
211.25 27.15 39.87
16683995
211.54 27.17 39.87
16691299
211.21 27.15 39.87
16698602
210.76 27.17 39.86
16705937
209.64 27.15 39.86
16713245
208.87 27.17 39.86
16720549
209.57 27.17 39.86
16727854
209.66 27.18 39.84
16735158
209.58 27.17 39.81
16742463
210.11 27.14 39.81
16749767
209.96 27.15 39.93
16757079
210.48 27.14 39.87
16764384
210.31 27.17 39.84
16771689
210.56 27.15 39.84
16778992
211.13 27.15 39.85
16786296
210.81 27.14 39.86
16793600
210.81 27.14 39.80
16800905
210.45 27.17 39.85
16808210
210.68 27.18 39.84
16815514
210.43 27.14 39.84
16822817
210.15 27.15 39.81
16830123
210.78 27.14 39.86
16837431
210.31 27.15 39.84
16844735
210.79 27.15 39.87
16852038
210.31 27.17 39.82
16859343
210.24 27.14 39.85
16866649
210.05 27.14 39.88
16873953
210.42 27.17 39.85
16881256
211.84 27.15 39.84
16888560
212.26 27.15 39.80
16895865
212.30 27.15 39.82
16903171
211.87 27.15 39.81
16910474
211.93 27.14 39.81
16917778
210.80 27.15 39.85
16925083
210.94 27.15 39.89
16932387
210.38 27.17 39.81
16939692
210.87 27.15 39.79
16946996
210.42 27.14 39.81
16954301
210.99 27.12 39.79
16961609
211.11 27.15 39.84
16968912
212.18 27.14 39.84
16976217
212.38 27.15 39.86
16983521
211.19 27.15 39.86
16990826
211.43 27.15 39.86
16998130
210.56 27.12 39.86
17005434
210.28 27.15 39.87
17012738
209.44 27.14 39.85
17020043
209.61 27.15 39.82
17027348
209.49 27.15 39.85
17034652
209.00 27.12 39.82
17041955
209.46 27.17 39.85
17049261
209.60 27.15 39.84
17056566
209.50 27.15 39.82
17063869
209.86 27.15 39.80
17071173
209.42 27.14 39.80
17078478
208.52 27.12 39.82
17085787
208.08 27.15 39.84
17093091
208.40 27.12 39.81
17100394
207.89 27.15 39.84
17107698
207.33 27.15 39.82
17115003
207.28 27.15 39.76
17122308
208.15 27.17 39.76
17129612
207.55 27.15 39.81
17136915
207.27 27.14 39.82
17144220
