835.53 28.55 34.30
1141
836.00 28.54 34.26
3185
836.89 28.56 34.38
5209
837.36 28.58 34.21
7233
837.66 28.59 34.03
9257
838.24 28.59 33.77
11282
838.88 28.59 33.68
13306
839.74 28.58 33.71
15331
840.30 28.59 33.76
17356
839.54 28.62 33.65
19380
835.26 28.61 33.94
21404
831.18 28.66 34.19
23429
826.63 28.63 34.50
25453
819.68 28.65 34.49
27476
801.31 28.66 34.55
29751
739.77 28.69 34.84
37052
748.72 28.72 34.92
44354
769.22 28.76 34.91
51656
771.65 28.75 34.96
58958
781.11 28.78 34.86
66259
793.62 28.79 34.76
73565
801.09 28.78 34.71
80867
808.44 28.79 34.63
88169
818.28 28.78 34.64
95470
824.68 28.75 34.60
102771
833.27 28.73 34.54
110074
838.39 28.72 34.52
117377
841.70 28.69 34.50
124678
843.52 28.68 34.53
131980
847.77 28.62 34.45
139282
850.93 28.63 35.66
146584
855.37 28.59 34.72
153885
860.00 28.58 34.58
161186
861.30 28.55 34.57
168487
861.80 28.49 34.42
175791
862.73 28.48 34.43
183093
864.35 28.41 34.45
190394
864.75 28.36 34.55
197695
866.38 28.32 34.58
205001
867.76 28.32 34.59
212303
870.14 28.25 34.60
219604
873.21 28.24 34.65
226906
874.90 28.18 34.67
234209
875.32 28.14 34.69
241511
877.09 28.10 34.78
248812
878.18 28.04 34.76
256113
878.70 28.04 34.83
263416
880.05 27.97 34.81
270718
880.84 27.94 34.88
278020
882.46 27.90 34.92
285321
883.81 27.87 34.96
292622
885.70 27.83 35.02
299925
886.61 27.80 35.04
307227
887.77 27.73 35.06
314528
890.96 27.72 35.09
321829
892.70 27.67 35.12
329133
891.53 27.62 35.25
336438
892.93 27.60 35.26
343739
893.27 27.56 35.28
351041
894.25 27.53 35.33
358343
894.55 27.49 35.36
365645
895.19 27.48 35.44
372946
895.37 27.44 35.43
380248
895.50 27.41 35.46
387551
893.77 27.37 35.47
394853
893.16 27.35 35.49
402154
891.86 27.32 35.54
409455
891.76 27.29 35.55
416756
891.16 27.26 35.65
424058
890.10 27.25 35.70
431361
888.35 27.22 35.71
438663
887.78 27.19 35.78
445964
886.65 27.15 35.81
453266
885.48 27.12 35.92
460568
886.00 27.14 35.96
467869
886.27 27.08 35.99
475174
885.80 27.07 35.99
482477
887.42 27.05 36.05
489779
888.02 27.04 36.06
497080
889.98 27.00 36.14
504408
890.41 26.98 36.20
511710
890.88 26.95 36.23
519012
891.77 26.97 36.25
526314
893.34 26.91 36.28
533616
894.72 26.89 36.33
540917
894.73 26.87 36.35
548219
895.41 26.86 36.43
555522
896.89 26.86 36.45
562824
897.90 26.83 36.52
570125
899.80 26.80 36.53
577427
901.69 26.79 36.53
584737
904.76 26.77 36.53
592038
905.71 26.77 36.61
599340
906.90 26.76 36.64
606646
907.55 26.70 36.70
613948
909.54 26.73 36.73
621249
911.05 26.71 36.81
628550
913.30 26.68 36.80
635853
915.08 26.67 36.80
643155
917.47 26.66 36.81
650457
920.11 26.66 36.87
657758
922.61 26.63 36.87
665059
924.30 26.63 36.88
672362
923.89 26.62 36.92
679664
924.34 26.59 37.00
686965
925.04 26.57 37.04
694266
925.85 26.57 37.03
701569
926.61 26.56 37.05
708872
927.95 26.53 37.03
716173
928.64 26.53 37.08
723474
928.68 26.50 37.08
730776
930.00 26.50 37.07
738082
930.59 26.49 37.10
745383
930.76 26.47 37.12
752685
930.60 26.47 37.10
759992
932.34 26.46 37.10
767295
931.99 26.46 37.11
774596
932.49 26.43 37.11
781897
931.34 26.40 37.17
789198
929.93 26.40 37.19
796500
930.10 26.42 37.19
803804
930.67 26.42 37.18
811105
930.37 26.40 37.19
818406
931.00 26.39 37.23
825708
931.71 26.39 37.22
833011
931.33 26.38 37.24
840312
930.55 26.36 37.24
847613
931.62 26.38 37.25
854916
931.90 26.36 37.30
862218
930.56 26.32 37.25
869519
930.80 26.35 37.33
876824
930.77 26.32 37.31
884126
931.27 26.32 37.36
891429
931.60 26.33 37.39
898731
932.28 26.31 37.39
906032
932.31 26.31 37.39
913333
932.19 26.29 37.42
920635
933.62 26.29 37.39
927937
935.03 26.25 37.44
935238
936.30 26.26 37.43
942540
936.63 26.26 37.48
949842
936.24 26.25 37.50
957145
938.05 26.25 37.49
964446
938.22 26.25 37.57
971747
938.73 26.25 37.67
979050
938.75 26.25 37.67
986352
939.19 26.22 37.79
993653
940.04 26.22 38.02
1000954
940.73 26.22 38.10
1008264
940.63 26.22 38.04
1015566
939.46 26.21 37.98
1022868
938.77 26.21 37.93
1030169
938.70 26.21 37.89
1037470
939.14 26.21 37.85
1044772
938.59 26.19 37.86
1052076
936.89 26.16 37.80
1059377
935.84 26.18 37.79
1066678
934.61 26.16 37.90
1073981
934.84 26.16 38.02
1081283
934.71 26.16 38.01
1088584
934.07 26.13 38.00
1095885
933.74 26.15 37.96
1103188
933.08 26.15 38.07
1110491
931.19 26.13 38.02
1117792
930.42 26.13 37.95
1125093
930.71 26.12 38.10
1132398
931.41 26.15 38.08
1139700
931.35 26.12 38.03
1147003
930.37 26.11 38.15
1154305
929.61 26.08 38.22
1161606
928.96 26.11 38.22
1168908
929.03 26.09 38.22
1176211
928.62 26.08 38.22
1183512
927.46 26.11 38.23
1190813
926.40 26.09 38.09
1198115
925.59 26.09 38.11
1205419
926.59 26.08 38.13
1212720
926.24 26.08 38.14
1220021
925.94 26.08 38.21
1227323
925.69 26.06 38.19
1234626
926.45 26.08 38.22
1241927
925.41 26.06 38.16
1249228
924.79 26.06 38.33
1256534
923.78 26.06 38.36
1263840
923.24 26.08 38.36
1271144
921.58 26.06 38.43
1278445
921.35 26.06 38.32
1285773
920.80 26.06 38.16
1293075
920.11 26.06 38.06
1300378
918.70 26.04 38.01
1307679
918.33 26.04 37.91
1314980
918.09 26.02 37.91
1322283
916.62 26.04 37.87
1329586
915.07 26.05 37.86
1336887
914.83 26.04 37.84
1344188
915.12 26.05 37.92
1351490
914.10 26.04 37.96
1358793
912.71 26.04 37.99
1366094
911.56 26.02 38.02
1373395
910.74 26.02 38.01
1380698
910.79 26.02 38.03
1388001
910.55 26.04 38.02
1395306
909.89 26.02 38.07
1402608
911.28 26.01 38.03
1409909
910.24 26.04 38.08
1417211
909.24 26.01 38.13
1424514
908.40 26.02 38.13
1431816
907.56 26.01 38.04
1439117
907.20 26.02 38.03
1446419
906.23 25.99 37.98
1453721
906.29 25.99 37.91
1461023
904.07 26.01 37.92
1468324
903.43 26.02 37.86
1475634
902.22 26.01 37.90
1482937
900.94 25.99 37.84
1490238
900.02 26.02 37.87
1497539
898.64 25.98 37.89
1504840
896.59 25.98 37.90
1512142
897.22 25.98 37.93
1519449
895.51 25.99 37.98
1526750
894.72 26.01 37.93
1534051
894.02 25.96 37.94
1541354
892.87 25.99 38.04
1548656
891.20 25.99 38.01
1555957
889.50 25.98 37.93
1563258
889.44 25.95 38.05
1570562
887.69 25.96 38.03
1577864
886.18 25.98 38.07
1585165
886.76 25.96 38.06
1592466
885.18 25.98 38.04
1599769
885.45 25.99 38.14
1607071
884.28 25.98 38.35
1614372
884.24 25.96 38.35
1621673
882.63 25.98 38.39
1628976
881.33 25.98 38.49
1636278
881.67 25.99 38.39
1643581
881.03 25.98 38.41
1650885
880.27 25.95 38.31
1658186
880.38 25.95 38.35
1665489
879.71 25.99 38.33
1672792
879.32 25.95 38.32
1680093
879.25 25.95 38.52
1687394
879.97 25.96 38.41
1694697
879.41 25.99 38.36
1701999
879.26 25.96 38.42
1709300
878.78 25.95 38.46
1716601
878.74 25.95 38.61
1723904
878.47 25.95 38.67
1731206
877.78 25.95 38.67
1738508
877.48 25.94 38.82
1745810
877.41 25.95 38.77
1753111
876.80 25.96 38.79
1760413
877.09 25.95 38.84
1767715
876.75 25.95 38.95
1775017
874.55 25.96 38.97
1782322
873.92 25.98 39.00
1789625
874.22 25.96 38.89
1796927
874.02 25.94 38.96
1804228
875.45 25.95 38.99
1811529
875.12 25.94 39.10
1818830
875.86 25.94 39.12
1826134
875.57 25.95 39.11
1833436
874.81 25.96 39.11
1840737
874.77 25.96 39.15
1848038
874.61 25.94 39.09
1855340
873.97 25.96 39.13
1862643
873.61 25.96 39.13
1869944
872.98 25.95 39.16
1877245
873.06 25.92 39.16
1884548
873.93 25.95 39.13
1891851
873.24 25.95 39.17
1899152
872.37 25.95 39.19
1906456
871.93 25.95 39.14
1913757
872.62 25.95 39.15
1921060
872.13 25.94 39.16
1928363
871.89 25.92 39.01
1935664
871.83 25.95 38.98
1942965
870.89 25.95 38.92
1950268
871.37 25.95 38.94
1957570
870.63 25.94 39.02
1964871
870.09 25.94 38.90
1972172
869.87 25.95 38.92
1979475
869.57 25.94 38.84
1986778
869.41 25.94 38.91
1994079
869.03 25.92 38.95
2001380
868.01 25.94 39.02
2008681
867.88 25.94 39.01
2015984
868.12 25.94 39.09
2023286
867.95 25.92 39.05
2030587
866.76 25.95 39.05
2037892
865.84 25.92 38.97
2045195
866.40 25.92 38.96
2052497
866.07 25.95 38.92
2059798
866.08 25.91 38.86
2067099
866.84 25.94 38.87
2074428
866.61 25.92 38.91
2081731
866.85 25.94 38.93
2089032
866.24 25.92 38.97
2096333
866.09 25.92 38.93
2103635
866.53 25.91 38.82
2110939
867.50 25.94 38.91
2118240
868.70 25.91 38.90
2125541
869.77 25.94 38.94
2132842
870.37 25.91 38.93
2140144
870.16 25.91 38.93
2147447
869.50 25.89 39.07
2154748
869.58 25.91 39.02
2162050
869.55 25.92 39.02
2169356
869.42 25.94 39.02
2176658
870.06 25.94 38.93
2183959
870.78 25.94 38.83
2191260
869.56 25.92 38.82
2198563
868.99 25.92 38.90
2205865
869.40 25.91 38.91
2213168
870.03 25.91 38.97
2220469
870.06 25.94 38.93
2227775
869.79 25.88 38.88
2235078
870.39 25.92 38.85
2242379
869.58 25.91 38.76
2249680
870.13 25.91 38.77
2256982
870.86 25.91 38.82
2264285
868.82 25.91 38.82
2271587
868.64 25.94 38.82
2278888
869.24 25.92 38.85
2286189
870.63 25.91 38.87
2293495
870.93 25.91 38.86
2300797
870.39 25.92 38.91
2308099
871.58 25.92 38.89
2315401
872.01 25.92 38.89
2322703
871.89 25.92 38.85
2330005
871.59 25.92 38.82
2337306
870.59 25.91 38.79
2344608
869.52 25.89 38.75
2351910
869.00 25.89 38.73
2359213
868.60 25.91 38.76
2366522
869.18 25.91 38.73
2373823
869.30 25.89 38.77
2381124
869.85 25.91 38.74
2388426
869.92 25.89 38.69
2395729
870.05 25.89 38.62
2403031
870.02 25.91 38.75
2410332
869.89 25.88 38.78
2417634
868.84 25.91 38.84
2424940
868.39 25.91 38.81
2432241
867.83 25.89 38.85
2439542
867.26 25.91 38.92
2446845
866.61 25.91 39.01
2454148
866.88 25.91 38.96
2461449
868.75 25.91 38.93
2468750
869.04 25.91 38.95
2476053
868.90 25.88 38.95
2483355
868.80 25.89 39.02
2490656
868.98 25.89 38.85
2497957
868.76 25.89 38.85
2505260
868.71 25.88 38.95
2512562
867.77 25.87 38.91
2519864
866.67 25.92 38.89
2527165
865.51 25.88 38.86
2534467
864.46 25.88 38.89
2541769
863.96 25.89 38.86
2549071
863.91 25.89 39.02
2556377
864.49 25.87 38.93
2563678
863.54 25.88 39.03
2570980
862.27 25.89 38.98
2578282
860.68 25.88 38.81
2585584
860.72 25.88 38.91
2592885
859.77 25.89 38.96
2600187
860.52 25.88 38.83
2607490
860.39 25.88 38.83
2614791
859.15 25.88 38.87
2622093
857.90 25.88 38.79
2629395
858.07 25.89 38.73
2636697
857.20 25.88 38.76
2643998
856.67 25.88 38.70
2651299
856.66 25.87 38.56
2658600
856.35 25.88 38.73
2665904
856.19 25.88 38.54
2673206
855.50 25.89 38.55
2680510
855.56 25.87 38.45
2687811
855.76 25.89 38.44
2695114
855.37 25.89 38.49
2702416
853.54 25.88 38.38
2709718
851.72 25.87 38.11
2717019
850.85 25.88 38.35
2724322
851.55 25.87 38.42
2731624
851.25 25.85 38.46
2738925
850.07 25.88 38.57
2746226
849.17 25.85 38.48
2753527
847.80 25.87 38.49
2760830
847.26 25.87 38.34
2768133
847.08 25.89 38.20
2775434
845.49 25.85 38.18
2782735
845.74 25.88 38.23
2790038
845.66 25.85 38.20
2797340
845.96 25.88 38.13
2804641
845.37 25.85 38.13
2811945
846.06 25.87 38.01
2819249
846.46 25.85 38.05
2826551
846.16 25.87 38.08
2833852
848.26 25.87 38.03
2841153
849.47 25.87 37.98
2848454
850.03 25.85 37.94
2855783
850.64 25.87 37.97
2863085
850.52 25.85 37.94
2870386
852.72 25.87 37.93
2877687
852.74 25.87 38.01
2884990
853.31 25.85 38.06
2892293
854.99 25.83 37.97
2899594
857.69 25.83 37.92
2906895
859.79 25.85 38.08
2914197
861.42 25.85 38.05
2921500
864.18 25.84 38.04
2928801
865.36 25.84 37.99
2936102
868.12 25.85 37.94
2943409
869.93 25.83 37.96
2950711
872.29 25.84 37.98
2958013
872.83 25.83 38.09
2965314
874.70 25.84 38.14
2972615
875.44 25.85 38.11
2979918
877.56 25.84 38.14
2987220
878.91 25.85 38.15
2994522
880.24 25.84 38.19
3001823
880.34 25.84 38.19
3009126
880.29 25.85 38.10
3016428
879.53 25.83 38.02
3023729
879.52 25.84 37.99
3031030
880.78 25.84 37.90
3038332
880.97 25.85 37.97
3045636
881.21 25.83 37.94
3052937
881.26 25.85 37.89
3060238
880.24 25.85 37.94
3067542
880.83 25.87 37.95
3074844
879.89 25.84 37.99
3082147
879.78 25.87 37.95
3089448
878.13 25.84 37.94
3096750
876.49 25.84 37.85
3104053
876.39 25.83 37.94
3111355
875.54 25.85 37.87
3118656
874.85 25.84 37.92
3125957
874.81 25.84 37.84
3133260
874.39 25.84 37.87
3140562
874.53 25.84 37.85
3147864
873.67 25.85 37.89
3155165
872.87 25.84 37.98
3162466
871.52 25.84 38.10
3169769
869.71 25.84 38.29
3177071
869.92 25.84 38.21
3184372
870.76 25.84 38.19
3191673
869.98 25.83 38.17
3198980
870.57 25.83 38.12
3206282
870.12 25.85 38.10
3213583
870.44 25.84 38.02
3220884
870.53 25.84 38.09
3228186
870.72 25.87 38.13
3235489
871.10 25.87 38.07
3242790
870.85 25.84 38.14
3250092
871.18 25.83 38.15
3257401
870.05 25.85 38.13
3264703
869.34 25.84 38.06
3272005
869.14 25.85 38.10
3279306
869.17 25.85 38.14
3286607
868.86 25.85 38.10
3293910
868.61 25.85 38.06
3301213
869.15 25.84 38.00
3308514
868.77 25.84 37.94
3315815
868.91 25.85 38.08
3323117
867.64 25.83 38.11
3330423
868.00 25.85 38.20
3337724
867.30 25.85 38.18
3345026
867.42 25.87 38.13
3352327
866.23 25.83 38.02
3359630
866.58 25.84 38.09
3366932
867.47 25.83 38.11
3374233
867.21 25.85 38.16
3381534
867.52 25.87 38.10
3388836
866.65 25.87 38.08
3396140
865.86 25.85 38.14
3403441
865.10 25.85 38.09
3410742
864.34 25.84 38.06
3418044
864.42 25.85 38.09
3425347
864.21 25.84 38.12
3432648
864.49 25.85 38.11
3439949
865.05 25.85 37.98
3447250
865.53 25.87 37.99
3454556
864.61 25.84 38.05
3461859
863.68 25.87 38.10
3469160
864.31 25.84 38.10
3476461
864.25 25.83 38.06
3483763
864.83 25.84 38.12
3491066
866.10 25.85 38.09
3498368
865.82 25.85 38.10
3505669
865.27 25.87 38.21
3512971
865.29 25.85 38.33
3520274
864.77 25.85 38.33
3527575
864.68 25.84 38.24
3534876
863.71 25.85 38.18
3542178
863.78 25.84 38.15
3549481
864.59 25.87 38.14
3556784
864.89 25.85 38.20
3564085
865.40 25.85 38.14
3571386
864.83 25.84 38.12
3578688
865.40 25.84 38.20
3585994
864.81 25.85 38.19
3593295
864.71 25.85 38.20
3600596
864.30 25.83 38.21
3607899
864.58 25.85 38.16
3615202
864.67 25.84 38.09
3622503
865.23 25.88 38.04
3629804
864.75 25.84 38.14
3637112
864.82 25.84 38.14
3644440
864.49 25.85 38.11
3651743
863.64 25.84 38.09
3659044
863.63 25.87 38.08
3666345
863.85 25.84 37.99
3673648
863.34 25.85 37.99
3680950
862.66 25.85 38.11
3688251
862.62 25.84 38.16
3695552
863.25 25.84 38.26
3702855
862.71 25.84 38.32
3710157
862.46 25.84 38.19
3717463
861.93 25.85 38.29
3724764
862.88 25.83 38.27
3732066
861.65 25.84 38.35
3739368
860.98 25.84 38.39
3746669
860.66 25.84 38.43
3753971
859.58 25.84 38.39
3761272
858.08 25.84 38.35
3768574
857.22 25.84 38.40
3775877
855.15 25.84 38.33
3783178
854.57 25.84 38.36
3790479
855.23 25.85 38.44
3797782
855.35 25.85 38.48
3805084
854.58 25.87 38.47
3812385
853.88 25.81 38.54
3819686
853.63 25.85 38.58
3826989
852.83 25.85 38.54
3834292
853.18 25.84 38.46
3841596
852.80 25.84 38.46
3848897
851.86 25.83 38.59
3856198
849.93 25.84 38.50
3863501
848.47 25.83 38.45
3870803
846.84 25.84 38.48
3878105
846.19 25.84 38.43
3885406
846.56 25.85 38.44
3892708
845.72 25.84 38.40
3900011
845.54 25.84 38.46
3907312
845.67 25.85 38.52
3914613
845.31 25.87 38.59
3921915
846.38 25.83 38.53
3929219
846.50 25.81 38.54
3936520
846.03 25.83 38.68
3943821
845.37 25.83 38.60
3951122
844.22 25.84 38.62
3958424
843.62 25.84 38.56
3965726
841.91 25.84 38.45
3973031
840.31 25.84 38.51
3980332
840.50 25.84 38.58
3987635
840.75 25.84 38.51
3994937
839.69 25.84 38.51
4002238
839.94 25.83 38.59
4009539
838.94 25.83 38.47
4016841
838.03 25.81 38.44
4024143
838.34 25.83 38.42
4031444
838.49 25.84 38.36
4038746
838.49 25.85 38.41
4046047
837.48 25.83 38.32
4053349
837.25 25.83 38.29
4060651
836.72 25.85 38.33
4067952
837.76 25.83 38.38
4075253
838.48 25.84 38.42
4082555
838.42 25.81 38.38
4089859
838.07 25.83 38.33
4097160
838.59 25.83 38.29
4104464
838.50 25.84 38.31
4111766
838.14 25.83 38.21
4119069
838.68 25.80 38.23
4126370
837.72 25.81 38.18
4133671
837.04 25.81 38.16
4140974
837.21 25.84 38.19
4148284
836.82 25.81 38.17
4155586
837.18 25.80 38.22
4162888
838.24 25.83 38.26
4170189
836.97 25.81 38.24
4177491
837.48 25.83 38.21
4184794
837.66 25.81 38.23
4192096
836.74 25.83 38.25
4199397
836.78 25.80 38.19
4206699
836.24 25.80 38.18
4214001
836.85 25.81 38.22
4221302
836.55 25.83 38.22
4228608
835.39 25.81 38.11
4235910
836.92 25.81 38.12
4243213
836.82 25.81 38.16
4250514
836.88 25.81 38.17
4257815
837.28 25.81 38.17
4265116
837.43 25.83 38.17
4272419
837.02 25.81 38.13
4279721
836.45 25.81 38.16
4287023
835.68 25.81 38.12
4294325
835.10 25.83 38.16
4301627
834.26 25.78 38.09
4308929
833.83 25.81 38.15
4316231
834.07 25.81 38.10
4323532
833.34 25.78 38.13
4330834
833.96 25.80 38.14
4338138
833.40 25.80 38.10
4345439
832.83 25.80 38.22
4352740
831.86 25.81 38.26
4360044
831.81 25.83 38.26
4367347
832.00 25.84 38.24
4374649
832.47 25.83 38.19
4381950
832.84 25.81 38.17
4389252
832.57 25.81 38.11
4396555
831.60 25.78 38.19
4403857
831.95 25.81 38.23
4411159
832.42 25.81 38.33
4418460
831.25 25.80 38.33
4425789
830.77 25.83 38.35
4433092
830.44 25.81 38.33
4440393
830.02 25.83 38.36
4447694
830.13 25.81 38.39
4454995
829.69 25.81 38.39
4462299
829.80 25.84 38.35
4469601
829.55 25.81 38.37
4476902
828.42 25.80 38.42
4484203
827.71 25.81 38.48
4491504
827.34 25.83 38.45
4498806
826.11 25.80 38.48
4506107
826.08 25.83 38.49
4513410
826.44 25.83 38.48
4520712
825.56 25.83 38.49
4528014
825.41 25.83 38.43
4535316
825.07 25.84 38.41
4542617
825.50 25.80 38.38
4549919
825.40 25.81 38.43
4557222
825.99 25.81 38.39
4564524
825.50 25.81 38.42
4571825
825.59 25.83 38.43
4579126
825.69 25.81 38.47
4586428
825.73 25.83 38.46
4593731
826.51 25.80 38.48
4601032
826.86 25.83 38.55
4608333
826.97 25.81 38.52
4615640
828.11 25.83 38.47
4622942
828.06 25.84 38.48
4630243
827.99 25.81 38.44
4637545
827.66 25.83 38.46
4644847
828.94 25.85 38.55
4652150
827.43 25.83 38.55
4659451
827.74 25.83 38.49
4666753
828.15 25.83 38.49
4674061
827.70 25.81 38.59
4681363
827.91 25.80 38.55
4688665
826.98 25.80 38.56
4695966
828.50 25.83 38.63
4703267
828.58 25.84 38.63
4710571
827.98 25.84 38.71
4717873
829.16 25.80 38.74
4725174
829.05 25.83 38.70
4732475
829.37 25.81 38.72
4739778
829.86 25.84 38.67
4747083
829.24 25.81 38.69
4754384
829.12 25.83 38.69
4761686
831.27 25.81 38.73
4768989
831.31 25.81 38.74
4776291
831.63 25.83 38.68
4783592
832.14 25.83 38.67
4790893
832.99 25.83 38.64
4798195
833.64 25.83 38.66
4805497
834.57 25.83 38.66
4812800
833.94 25.84 38.69
4820102
835.20 25.81 38.68
4827403
836.92 25.81 38.69
4834705
836.58 25.83 38.70
4842008
836.89 25.84 38.69
4849309
836.42 25.81 38.69
4856610
835.28 25.81 38.68
4863912
836.03 25.84 38.76
4871219
837.52 25.83 38.83
4878520
838.17 25.83 38.79
4885821
837.97 25.81 38.75
4893124
838.65 25.81 38.72
4900427
836.98 25.83 38.76
4907728
837.20 25.84 38.78
4915030
837.72 25.85 38.78
4922331
838.36 25.80 38.81
4929633
838.08 25.81 38.86
4936936
838.76 25.81 38.94
4944237
839.26 25.83 38.94
4951538
839.70 25.83 38.88
4958841
839.59 25.81 38.84
4966144
839.61 25.83 38.88
4973445
840.64 25.83 38.83
4980746
842.70 25.83 38.79
4988049
842.85 25.84 38.76
4995351
843.50 25.83 38.73
5002655
843.51 25.84 38.68
5009957
842.53 25.81 38.73
5017264
843.10 25.83 38.73
5024566
844.58 25.83 38.77
5031867
845.39 25.81 38.78
5039168
845.28 25.81 38.78
5046477
846.83 25.81 38.78
5053779
847.88 25.81 38.79
5061083
847.85 25.80 38.85
5068384
847.07 25.83 38.89
5075685
846.45 25.81 38.85
5082987
846.18 25.81 38.83
5090290
846.40 25.83 38.82
5097591
847.15 25.83 38.82
5104892
847.03 25.81 38.83
5112196
846.74 25.80 38.82
5119498
846.83 25.80 38.84
5126799
847.11 25.81 38.86
5134104
845.24 25.81 38.98
5141406
845.64 25.81 38.90
5148708
844.99 25.81 38.93
5156014
844.97 25.81 38.95
5163315
845.42 25.80 39.00
5170616
843.92 25.78 38.95
5177918
843.70 25.81 38.95
5185221
843.83 25.84 38.94
5192522
843.61 25.85 38.92
5199823
844.47 25.81 39.00
5207126
844.00 25.80 39.00
5214455
844.33 25.80 39.01
5221756
844.11 25.81 38.96
5229058
844.04 25.83 38.99
5236360
843.96 25.81 39.02
5243663
843.93 25.83 39.05
5250964
844.07 25.81 39.01
5258268
843.81 25.80 39.00
5265570
843.79 25.81 39.09
5272872
844.36 25.81 39.09
5280175
844.21 25.83 39.03
5287477
843.66 25.80 39.04
5294778
843.88 25.81 39.04
5302080
843.43 25.81 39.10
5309383
844.19 25.83 38.95
5316684
844.02 25.83 38.96
5323985
843.99 25.78 38.97
5331288
844.81 25.83 39.00
5338591
844.44 25.81 38.98
5345892
844.97 25.80 38.98
5353193
845.66 25.83 38.93
5360495
846.06 25.83 38.91
5367798
845.87 25.80 38.92
5375099
845.00 25.80 38.89
5382401
844.29 25.81 38.91
5389706
844.76 25.81 38.95
5397008
844.68 25.80 38.96
5404310
844.83 25.80 39.00
5411612
845.29 25.78 38.97
5418913
846.35 25.80 39.01
5426215
847.10 25.80 39.01
5433519
846.84 25.81 39.07
5440820
845.37 25.81 39.04
5448121
845.20 25.80 39.06
5455423
845.06 25.81 38.98
5462726
844.20 25.81 38.99
5470027
844.38 25.83 39.01
5477328
842.58 25.78 38.95
5484631
843.30 25.81 38.96
5491934
843.21 25.78 38.97
5499235
842.56 25.83 39.00
5506536
842.13 25.78 39.01
5513837
842.75 25.80 39.02
5521143
842.58 25.81 39.06
5528445
842.59 25.78 39.02
5535747
842.52 25.81 39.00
5543048
841.24 25.80 39.02
5550351
841.01 25.80 39.05
5557653
841.83 25.80 39.04
5564954
842.22 25.81 38.99
5572255
841.36 25.78 38.95
5579558
841.94 25.78 38.97
5586861
841.31 25.81 39.04
5594162
841.39 25.80 39.01
5601463
842.37 25.81 39.02
5608766
843.34 25.80 39.00
5616068
844.06 25.80 39.01
5623369
844.28 25.81 39.02
5630670
844.42 25.80 39.04
5637971
844.04 25.80 39.05
5645278
845.27 25.78 39.07
5652580
845.97 25.81 39.09
5659881
846.34 25.81 39.06
5667183
846.33 25.80 39.06
5674485
846.00 25.78 39.09
5681787
846.29 25.81 39.10
5689089
847.59 25.78 39.09
5696390
847.74 25.80 39.05
5703693
847.67 25.78 39.07
5710995
848.26 25.80 39.04
5718296
847.73 25.78 38.97
5725597
848.02 25.81 38.98
5732900
847.86 25.80 38.96
5740203
848.17 25.80 38.97
5747505
847.72 25.78 38.98
5754807
846.82 25.80 39.00
5762108
846.30 25.80 38.95
5769410
846.03 25.80 38.96
5776716
844.95 25.77 38.93
5784017
844.04 25.78 38.98
5791319
843.40 25.80 38.98
5798621
843.85 25.78 39.02
5805923
843.60 25.80 39.04
5813224
842.50 25.81 39.00
5820526
840.90 25.78 38.90
5827828
839.63 25.77 38.93
5835130
838.79 25.78 38.91
5842433
838.60 25.81 38.99
5849734
838.13 25.80 39.05
5857035
837.80 25.83 39.05
5864337
837.83 25.84 39.08
5871639
836.90 25.78 39.04
5878940
836.63 25.80 39.00
5886242
836.30 25.80 39.06
5893544
835.61 25.81 39.06
5900847
835.70 25.78 39.03
5908152
836.30 25.78 39.04
5915453
836.63 25.81 39.04
5922755
836.61 25.78 39.04
5930057
835.90 25.80 39.05
5937367
836.49 25.78 39.09
5944668
836.72 25.81 39.10
5951970
835.69 25.78 39.07
5959273
835.47 25.80 39.04
5966574
834.79 25.81 39.04
5973875
835.22 25.83 38.99
5981176
834.47 25.80 39.04
5988478
836.13 25.78 39.03
5995808
836.98 25.81 39.07
6003109
835.92 25.80 39.04
6010411
835.63 25.81 39.06
6017714
835.63 25.78 39.00
6025016
835.12 25.80 39.01
6032321
835.16 25.78 39.02
6039622
834.06 25.80 39.01
6046924
833.81 25.78 38.98
6054227
833.00 25.78 39.01
6061529
831.59 25.77 39.02
6068830
830.41 25.81 39.02
6076132
829.63 25.81 39.01
6083435
830.05 25.78 39.03
6090736
830.15 25.78 38.98
6098037
829.19 25.80 38.96
6105338
828.69 25.80 38.96
6112642
827.77 25.77 38.93
6119944
827.70 25.80 38.82
6127245
827.01 25.80 38.92
6134546
825.90 25.81 38.90
6141849
825.47 25.80 38.89
6149151
824.98 25.78 38.91
6156452
824.96 25.78 38.98
6163758
824.54 25.78 38.98
6171060
824.92 25.80 38.98
6178362
823.18 25.78 39.00
6185663
822.31 25.78 38.93
6192964
821.91 25.80 38.96
6200267
821.18 25.83 38.88
6207569
819.70 25.75 38.92
6214871
818.83 25.78 38.92
6222172
818.19 25.78 38.95
6229473
818.21 25.78 38.95
6236776
818.76 25.80 38.84
6244078
818.67 25.78 38.87
6251379
817.29 25.78 38.85
6258680
816.65 25.80 38.82
6265984
815.83 25.81 38.85
6273286
816.15 25.80 38.86
6280587
816.23 25.78 38.89
6287888
815.38 25.78 38.92
6295194
814.31 25.80 38.91
6302496
812.93 25.77 38.89
6309797
811.68 25.77 38.97
6317100
811.53 25.78 39.00
6324402
810.87 25.77 38.98
6331704
810.90 25.78 38.97
6339005
811.86 25.77 38.96
6346307
810.97 25.77 38.98
6353608
810.46 25.78 39.00
6360910
808.72 25.78 38.98
6368212
809.95 25.81 38.99
6375514
809.92 25.78 38.96
6382816
810.37 25.78 39.00
6390118
810.93 25.77 38.95
6397420
810.66 25.75 38.95
6404721
810.21 25.77 38.88
6412023
811.21 25.77 38.97
6419329
810.44 25.80 38.97
6426632
810.65 25.78 39.01
6433933
810.68 25.77 39.00
6441234
810.61 25.78 38.97
6448536
810.12 25.80 38.97
6455839
809.60 25.78 38.96
6463140
809.81 25.78 38.90
6470441
809.01 25.77 38.97
6477743
809.33 25.75 38.97
6485045
809.67 25.78 38.96
6492348
809.66 25.81 38.98
6499649
809.61 25.78 38.89
6506950
808.53 25.78 38.95
6514252
807.83 25.78 38.91
6521554
808.24 25.80 38.89
6528857
807.46 25.78 38.87
6536158
807.10 25.78 38.84
6543460
806.81 25.78 38.85
6550766
807.04 25.77 38.91
6558067
807.59 25.78 38.91
6565368
806.71 25.77 38.88
6572669
806.62 25.75 38.88
6579972
806.72 25.78 38.91
6587275
807.17 25.77 38.89
6594576
807.03 25.75 38.94
6601877
808.69 25.77 38.89
6609179
809.37 25.78 38.93
6616482
808.17 25.77 38.97
6623783
807.29 25.77 38.92
6631085
808.92 25.78 38.92
6638387
808.37 25.75 38.91
6645690
809.70 25.77 38.88
6652991
810.39 25.77 38.92
6660292
809.40 25.77 38.92
6667594
809.55 25.74 38.94
6674896
810.32 25.77 38.87
6682202
809.47 25.81 38.84
6689503
808.29 25.78 38.89
6696804
807.72 25.77 38.84
6704106
807.00 25.74 38.84
6711409
808.52 25.80 38.86
6718710
807.87 25.78 38.87
6726011
808.29 25.78 38.84
6733314
809.24 25.77 38.93
6740617
808.38 25.77 38.87
6747918
808.76 25.75 38.88
6755219
807.67 25.75 38.83
6762521
807.99 25.75 38.82
6769824
808.09 25.77 38.80
6777152
806.84 25.77 38.86
6784453
807.75 25.75 38.89
6791755
807.36 25.77 38.89
6799057
806.39 25.75 38.92
6806364
806.46 25.75 38.87
6813665
806.85 25.77 38.85
6820973
806.68 25.78 38.85
6828276
807.46 25.78 38.84
6835578
808.95 25.75 38.87
6842880
809.24 25.74 38.83
6850181
808.84 25.75 38.78
6857483
809.03 25.77 38.82
6864786
808.77 25.77 38.84
6872087
809.44 25.74 38.83
6879388
808.53 25.78 38.80
6886690
808.68 25.74 38.89
6893993
808.09 25.75 38.87
6901296
807.60 25.77 38.88
6908597
807.49 25.74 38.88
6915898
807.67 25.77 38.88
6923201
808.14 25.71 38.90
6930503
809.44 25.75 38.91
6937807
809.03 25.74 38.89
6945110
808.97 25.71 38.88
6952412
809.15 25.75 38.86
6959714
808.52 25.75 38.87
6967015
808.37 25.74 38.92
6974317
808.27 25.73 38.88
6981619
808.33 25.75 38.88
6988921
808.05 25.74 38.92
6996222
808.79 25.77 38.89
7003524
809.16 25.77 38.88
7010825
809.10 25.77 38.92
7018128
808.96 25.75 38.91
7025430
809.41 25.74 38.84
7032731
810.03 25.75 38.84
7040032
810.18 25.75 38.89
7047335
810.30 25.77 38.96
7054638
809.73 25.75 38.94
7061939
809.17 25.75 38.92
7069244
807.80 25.74 38.93
7076546
806.98 25.74 38.87
7083849
807.39 25.77 38.91
7091150
806.60 25.77 38.95
7098451
805.53 25.75 38.88
7105753
805.50 25.78 38.93
7113056
805.33 25.77 38.96
7120358
804.94 25.75 38.99
7127659
803.45 25.74 39.00
7134960
801.96 25.75 39.03
7142262
802.49 25.75 38.98
7149565
802.98 25.75 39.00
7156867
801.63 25.77 38.96
7164168
800.81 25.77 38.91
7171470
800.01 25.77 38.92
7178773
800.33 25.75 38.97
7186074
798.28 25.77 38.95
7193378
798.23 25.75 38.95
7200679
796.40 25.74 38.97
7207983
796.25 25.77 38.95
7215285
796.15 25.77 38.93
7222586
797.89 25.74 38.93
7229887
797.37 25.77 38.95
7237190
796.69 25.74 38.93
7244492
796.61 25.74 38.97
7251793
796.88 25.77 39.02
7259095
797.96 25.75 39.03
7266397
798.42 25.75 39.02
7273700
799.77 25.75 38.97
7281001
801.09 25.77 38.97
7288302
801.20 25.77 38.95
7295604
800.61 25.75 38.93
7302907
800.05 25.77 38.97
7310209
799.60 25.78 38.96
7317510
799.57 25.75 38.95
7324814
799.80 25.75 38.99
7332116
799.63 25.77 38.99
7339419
799.35 25.74 38.95
7346720
799.44 25.77 38.98
7354021
799.46 25.74 38.95
7361324
799.08 25.75 39.00
7368627
799.21 25.74 38.99
7375928
799.20 25.75 39.02
7383229
797.50 25.78 39.01
7390531
796.66 25.75 39.07
7397833
795.33 25.75 39.07
7405134
794.52 25.75 39.05
7412435
794.32 25.77 39.07
7419738
792.47 25.74 39.05
7427040
791.99 25.77 39.03
7434342
791.16 25.78 39.06
7441643
790.44 25.77 39.09
7448944
790.14 25.78 39.08
7456250
789.69 25.75 39.11
7463553
789.61 25.74 39.13
7470854
789.20 25.75 39.11
7478155
789.28 25.74 39.13
7485458
789.82 25.75 39.09
7492760
789.45 25.77 39.06
7500061
789.35 25.75 39.08
7507362
789.05 25.74 39.11
7514663
789.36 25.77 39.08
7521967
789.16 25.77 39.12
7529269
788.73 25.77 39.13
7536570
788.40 25.74 39.14
7543871
788.66 25.75 39.13
7551173
788.42 25.75 39.15
7558503
788.27 25.75 39.14
7565804
788.19 25.77 39.13
7573105
788.22 25.77 39.17
7580411
788.61 25.75 39.15
7587714
788.47 25.75 39.15
7595015
788.24 25.74 39.18
7602316
787.88 25.75 39.15
7609619
787.03 25.77 39.20
7616921
786.68 25.77 39.19
7624223
787.26 25.75 39.18
7631525
786.63 25.77 39.12
7638827
787.09 25.74 39.16
7646129
786.84 25.75 39.15
7653431
787.78 25.77 39.18
7660733
786.61 25.75 39.16
7668034
787.36 25.78 39.20
7675336
787.22 25.77 39.22
7682638
787.26 25.74 39.19
7689939
786.06 25.73 39.22
7697241
785.59 25.75 39.19
7704544
786.55 25.75 39.13
7711857
785.67 25.77 39.04
7719158
783.93 25.74 39.04
7726459
783.24 25.74 39.07
7733761
782.44 25.74 39.03
7741063
781.31 25.75 39.11
7748366
778.30 25.74 39.11
7755667
775.99 25.75 39.15
7762968
774.19 25.75 39.13
7770270
772.35 25.73 39.16
7777572
771.36 25.75 39.26
7784875
771.34 25.74 39.26
7792176
772.54 25.73 39.25
7799478
772.49 25.73 39.25
7806780
773.03 25.77 39.28
7814081
774.07 25.77 39.29
7821383
773.28 25.74 39.30
7828685
773.07 25.74 39.30
7835987
775.50 25.75 39.33
7843293
776.21 25.73 39.37
7850594
777.01 25.74 39.46
7857895
777.42 25.73 39.42
7865197
777.67 25.75 39.46
7872499
777.01 25.75 39.39
7879800
776.17 25.77 39.35
7887101
775.40 25.75 39.30
7894405
774.44 25.77 39.30
7901707
772.30 25.73 39.26
7909008
772.65 25.74 39.29
7916309
771.45 25.75 39.24
7923611
771.49 25.74 39.21
7930914
770.83 25.75 39.24
7938215
770.30 25.74 39.24
7945517
768.57 25.75 39.25
7952819
767.55 25.74 39.24
7960122
765.43 25.74 39.24
7967426
763.47 25.75 39.23
7974727
763.00 25.74 39.24
7982028
761.49 25.74 39.24
7989330
760.82 25.74 39.19
7996634
759.39 25.74 39.21
8003935
757.28 25.74 39.26
8011236
756.73 25.75 39.29
8018538
755.04 25.74 39.29
8025840
752.76 25.73 39.32
8033141
752.29 25.73 39.30
8040442
751.29 25.73 39.33
8047746
750.66 25.75 39.33
8055048
749.07 25.74 39.34
8062349
748.73 25.74 39.37
8069650
747.91 25.74 39.31
8076951
748.17 25.73 39.36
8084253
747.43 25.74 39.39
8091556
746.50 25.74 39.37
8098861
746.79 25.74 39.40
8106162
746.64 25.73 39.46
8113464
746.51 25.74 39.48
8120766
747.09 25.75 39.52
8128067
746.98 25.77 39.54
8135368
747.13 25.74 39.61
8142670
747.31 25.74 39.62
8149974
746.33 25.74 39.57
8157275
746.42 25.74 39.58
8164576
746.55 25.75 39.61
8171877
746.75 25.73 39.67
8179179
746.67 25.75 39.67
8186481
747.44 25.73 39.69
8193782
747.95 25.74 39.73
8201083
747.93 25.74 39.74
8208386
748.17 25.74 39.76
8215688
749.05 25.73 39.74
8222989
749.71 25.74 39.69
8230297
748.98 25.74 39.71
8237601
747.60 25.74 39.66
8244907
747.76 25.73 39.67
8252210
748.18 25.75 39.66
8259514
747.54 25.73 39.69
8266818
746.66 25.74 39.71
8274123
747.20 25.74 39.76
8281426
746.93 25.75 39.77
8288731
746.26 25.73 39.80
8296034
746.21 25.74 39.79
8303339
746.70 25.75 39.73
8310643
745.41 25.70 39.76
8317947
745.52 25.73 39.73
8325251
744.89 25.75 39.76
8332556
745.11 25.74 39.76
8339887
744.99 25.75 39.70
8347191
744.20 25.77 39.80
8354497
742.60 25.74 39.81
8361802
742.78 25.74 39.79
8369107
743.29 25.74 39.77
8376411
743.21 25.73 39.72
8383714
742.92 25.75 39.75
8391018
742.63 25.77 39.80
8398323
741.25 25.71 39.75
8405627
740.73 25.77 39.77
8412932
742.00 25.74 39.82
8420235
741.73 25.75 39.81
8427540
742.03 25.75 39.77
8434844
742.01 25.74 39.83
8442148
742.80 25.80 39.81
8449452
743.50 25.75 39.77
8456757
743.69 25.78 39.77
8464061
743.61 25.77 39.83
8471365
745.39 25.77 39.82
8478668
746.03 25.75 39.79
8485976
745.48 25.78 39.82
8493281
744.95 25.75 39.83
8500585
747.26 25.75 39.87
8507889
748.41 25.77 39.88
8515192
750.16 25.78 39.92
8522498
749.51 25.74 39.89
8529802
752.17 25.74 39.84
8537106
752.13 25.75 39.85
8544409
751.08 25.74 39.88
8551714
750.93 25.75 39.86
8559020
751.08 25.77 39.90
8566323
751.46 25.77 39.91
8573627
751.23 25.75 39.88
8580930
749.84 25.74 39.86
8588235
750.64 25.75 39.89
8595539
749.38 25.74 39.90
8602851
749.33 25.75 39.87
8610158
749.94 25.77 39.87
8617463
749.75 25.75 39.87
8624769
749.82 25.75 39.86
8632072
750.90 25.77 39.88
8639375
751.52 25.75 39.85
8646680
751.54 25.74 39.84
8653984
752.14 25.74 39.84
8661288
752.14 25.74 39.83
8668592
752.41 25.74 39.82
8675896
752.63 25.75 39.86
8683200
753.01 25.75 39.87
8690505
753.17 25.74 39.84
8697809
753.26 25.75 39.85
8705113
753.83 25.74 39.84
8712418
753.73 25.74 39.87
8719722
752.73 25.77 39.85
8727026
752.16 25.77 39.88
8734329
752.00 25.77 39.85
8741638
752.01 25.74 39.81
8748943
751.09 25.74 39.81
8756246
751.79 25.75 39.79
8763550
750.77 25.75 39.86
8770853
750.42 25.73 39.83
8778159
750.74 25.75 39.82
8785464
750.32 25.77 39.85
8792767
750.29 25.75 39.83
8800071
748.99 25.75 39.83
8807376
747.61 25.75 39.77
8814681
747.68 25.75 39.79
8821985
746.81 25.77 39.77
8829288
746.22 25.73 39.87
8836593
745.69 25.74 39.84
8843898
744.38 25.74 39.78
8851202
743.46 25.74 39.86
8858505
743.22 25.73 39.83
8865809
742.66 25.77 39.85
8873117
742.22 25.75 39.87
8880422
742.34 25.75 39.91
8887726
743.12 25.75 39.85
8895029
743.07 25.75 39.82
8902334
742.06 25.74 39.83
8909639
740.90 25.74 39.90
8916942
741.81 25.75 39.85
8924247
741.21 25.74 39.93
8931552
741.23 25.75 39.91
8938856
741.34 25.73 39.89
8946160
741.69 25.75 39.89
8953463
743.53 25.74 39.90
8960768
743.50 25.74 39.90
8968072
743.84 25.74 39.97
8975377
743.99 25.75 39.92
8982680
743.71 25.77 39.98
8989984
743.59 25.74 39.90
8997293
742.94 25.74 39.86
9004597
742.74 25.75 39.88
9011901
741.77 25.74 39.86
9019204
741.76 25.74 39.84
9026509
740.47 25.74 39.84
9033815
739.08 25.73 39.82
9041118
737.79 25.75 39.88
9048421
737.85 25.73 39.88
9055725
737.93 25.74 39.81
9063029
738.16 25.75 39.75
9070334
737.38 25.71 39.75
9077638
736.80 25.74 39.77
9084942
736.12 25.74 39.73
9092246
735.96 25.75 39.78
9099551
736.04 25.77 39.79
9106855
735.68 25.74 39.79
9114159
734.80 25.74 39.83
9121490
734.67 25.75 39.82
9128799
734.30 25.74 39.83
9136103
732.95 25.73 39.83
9143406
732.16 25.74 39.84
9150710
731.90 25.75 39.83
9158014
732.10 25.73 39.84
9165320
730.97 25.73 39.83
9172624
730.51 25.74 39.84
9179927
730.36 25.73 39.83
9187232
729.84 25.75 39.82
9194536
729.37 25.74 39.84
9201841
728.75 25.74 39.86
9209144
728.76 25.73 39.92
9216449
728.24 25.73 39.89
9223754
728.40 25.73 39.90
9231057
727.50 25.74 39.79
9238361
727.04 25.74 39.82
9245665
727.39 25.71 39.85
9252969
727.65 25.71 39.85
9260278
727.71 25.71 39.88
9267581
727.13 25.73 39.87
9274886
727.12 25.75 39.85
9282190
726.55 25.74 39.83
9289495
725.28 25.70 39.84
9296798
725.33 25.71 39.87
9304102
725.37 25.73 39.85
9311408
724.20 25.71 39.79
9318712
725.32 25.71 39.80
9326016
725.72 25.71 39.79
9333319
725.58 25.71 39.81
9340624
726.14 25.73 39.74
9347930
725.56 25.74 39.83
9355234
725.50 25.74 39.76
9362538
726.47 25.71 39.80
9369841
726.89 25.73 39.83
9377146
727.26 25.71 39.78
9384455
727.88 25.75 39.88
9391759
728.11 25.73 39.83
9399062
727.94 25.70 39.92
9406367
727.54 25.71 39.91
9413671
727.49 25.74 39.89
9420976
725.97 25.71 39.90
9428279
725.92 25.73 39.89
9435584
726.99 25.71 39.92
9442888
726.90 25.73 39.95
9450193
725.47 25.71 39.95
9457497
724.15 25.71 39.92
9464801
722.87 25.73 39.90
9472105
723.14 25.70 39.91
9479410
724.47 25.73 39.85
9486713
725.21 25.74 39.88
9494025
724.67 25.70 39.87
9501330
723.35 25.74 39.84
9508635
722.50 25.74 39.84
9515941
724.10 25.71 39.91
9523246
725.35 25.70 39.87
9530550
726.24 25.71 39.85
9537855
726.51 25.73 39.84
9545160
725.99 25.73 39.90
9552463
726.44 25.73 39.93
9559767
725.81 25.73 39.88
9567072
725.48 25.70 39.94
9574377
725.91 25.73 39.93
9581680
725.97 25.73 39.96
9588983
727.63 25.71 39.90
9596289
727.64 25.74 39.88
9603594
727.85 25.74 39.86
9610897
728.85 25.75 39.89
9618201
728.46 25.73 39.88
9625506
728.38 25.71 39.88
9632811
727.83 25.73 39.90
9640115
726.77 25.71 39.92
9647421
726.20 25.71 39.92
9654725
726.35 25.73 39.88
9662029
726.84 25.74 39.88
9669335
725.92 25.73 39.83
9676638
725.06 25.73 39.84
9683942
723.84 25.71 39.83
9691247
723.60 25.73 39.93
9698551
722.74 25.71 39.95
9705856
723.27 25.73 40.04
9713159
722.42 25.73 40.19
9720464
721.78 25.71 40.12
9727768
722.98 25.71 40.21
9735072
724.00 25.75 40.17
9742376
725.74 25.74 40.20
9749680
725.59 25.75 40.18
9756984
727.40 25.73 40.20
9764289
728.01 25.74 40.23
9771596
728.74 25.73 40.25
9778899
730.15 25.73 40.25
9786205
731.42 25.73 40.26
9793510
731.86 25.73 40.27
9800813
732.89 25.71 40.23
9808116
733.46 25.71 40.20
9815421
733.16 25.71 40.21
9822727
733.78 25.73 40.23
9830030
734.47 25.70 40.27
9837333
734.15 25.74 40.25
9844637
733.40 25.73 40.31
9851941
732.98 25.73 40.31
9859247
733.68 25.73 40.26
9866550
733.26 25.73 40.27
9873854
733.50 25.73 40.28
9881158
732.83 25.73 40.28
9888463
732.69 25.71 40.30
9895768
733.09 25.74 40.28
9903100
733.72 25.70 40.21
9910406
734.59 25.70 40.28
9917711
735.15 25.71 40.27
9925014
735.19 25.71 40.26
9932318
735.57 25.71 40.31
9939622
735.28 25.73 40.32
9946928
734.99 25.70 40.33
9954233
735.31 25.70 40.35
9961536
736.37 25.68 40.30
9968839
735.78 25.70 40.31
9976144
735.93 25.70 40.27
9983450
736.24 25.70 40.28
9990753
736.67 25.70 40.26
9998056
736.04 25.68 40.32
10005361
735.67 25.71 40.32
10012666
737.05 25.68 40.33
10019970
737.27 25.67 40.38
10027274
737.41 25.71 40.36
10034582
738.79 25.68 40.39
10041886
738.32 25.67 40.37
10049190
738.81 25.67 40.35
10056494
739.06 25.66 40.36
10063798
739.30 25.66 40.35
10071102
739.97 25.66 40.39
10078407
740.80 25.66 40.41
10085711
740.89 25.64 40.41
10093015
740.88 25.63 40.41
10100320
740.71 25.64 40.40
10107625
740.51 25.64 40.39
10114928
740.82 25.61 40.35
10122232
741.28 25.61 40.36
10129537
740.91 25.64 40.36
10136842
741.23 25.63 40.42
10144146
741.77 25.60 40.37
10151449
741.18 25.58 40.37
10158757
740.75 25.60 40.42
10166063
741.60 25.60 40.37
10173367
741.78 25.58 40.43
10180671
741.65 25.57 40.42
10187974
741.43 25.56 40.53
10195279
741.91 25.54 40.54
10202585
742.65 25.54 40.54
10209888
741.88 25.56 40.52
10217191
741.00 25.56 40.49
10224496
741.25 25.53 40.51
10231801
741.83 25.53 40.55
10239105
741.64 25.53 40.57
10246409
