864.08 24.75 45.27
13243
863.85 24.74 45.24
15295
864.21 24.72 45.24
17319
864.27 24.74 45.21
19344
864.96 24.74 45.20
21368
229.93 24.74 45.18
25394
792.47 24.77 45.18
27418
884.90 24.77 45.19
31443
908.44 24.75 45.15
33467
887.92 24.75 45.18
35489
884.43 24.74 45.21
37513
884.17 24.78 45.18
39787
889.93 24.75 45.14
47088
894.47 24.78 45.17
54390
900.17 24.81 45.12
61691
896.64 24.79 45.05
68994
895.27 24.81 45.01
76302
894.64 24.79 45.00
83603
895.19 24.82 45.05
90905
894.12 24.82 45.02
98210
892.90 24.82 44.98
105512
893.87 24.82 44.98
112814
892.12 24.81 44.96
120116
892.22 24.82 44.93
127419
891.13 24.82 44.94
134720
888.28 24.82 44.95
142022
887.70 24.82 44.94
149323
887.92 24.85 44.92
156626
887.76 24.85 44.84
163929
886.97 24.85 44.89
171230
886.54 24.87 44.83
178532
885.81 24.87 44.84
185833
886.25 24.89 44.83
193136
885.57 24.85 44.80
200437
886.54 24.87 44.81
207739
885.88 24.89 44.77
215042
885.23 24.89 44.78
222344
884.30 24.89 44.74
229646
883.88 24.89 44.74
236950
884.49 24.88 44.73
244252
885.60 24.92 44.74
251554
886.83 24.92 44.74
258855
887.94 24.92 44.70
266158
889.55 24.92 44.72
273459
890.78 24.97 44.67
280761
890.36 24.94 44.70
288062
890.21 24.94 44.68
295365
888.74 24.94 44.65
302667
890.46 24.94 44.63
309968
890.68 24.95 44.59
317271
890.33 24.92 44.61
324573
889.73 24.98 44.62
331875
888.09 24.97 44.60
339176
888.60 24.98 44.56
346478
888.12 24.95 44.56
353781
886.65 24.95 44.51
361082
886.39 24.98 44.53
368388
885.22 24.97 44.51
375689
883.55 24.98 44.47
382992
884.71 24.99 44.52
390293
885.03 24.98 44.45
397594
884.52 25.01 44.45
404896
884.26 25.01 44.42
412197
884.32 25.02 44.48
419500
883.43 25.02 44.40
426801
882.71 25.04 44.38
434104
882.58 25.05 44.36
441406
881.16 25.04 44.38
448707
881.64 25.04 44.34
456009
880.56 25.04 44.34
463310
880.03 25.04 44.35
470614
879.41 25.06 44.31
477915
878.01 25.05 44.31
485216
876.82 25.06 44.25
492518
876.35 25.06 44.22
499822
875.61 25.05 44.22
507125
873.77 25.08 44.22
514426
871.56 25.08 44.23
521729
871.19 25.11 44.23
529037
871.20 25.11 44.19
536338
870.71 25.08 44.20
543640
868.20 25.09 44.16
550941
868.27 25.09 44.19
558244
866.73 25.09 44.14
565545
866.20 25.12 44.12
572848
865.14 25.11 44.12
580150
865.35 25.09 44.12
587451
864.92 25.12 44.09
594754
863.76 25.09 44.07
602055
863.96 25.11 44.05
609357
864.28 25.14 44.05
616658
865.29 25.12 44.03
623960
864.17 25.15 44.07
631263
863.57 25.14 44.01
638567
864.96 25.14 43.99
645869
864.90 25.14 43.98
653170
863.51 25.15 43.97
660472
863.16 25.16 43.98
667776
863.32 25.15 43.98
675077
863.27 25.15 43.97
682379
865.34 25.16 43.98
689680
866.36 25.14 43.96
696983
864.52 25.16 43.93
704284
863.41 25.15 43.92
711586
862.81 25.16 43.88
718889
860.19 25.18 43.88
726214
860.48 25.19 43.85
733517
858.96 25.16 43.80
740818
856.22 25.18 43.82
748121
854.85 25.19 43.80
755422
854.37 25.19 43.78
762723
854.08 25.19 43.80
770029
853.39 25.19 43.84
777330
851.72 25.19 43.83
784632
851.40 25.19 43.85
791933
849.80 25.21 43.84
799243
849.37 25.21 43.82
806546
849.70 25.22 43.80
813847
849.16 25.22 43.78
821149
848.51 25.21 43.79
828450
849.63 25.23 43.77
835752
850.44 25.22 43.78
843055
850.77 25.19 43.75
850357
851.22 25.23 43.75
857659
852.33 25.23 43.75
864960
854.00 25.23 43.73
872262
853.63 25.23 43.71
879563
854.07 25.22 43.67
886866
854.13 25.23 43.66
894168
853.62 25.23 43.67
901472
853.49 25.23 43.69
908774
852.93 25.26 43.67
916075
853.32 25.25 43.63
923378
853.47 25.23 43.73
930679
852.99 25.25 43.65
937981
852.85 25.25 43.63
945284
852.07 25.26 43.66
952585
852.13 25.26 43.65
959888
852.00 25.26 43.60
967189
850.41 25.25 43.61
974491
849.81 25.25 43.61
981792
849.08 25.26 43.60
989094
848.87 25.28 43.59
996398
849.97 25.28 43.55
1003699
849.05 25.29 43.57
1011001
848.59 25.26 43.54
1018302
848.32 25.26 43.55
1025605
848.59 25.28 43.55
1032909
847.56 25.29 43.56
1040210
847.70 25.28 43.53
1047513
847.55 25.29 43.53
1054815
848.73 25.29 43.52
1062117
848.63 25.30 43.51
1069418
848.45 25.28 43.52
1076721
848.88 25.29 43.50
1084023
848.22 25.29 43.50
1091324
848.55 25.28 43.51
1098627
848.95 25.29 43.51
1105928
849.25 25.33 43.50
1113231
849.53 25.32 43.52
1120532
849.52 25.32 43.46
1127834
850.11 25.32 43.49
1135137
850.45 25.32 43.46
1142438
849.76 25.32 43.46
1149741
849.31 25.33 43.44
1157042
849.77 25.32 43.51
1164348
849.83 25.30 43.50
1171649
850.52 25.35 43.50
1178950
849.69 25.35 43.44
1186252
849.31 25.33 43.42
1193554
850.03 25.33 43.48
1200857
850.35 25.33 43.49
1208158
849.29 25.35 43.46
1215461
848.65 25.35 43.46
1222763
848.30 25.33 43.46
1230064
849.09 25.33 43.50
1237366
848.44 25.35 43.48
1244668
849.43 25.35 43.46
1251971
848.79 25.35 43.48
1259272
850.19 25.36 43.44
1266574
848.87 25.35 43.40
1273876
848.26 25.33 43.41
1281177
849.38 25.35 43.41
1288479
850.89 25.36 43.40
1295783
851.15 25.36 43.44
1303086
850.62 25.37 43.39
1310388
851.64 25.36 43.40
1317690
851.55 25.37 43.39
1324992
850.99 25.37 43.35
1332293
852.67 25.37 43.39
1339596
852.98 25.37 43.34
1346897
851.24 25.39 43.34
1354200
851.54 25.36 43.34
1361501
852.38 25.39 43.36
1368804
852.34 25.37 43.29
1376106
853.20 25.39 43.34
1383407
852.66 25.40 43.31
1390709
853.24 25.39 43.29
1398010
853.98 25.40 43.28
1405314
854.20 25.40 43.28
1412615
854.06 25.39 43.29
1419921
854.79 25.42 43.29
1427224
854.62 25.39 43.29
1434525
854.70 25.40 43.27
1441827
855.74 25.40 43.28
1449128
855.58 25.39 43.27
1456432
855.20 25.40 43.27
1463733
856.74 25.40 43.27
1471035
856.93 25.39 43.27
1478337
858.19 25.40 43.27
1485639
857.12 25.42 43.31
1492941
856.04 25.40 43.26
1500242
854.98 25.42 43.24
1507546
855.07 25.40 43.24
1514870
857.19 25.42 43.26
1522172
859.53 25.42 43.26
1529475
860.14 25.45 43.29
1536776
861.35 25.40 43.27
1544078
862.00 25.45 43.22
1551383
863.14 25.43 43.30
1558685
863.96 25.40 43.24
1565987
864.76 25.42 43.26
1573289
864.63 25.42 43.24
1580592
864.74 25.42 43.26
1587893
865.09 25.43 43.23
1595196
864.55 25.42 43.28
1602497
863.53 25.42 43.24
1609799
863.58 25.45 43.27
1617102
864.13 25.42 43.22
1624403
865.87 25.43 43.26
1631706
865.16 25.45 43.23
1639007
866.04 25.45 43.26
1646310
866.20 25.43 43.18
1653611
865.38 25.45 43.25
1660913
864.97 25.45 43.27
1668215
863.52 25.42 43.26
1675517
864.19 25.43 43.22
1682823
865.22 25.47 43.25
1690131
865.53 25.45 43.30
1697434
864.97 25.45 43.25
1704735
865.82 25.47 43.20
1712036
865.61 25.45 43.21
1719339
866.86 25.45 43.22
1726640
867.10 25.46 43.22
1733943
868.08 25.47 43.26
1741244
867.82 25.45 43.23
1748546
867.93 25.49 43.23
1755855
869.24 25.46 43.22
1763156
868.44 25.45 43.25
1770459
868.33 25.47 43.19
1777760
868.83 25.49 43.19
1785062
869.37 25.47 43.22
1792364
870.06 25.47 43.19
1799666
869.51 25.47 43.24
1806972
868.52 25.46 43.20
1814274
868.03 25.49 43.19
1821576
868.43 25.50 43.21
1828877
868.98 25.47 43.20
1836180
868.99 25.47 43.17
1843481
869.38 25.49 43.20
1850783
871.14 25.47 43.17
1858085
872.27 25.52 43.14
1865388
871.70 25.49 43.15
1872690
872.13 25.50 43.15
1879991
872.36 25.50 43.19
1887293
873.86 25.50 43.19
1894596
873.61 25.49 43.12
1901897
874.39 25.53 43.18
1909199
875.77 25.49 43.12
1916500
875.85 25.49 43.18
1923804
875.92 25.50 43.21
1931105
875.50 25.50 43.15
1938410
877.09 25.52 43.14
1945713
877.17 25.50 43.21
1953014
877.42 25.50 43.18
1960316
877.08 25.49 43.14
1967618
877.65 25.49 43.20
1974921
877.23 25.52 43.10
1982222
876.88 25.52 43.06
1989524
875.66 25.55 43.12
1996826
874.46 25.52 43.13
2004128
875.49 25.50 43.14
2011430
876.08 25.53 43.16
2018732
876.50 25.53 43.12
2026034
876.10 25.55 43.13
2033336
876.39 25.55 43.15
2040637
875.31 25.53 43.15
2047939
875.39 25.52 43.10
2055240
875.21 25.55 43.13
2062543
875.77 25.52 43.15
2069848
875.35 25.55 43.13
2077150
875.78 25.55 43.11
2084452
877.22 25.57 43.11
2091755
877.14 25.55 43.10
2099057
877.87 25.53 43.10
2106358
878.05 25.53 43.12
2113661
878.21 25.55 43.15
2120963
877.87 25.55 43.12
2128265
877.34 25.55 43.10
2135566
879.23 25.53 43.06
2142869
878.94 25.55 43.08
2150171
877.67 25.56 43.10
2157472
878.34 25.55 43.08
2164774
879.99 25.56 43.12
2172077
880.40 25.57 43.11
2179379
882.45 25.53 43.08
2186680
881.06 25.53 43.07
2193986
881.98 25.55 43.08
2201288
882.47 25.56 43.12
2208589
883.56 25.57 43.11
2215891
884.04 25.55 43.10
2223193
883.06 25.55 43.10
2230496
883.66 25.57 43.05
2237797
882.49 25.53 43.03
2245099
882.22 25.59 43.00
2252401
882.52 25.57 43.06
2259703
883.82 25.57 43.06
2267005
883.72 25.56 43.03
2274307
883.39 25.60 43.04
2281610
883.39 25.57 43.01
2288910
882.69 25.56 43.01
2296212
882.38 25.56 43.01
2303514
882.72 25.57 43.01
2310840
883.09 25.59 43.01
2318142
885.53 25.57 42.99
2325446
885.43 25.57 42.96
2332749
886.35 25.59 43.00
2340050
887.62 25.59 43.02
2347352
886.96 25.59 42.99
2354654
887.71 25.59 43.00
2361955
888.25 25.59 42.95
2369257
887.98 25.59 42.99
2376559
888.15 25.59 42.97
2383861
887.34 25.60 43.02
2391163
888.22 25.59 42.96
2398465
888.20 25.59 42.97
2405768
887.78 25.59 42.94
2413069
888.24 25.59 42.95
2420371
888.77 25.59 42.96
2427672
888.37 25.60 42.95
2434974
888.66 25.56 42.93
2442277
888.58 25.57 42.93
2449579
887.42 25.60 42.96
2456884
887.70 25.60 42.94
2464186
885.45 25.60 42.94
2471488
884.93 25.59 42.91
2478789
884.35 25.57 42.92
2486090
884.65 25.60 42.90
2493393
885.94 25.59 42.88
2500695
886.33 25.59 42.94
2507997
885.74 25.60 42.95
2515298
884.69 25.60 42.91
2522600
885.21 25.59 42.97
2529903
885.10 25.62 42.91
2537204
886.96 25.63 42.93
2544506
887.23 25.60 42.89
2551808
887.27 25.62 42.91
2559110
885.87 25.60 42.89
2566412
885.49 25.60 42.94
2573714
884.71 25.62 42.94
2581027
884.48 25.60 42.96
2588328
883.86 25.62 42.93
2595631
884.67 25.57 42.89
2602932
885.06 25.62 42.95
2610235
884.93 25.60 42.94
2617536
885.85 25.62 42.96
2624837
886.48 25.59 42.90
2632139
886.56 25.60 42.94
2639440
886.92 25.60 42.96
2646744
887.06 25.60 42.98
2654045
888.12 25.60 42.94
2661347
888.28 25.60 42.92
2668649
887.18 25.60 42.95
2675950
885.86 25.59 42.95
2683253
885.88 25.60 42.94
2690554
886.28 25.60 42.92
2697857
886.29 25.60 42.94
2705158
886.37 25.60 42.95
2712463
886.35 25.59 42.95
2719766
885.02 25.62 42.95
2727067
885.40 25.59 42.94
2734369
885.58 25.62 42.90
2741670
885.40 25.62 42.91
2748974
885.54 25.62 42.93
2756275
885.74 25.62 42.91
2763576
886.43 25.62 42.89
2770878
884.58 25.60 42.87
2778179
883.73 25.59 42.91
2785481
881.34 25.60 42.91
2792783
880.93 25.60 42.91
2800086
879.85 25.62 42.93
2807387
879.74 25.62 42.94
2814689
879.09 25.63 42.91
2821991
879.14 25.65 42.90
2829293
878.38 25.63 42.90
2836595
877.08 25.62 42.90
2843899
876.10 25.63 42.89
2851203
875.18 25.65 42.89
2858504
875.20 25.63 42.88
2865806
875.43 25.65 42.85
2873108
875.73 25.65 42.90
2880410
875.52 25.63 42.88
2887712
876.58 25.63 42.89
2895013
876.93 25.65 42.90
2902316
877.99 25.65 42.92
2909617
879.20 25.65 42.88
2916920
878.90 25.65 42.89
2924222
878.85 25.63 42.90
2931523
877.46 25.62 42.87
2938825
879.14 25.66 42.89
2946127
879.10 25.65 42.84
2953430
878.80 25.67 42.89
2960731
880.35 25.67 42.87
2968036
880.36 25.66 42.84
2975338
880.54 25.65 42.87
2982639
879.95 25.66 42.83
2989941
880.28 25.66 42.85
2997243
880.47 25.67 42.92
3004546
880.61 25.65 42.87
3011848
881.56 25.66 42.88
3019149
881.60 25.66 42.89
3026452
882.12 25.66 42.85
3033753
882.56 25.69 42.81
3041055
882.73 25.66 42.87
3048356
884.02 25.67 42.85
3055659
883.75 25.66 42.88
3062962
884.70 25.66 42.87
3070263
884.69 25.66 42.90
3077565
886.28 25.66 42.88
3084866
886.94 25.67 42.87
3092168
886.96 25.67 42.82
3099497
887.14 25.66 42.88
3106800
886.89 25.69 42.87
3114102
886.70 25.67 42.82
3121403
886.94 25.66 42.82
3128706
887.16 25.66 42.88
3136007
887.40 25.66 42.83
3143310
886.81 25.67 42.79
3150611
886.30 25.66 42.83
3157912
885.19 25.67 42.77
3165214
885.70 25.69 42.77
3172515
885.62 25.66 42.82
3179819
885.20 25.66 42.80
3187120
885.91 25.69 42.82
3194422
885.70 25.69 42.77
3201724
885.38 25.69 42.79
3209026
885.21 25.69 42.76
3216328
885.60 25.67 42.77
3223629
885.73 25.70 42.79
3230929
886.22 25.69 42.77
3238231
886.41 25.69 42.77
3245533
886.02 25.67 42.75
3252836
885.45 25.70 42.78
3260137
885.33 25.67 42.72
3267439
885.29 25.70 42.77
3274740
883.65 25.69 42.76
3282043
883.86 25.67 42.77
3289345
883.77 25.67 42.77
3296646
882.94 25.70 42.74
3303948
881.17 25.69 42.77
3311249
880.94 25.70 42.74
3318551
881.77 25.70 42.74
3325853
882.32 25.69 42.79
3333155
881.42 25.70 42.74
3340457
881.17 25.70 42.74
3347759
881.04 25.70 42.72
3355065
880.18 25.70 42.73
3362366
881.70 25.70 42.78
3369668
881.88 25.67 42.72
3376969
882.11 25.69 42.77
3384271
883.26 25.70 42.77
3391575
884.46 25.70 42.68
3398876
884.16 25.73 42.68
3406178
883.88 25.70 42.69
3413479
883.98 25.72 42.66
3420781
884.16 25.72 42.72
3428082
884.67 25.69 42.69
3435383
884.67 25.69 42.69
3442685
883.47 25.72 42.67
3449987
882.86 25.72 42.67
3457290
882.31 25.70 42.67
3464591
882.42 25.70 42.62
3471893
881.84 25.72 42.63
3479202
880.80 25.70 42.67
3486507
879.99 25.70 42.62
3493810
881.10 25.73 42.63
3501111
880.75 25.73 42.66
3508413
879.73 25.72 42.62
3515714
878.88 25.74 42.62
3523016
877.52 25.73 42.60
3530319
877.70 25.73 42.60
3537620
877.66 25.73 42.58
3544923
876.67 25.72 42.58
3552224
876.04 25.73 42.61
3559526
874.93 25.73 42.60
3566827
873.46 25.70 42.57
3574130
873.43 25.73 42.58
3581432
871.21 25.72 42.57
3588733
870.77 25.72 42.60
3596036
870.38 25.72 42.52
3603337
870.79 25.73 42.55
3610643
870.47 25.73 42.51
3617944
870.19 25.74 42.52
3625246
867.49 25.73 42.49
3632549
867.35 25.70 42.50
3639851
867.38 25.72 42.53
3647153
865.33 25.72 42.52
3654455
863.83 25.70 42.50
3661757
863.46 25.74 42.53
3669058
863.00 25.73 42.51
3676360
862.82 25.74 42.56
3683662
862.10 25.70 42.54
3690963
862.19 25.70 42.48
3698267
862.54 25.74 42.48
3705568
862.23 25.73 42.49
3712870
860.89 25.76 42.50
3720171
861.50 25.73 42.47
3727473
860.86 25.74 42.48
3734776
860.01 25.73 42.48
3742081
860.20 25.74 42.47
3749383
860.00 25.74 42.48
3756685
861.30 25.74 42.46
3763987
860.79 25.74 42.43
3771288
859.92 25.73 42.45
3778589
859.24 25.76 42.46
3785891
859.41 25.79 42.44
3793192
858.03 25.73 42.43
3800496
856.85 25.73 42.43
3807797
855.41 25.76 42.43
3815099
855.05 25.76 42.45
3822402
853.89 25.74 42.43
3829703
854.18 25.74 42.42
3837005
853.72 25.73 42.42
3844306
852.42 25.74 42.42
3851610
850.52 25.74 42.40
3858911
849.95 25.74 42.41
3866213
848.95 25.74 42.45
3873519
850.00 25.74 42.47
3880820
848.96 25.73 42.39
3888122
847.95 25.74 42.40
3895448
847.17 25.76 42.42
3902750
846.30 25.74 42.40
3910051
845.49 25.74 42.37
3917352
845.23 25.74 42.40
3924655
844.05 25.74 42.41
3931956
844.37 25.74 42.38
3939259
843.22 25.76 42.40
3946560
843.00 25.74 42.41
3953862
842.98 25.74 42.40
3961164
841.20 25.77 42.37
3968465
840.43 25.76 42.41
3975769
842.07 25.77 42.37
3983070
842.53 25.76 42.38
3990372
840.69 25.76 42.37
3997676
840.11 25.77 42.40
4004978
840.91 25.76 42.40
4012281
841.69 25.76 42.40
4019581
841.73 25.76 42.41
4026885
841.80 25.76 42.40
4034186
841.03 25.76 42.38
4041488
841.10 25.77 42.41
4048789
840.15 25.79 42.40
4056091
839.23 25.77 42.41
4063393
838.30 25.76 42.41
4070694
838.17 25.76 42.34
4077998
838.87 25.74 42.36
4085299
838.98 25.77 42.35
4092601
837.71 25.76 42.36
4099903
836.98 25.77 42.35
4107204
836.34 25.77 42.36
4114506
836.06 25.77 42.30
4121807
836.18 25.76 42.33
4129113
835.33 25.76 42.30
4136414
834.47 25.77 42.32
4143716
834.97 25.77 42.31
4151019
835.16 25.80 42.30
4158320
834.85 25.79 42.27
4165622
833.97 25.79 42.31
4172923
833.13 25.79 42.27
4180226
833.24 25.79 42.29
4187528
832.97 25.77 42.31
4194832
832.50 25.77 42.27
4202134
832.58 25.79 42.31
4209435
832.05 25.77 42.26
4216738
832.15 25.80 42.29
4224039
832.61 25.77 42.25
4231342
832.79 25.77 42.26
4238644
832.71 25.79 42.21
4245945
834.08 25.77 42.23
4253248
834.84 25.76 42.22
4260552
835.17 25.77 42.23
4267854
834.21 25.77 42.22
4275155
834.31 25.76 42.21
4282459
833.41 25.77 42.23
4289761
832.38 25.79 42.21
4297062
832.55 25.79 42.25
4304365
832.43 25.80 42.20
4311666
830.71 25.79 42.22
4318968
830.18 25.77 42.20
4326269
830.85 25.79 42.18
4333572
831.26 25.79 42.20
4340874
831.87 25.80 42.21
4348175
831.26 25.77 42.22
4355478
830.94 25.80 42.21
4362779
830.96 25.80 42.19
4370088
829.52 25.79 42.13
4377391
829.70 25.77 42.14
4384696
828.45 25.81 42.20
4391998
828.11 25.80 42.17
4399299
828.56 25.81 42.14
4406602
828.35 25.79 42.08
4413903
827.31 25.76 42.25
4421206
826.84 25.80 42.22
4428509
826.83 25.76 42.18
4435810
827.76 25.76 42.17
4443112
827.17 25.77 42.17
4450413
827.25 25.74 42.17
4457716
826.28 25.73 42.18
4465017
826.01 25.74 42.15
4472320
824.87 25.73 42.19
4479623
824.40 25.74 42.20
4486924
824.58 25.74 42.20
4494226
823.24 25.73 42.19
4501527
823.32 25.73 42.24
4508830
823.21 25.74 42.25
4516134
821.97 25.76 42.25
4523437
820.84 25.73 42.24
4530740
820.73 25.70 42.28
4538041
821.01 25.74 42.29
4545344
820.81 25.70 42.26
4552645
821.00 25.74 42.25
4559947
821.75 25.72 42.28
4567248
822.17 25.69 42.24
4574550
822.27 25.70 42.25
4581853
823.51 25.72 42.28
4589154
823.92 25.73 42.27
4596456
825.23 25.72 42.29
4603758
825.33 25.74 42.27
4611060
825.98 25.70 42.34
4618362
826.06 25.73 42.32
4625664
826.52 25.70 42.26
4632967
826.97 25.70 42.24
4640268
827.55 25.72 42.24
4647574
828.09 25.70 42.28
4654875
828.56 25.70 42.29
4662177
829.37 25.73 42.28
4669480
829.01 25.72 42.30
4676782
829.52 25.72 42.29
4684109
829.96 25.73 42.30
4691410
831.07 25.72 42.27
4698713
830.69 25.70 42.30
4706014
829.63 25.73 42.28
4713317
829.28 25.70 42.30
4720620
829.77 25.72 42.25
4727921
830.01 25.73 42.24
4735223
828.65 25.73 42.27
4742525
827.09 25.72 42.20
4749828
827.05 25.73 42.20
4757129
826.98 25.72 42.21
4764432
826.99 25.72 42.29
4771737
826.10 25.74 42.25
4779038
826.82 25.72 42.20
4786341
825.96 25.73 42.22
4793643
825.26 25.69 42.15
4800945
825.54 25.72 42.21
4808246
826.31 25.70 42.24
4815547
824.41 25.72 42.25
4822850
825.13 25.70 42.23
4830151
824.60 25.73 42.23
4837453
822.84 25.73 42.24
4844754
821.78 25.72 42.23
4852058
821.13 25.72 42.21
4859365
820.32 25.73 42.23
4866666
819.77 25.70 42.24
4873969
819.91 25.72 42.24
4881270
818.02 25.73 42.23
4888572
815.70 25.72 42.24
4895874
815.62 25.72 42.20
4903180
814.71 25.72 42.24
4910482
815.36 25.73 42.27
4917783
815.07 25.72 42.23
4925086
812.12 25.72 42.27
4932387
811.30 25.72 42.28
4939689
811.45 25.70 42.21
4946992
812.11 25.70 42.26
4954293
810.57 25.70 42.26
4961595
808.78 25.72 42.25
4968896
808.13 25.70 42.23
4976198
808.04 25.73 42.25
4983500
808.77 25.70 42.25
4990802
809.66 25.70 42.23
4998105
810.41 25.70 42.29
5005406
810.96 25.69 42.22
5012709
811.50 25.69 42.22
5020010
812.34 25.70 42.21
5027312
811.90 25.69 42.26
5034616
810.61 25.72 42.28
5041920
810.67 25.70 42.30
5049222
811.16 25.69 42.27
5056523
810.69 25.69 42.27
5063825
809.94 25.70 42.28
5071126
809.62 25.70 42.31
5078429
809.26 25.69 42.29
5085730
809.13 25.69 42.27
5093032
809.83 25.69 42.25
5100336
809.34 25.70 42.23
5107637
810.62 25.67 42.29
5114939
810.62 25.72 42.30
5122240
810.27 25.70 42.26
5129543
810.60 25.70 42.30
5136844
808.55 25.70 42.30
5144145
808.92 25.72 42.28
5151448
807.56 25.69 42.34
5158753
807.12 25.67 42.26
5166055
807.80 25.69 42.26
5173356
806.51 25.69 42.25
5180658
805.65 25.67 42.26
5187961
803.35 25.70 42.28
5195262
803.80 25.67 42.30
5202565
807.29 25.69 42.29
5209866
808.89 25.70 42.29
5217169
807.11 25.70 42.24
5224470
808.00 25.69 42.26
5231772
808.05 25.69 42.29
5239075
805.80 25.69 42.29
5246376
805.72 25.67 42.25
5253679
804.95 25.69 42.25
5260987
804.14 25.67 42.27
5268289
803.77 25.69 42.29
5275591
804.59 25.69 42.27
5282892
804.82 25.70 42.26
5290198
804.32 25.69 42.24
5297500
804.91 25.70 42.23
5304802
805.18 25.69 42.22
5312103
805.49 25.66 42.27
5319406
804.65 25.69 42.27
5326708
804.49 25.70 42.24
5334009
803.52 25.69 42.24
5341312
803.52 25.69 42.24
5348614
803.41 25.70 42.24
5355916
802.82 25.72 42.24
5363217
802.55 25.67 42.26
5370520
803.07 25.70 42.26
5377822
802.80 25.67 42.21
5385123
802.56 25.69 42.24
5392425
802.71 25.67 42.26
5399728
802.96 25.69 42.26
5407030
801.45 25.67 42.23
5414331
802.38 25.72 42.24
5421636
802.41 25.69 42.24
5428938
802.14 25.69 42.26
5436239
802.15 25.69 42.26
5443542
803.04 25.69 42.26
5450843
803.24 25.69 42.25
5458146
803.03 25.67 42.29
5465448
804.05 25.69 42.25
5472775
805.11 25.66 42.25
5480077
804.45 25.72 42.20
5487378
803.70 25.69 42.26
5494681
803.11 25.67 42.27
5501982
803.20 25.69 42.27
5509284
802.30 25.67 42.25
5516588
802.29 25.70 42.21
5523889
802.45 25.67 42.26
5531191
801.38 25.66 42.22
5538492
800.70 25.67 42.25
5545798
801.16 25.66 42.20
5553099
