576.59 24.83 44.53
14693
574.59 24.85 44.56
16759
571.73 24.83 44.59
18784
569.21 24.83 44.51
20808
567.92 24.85 44.57
22834
569.21 24.85 44.55
24857
569.07 24.86 44.52
26882
570.21 24.86 44.57
28906
572.52 24.85 44.61
30931
571.66 24.85 44.59
32954
572.25 24.86 44.60
34977
573.65 24.85 44.59
37001
575.53 24.88 44.53
39024
577.34 24.88 44.53
41047
579.08 24.88 44.53
43070
579.63 24.89 44.53
45344
586.77 24.89 44.48
52645
593.90 24.91 44.47
59947
611.27 24.91 44.44
67250
626.47 24.91 44.40
74555
634.55 24.92 44.36
81856
638.38 24.95 44.34
89158
640.65 24.97 44.32
96459
640.67 24.94 44.28
103762
641.70 24.97 44.29
111068
639.34 24.99 44.25
118369
638.10 24.97 44.21
125670
638.21 25.01 44.17
132972
639.45 25.01 44.13
140275
639.16 24.99 44.12
147576
639.65 25.02 44.14
154877
638.11 25.01 44.13
162180
637.66 25.02 44.10
169483
637.05 25.03 44.08
176784
638.84 25.03 44.07
184085
637.23 25.02 44.00
191388
637.31 25.08 44.02
198690
636.91 25.05 44.02
205991
637.71 25.06 43.98
213296
637.91 25.06 43.96
220599
638.97 25.08 43.99
227901
638.19 25.08 43.93
235202
637.22 25.09 43.93
242504
636.24 25.09 43.93
249807
635.68 25.09 43.97
257110
636.04 25.10 43.87
264411
635.34 25.10 43.89
271712
634.71 25.09 43.86
279013
635.67 25.12 43.84
286316
636.10 25.12 43.82
293618
636.04 25.13 43.77
300920
635.72 25.12 43.73
308221
635.89 25.13 43.74
315524
635.61 25.15 43.69
322827
633.66 25.15 43.75
330128
633.76 25.13 43.73
337429
633.72 25.15 43.68
344734
632.81 25.15 43.68
352037
632.13 25.19 43.64
359339
632.30 25.18 43.64
366640
630.59 25.18 43.60
373942
631.35 25.19 43.63
381245
630.23 25.20 43.63
388546
630.38 25.19 43.65
395847
629.74 25.16 43.63
403148
629.58 25.20 43.63
410450
628.77 25.19 43.58
417754
628.43 25.20 43.64
425055
628.04 25.20 43.59
432356
628.56 25.20 43.59
439658
628.79 25.22 43.56
446960
628.59 25.25 43.51
454262
628.21 25.22 43.51
461563
628.12 25.23 43.46
468866
628.35 25.25 43.43
476172
627.67 25.23 43.41
483473
627.10 25.23 43.38
490774
628.23 25.25 43.37
498076
628.57 25.25 43.39
505379
628.51 25.26 43.36
512680
627.88 25.28 43.29
519982
627.53 25.26 43.19
527284
626.81 25.28 43.23
534587
626.55 25.28 43.25
541889
625.78 25.26 43.21
549190
625.72 25.29 43.22
556491
624.32 25.28 43.22
563794
624.35 25.29 43.26
571097
624.54 25.33 43.26
578398
622.93 25.29 43.28
585699
622.10 25.29 43.23
593002
621.84 25.30 43.26
600304
621.48 25.32 43.25
607605
620.92 25.29 43.25
614910
621.34 25.32 43.19
622213
620.25 25.32 43.20
629515
619.87 25.30 43.16
636816
620.49 25.32 43.17
644118
620.05 25.34 43.13
651419
618.20 25.33 43.12
658721
617.58 25.33 43.14
666024
616.63 25.32 43.10
673326
616.41 25.34 43.14
680653
616.53 25.34 43.11
687956
616.14 25.34 43.07
695259
617.32 25.34 43.12
702560
616.66 25.33 43.08
709862
615.63 25.36 43.10
717164
615.93 25.36 43.05
724467
614.61 25.36 43.11
731768
613.98 25.36 43.02
739069
613.80 25.39 43.04
746381
613.14 25.37 43.01
753683
612.73 25.37 42.96
760984
612.98 25.37 42.96
768285
613.30 25.39 42.99
775595
613.41 25.39 42.98
782897
614.29 25.39 42.98
790200
614.25 25.40 42.95
797501
613.79 25.41 42.95
804802
614.05 25.39 42.96
812105
613.69 25.39 42.95
819407
612.75 25.37 42.89
826708
612.08 25.39 42.89
834010
611.87 25.40 42.85
841313
611.04 25.40 42.87
848615
611.55 25.43 42.89
855916
611.53 25.40 42.84
863217
610.29 25.40 42.83
870520
610.15 25.43 42.87
877826
609.34 25.41 42.87
885129
610.30 25.41 42.87
892430
610.12 25.46 42.81
899731
610.93 25.46 42.76
907033
610.67 25.41 42.77
914336
610.20 25.43 42.73
921637
610.36 25.43 42.79
928939
609.96 25.47 42.76
936242
609.55 25.44 42.78
943544
609.08 25.46 42.85
950845
608.75 25.47 42.79
958146
608.15 25.47 42.77
965449
607.30 25.44 42.76
972751
608.98 25.44 42.77
980052
609.47 25.46 42.72
987354
609.57 25.46 42.72
994657
609.91 25.47 42.73
1001959
609.89 25.46 42.72
1009261
610.30 25.47 42.73
1016566
609.97 25.46 42.72
1023867
610.16 25.47 42.72
1031171
610.36 25.50 42.69
1038473
610.14 25.47 42.68
1045774
609.86 25.47 42.72
1053075
610.99 25.47 42.70
1060378
611.38 25.48 42.64
1067680
611.77 25.48 42.67
1074981
612.91 25.48 42.65
1082284
611.87 25.50 42.66
1089586
611.75 25.48 42.65
1096889
611.47 25.48 42.64
1104190
611.89 25.51 42.64
1111491
612.18 25.48 42.67
1118792
612.67 25.48 42.59
1126095
612.85 25.50 42.59
1133398
613.90 25.50 42.58
1140703
614.06 25.50 42.58
1148004
613.44 25.51 42.57
1155306
613.40 25.50 42.58
1162609
613.42 25.54 42.60
1169910
614.10 25.51 42.58
1177211
613.22 25.51 42.56
1184515
613.22 25.51 42.55
1191817
613.88 25.54 42.56
1199118
614.38 25.53 42.53
1206419
613.46 25.53 42.50
1213722
614.07 25.50 42.50
1221024
613.86 25.56 42.54
1228325
614.02 25.51 42.55
1235627
612.77 25.56 42.52
1242930
612.08 25.54 42.51
1250232
613.66 25.54 42.50
1257533
614.05 25.56 42.50
1264835
614.61 25.54 42.47
1272139
616.25 25.57 42.50
1279442
617.47 25.56 42.50
1286745
617.70 25.56 42.44
1294046
618.71 25.56 42.49
1301347
620.16 25.54 42.52
1308650
620.74 25.57 42.50
1315952
620.92 25.56 42.49
1323253
621.67 25.56 42.45
1330555
621.84 25.56 42.48
1337858
622.13 25.56 42.45
1345160
622.80 25.56 42.47
1352462
623.23 25.57 42.47
1359763
623.09 25.57 42.47
1367065
622.69 25.57 42.47
1374368
622.33 25.58 42.45
1381669
622.73 25.56 42.41
1388971
623.91 25.57 42.40
1396272
624.55 25.56 42.43
1403578
624.03 25.58 42.47
1410880
623.76 25.58 42.42
1418182
624.03 25.60 42.45
1425483
623.84 25.58 42.43
1432785
624.76 25.58 42.43
1440089
626.07 25.60 42.45
1447390
626.15 25.60 42.42
1454717
626.60 25.58 42.43
1462021
626.94 25.60 42.42
1469323
626.39 25.60 42.43
1476624
627.14 25.61 42.43
1483926
627.06 25.58 42.45
1491228
627.04 25.61 42.52
1498530
627.92 25.58 42.52
1505832
628.61 25.60 42.45
1513134
629.00 25.60 42.49
1520435
630.02 25.60 42.45
1527740
629.30 25.58 42.50
1535043
629.86 25.64 42.47
1542344
629.76 25.60 42.42
1549645
630.45 25.60 42.41
1556948
630.85 25.61 42.46
1564251
631.76 25.61 42.48
1571552
631.75 25.60 42.41
1578853
632.34 25.61 42.42
1586156
631.87 25.58 42.42
1593458
632.48 25.63 42.44
1600760
632.31 25.61 42.41
1608061
632.57 25.61 42.46
1615364
633.49 25.63 42.45
1622667
633.53 25.61 42.47
1629968
634.11 25.63 42.46
1637270
635.67 25.61 42.46
1644572
636.13 25.61 42.41
1651874
636.14 25.64 42.40
1659180
636.58 25.64 42.38
1666489
637.10 25.64 42.42
1673790
636.49 25.63 42.40
1681092
636.26 25.61 42.39
1688395
636.63 25.66 42.39
1695696
636.45 25.63 42.37
1702998
637.07 25.63 42.41
1710300
636.79 25.67 42.38
1717603
636.17 25.66 42.35
1724904
636.37 25.64 42.39
1732205
635.94 25.66 42.33
1739508
635.47 25.66 42.36
1746810
635.69 25.66 42.31
1754113
636.10 25.67 42.33
1761414
637.00 25.64 42.31
1768716
636.57 25.66 42.30
1776019
637.02 25.70 42.34
1783320
637.43 25.68 42.32
1790619
636.73 25.66 42.30
1797920
637.11 25.68 42.32
1805222
636.69 25.68 42.30
1812526
636.59 25.68 42.32
1819827
636.26 25.63 42.27
1827128
637.15 25.67 42.28
1834430
637.11 25.67 42.32
1841733
636.81 25.68 42.33
1849034
637.37 25.68 42.33
1856335
636.37 25.68 42.29
1863639
636.10 25.71 42.30
1870941
636.16 25.68 42.28
1878242
635.84 25.68 42.29
1885544
635.22 25.68 42.30
1892846
635.16 25.67 42.29
1900148
635.34 25.70 42.24
1907450
634.37 25.70 42.28
1914755
634.66 25.68 42.27
1922056
633.64 25.68 42.26
1929359
633.85 25.67 42.29
1936661
633.23 25.70 42.28
1943963
633.39 25.68 42.26
1951264
633.75 25.70 42.28
1958566
633.80 25.71 42.31
1965870
634.87 25.68 42.29
1973171
634.82 25.70 42.24
1980472
635.23 25.71 42.26
1987774
636.03 25.71 42.30
1995077
636.81 25.68 42.28
2002378
637.36 25.73 42.32
2009679
637.06 25.70 42.30
2016983
637.11 25.70 42.26
2024285
638.71 25.70 42.34
2031586
638.61 25.71 42.30
2038887
639.47 25.74 42.31
2046192
640.83 25.71 42.29
2053494
641.24 25.73 42.26
2060797
641.03 25.74 42.26
2068099
640.10 25.73 42.23
2075400
640.90 25.71 42.23
2082702
641.09 25.73 42.21
2090005
641.04 25.70 42.26
2097306
640.78 25.74 42.30
2104607
639.88 25.73 42.24
2111910
638.49 25.73 42.25
2119213
639.01 25.74 42.28
2126514
640.17 25.77 42.23
2133815
639.79 25.73 42.26
2141118
640.93 25.73 42.27
2148420
641.04 25.74 42.24
2155721
641.19 25.74 42.25
2163022
641.48 25.74 42.28
2170328
641.77 25.74 42.28
2177630
641.49 25.78 42.28
2184932
641.61 25.74 42.25
2192234
639.89 25.73 42.20
2199535
639.48 25.74 42.23
2206837
640.37 25.75 42.22
2214140
641.29 25.74 42.24
2221442
641.46 25.75 42.23
2228743
642.05 25.77 42.25
2236072
642.72 25.75 42.20
2243376
643.79 25.74 42.23
2250677
644.98 25.75 42.20
2257978
645.95 25.74 42.21
2265280
645.53 25.75 42.18
2272583
646.82 25.75 42.20
2279884
646.63 25.77 42.17
2287185
646.95 25.78 42.18
2294487
646.93 25.75 42.17
2301793
647.90 25.78 42.23
2309095
647.57 25.75 42.24
2316397
648.23 25.75 42.25
2323698
648.81 25.75 42.26
2331000
649.42 25.78 42.24
2338304
650.25 25.75 42.20
2345605
650.77 25.75 42.23
2352906
651.88 25.80 42.23
2360208
652.41 25.73 42.19
2367511
654.00 25.78 42.19
2374812
654.80 25.75 42.15
2382113
655.46 25.75 42.17
2389415
657.24 25.77 42.18
2396719
657.97 25.78 42.17
2404021
658.89 25.81 42.16
2411322
659.50 25.78 42.14
2418623
659.58 25.81 42.16
2425926
659.20 25.78 42.16
2433232
658.44 25.77 42.12
2440534
658.64 25.80 42.11
2447835
658.15 25.80 42.14
2455137
658.75 25.78 42.12
2462440
659.18 25.80 42.12
2469741
659.20 25.80 42.13
2477042
658.41 25.80 42.11
2484344
658.07 25.81 42.11
2491648
658.11 25.81 42.11
2498949
659.02 25.81 42.14
2506250
660.07 25.78 42.14
2513553
659.45 25.81 42.07
2520855
658.90 25.77 42.09
2528157
659.63 25.78 42.11
2535458
659.03 25.81 42.11
2542759
660.04 25.81 42.07
2550063
659.57 25.78 42.05
2557376
658.74 25.80 42.06
2564677
658.28 25.78 42.05
2571979
658.64 25.81 42.06
2579281
657.52 25.81 42.05
2586584
657.04 25.81 42.05
2593886
655.89 25.81 42.09
2601187
655.56 25.83 42.04
2608489
654.70 25.81 42.03
2615791
654.75 25.83 42.03
2623093
653.55 25.81 42.03
2630394
653.51 25.84 42.00
2637696
652.69 25.84 42.02
2644998
651.39 25.83 41.95
2652301
650.41 25.84 41.94
2659602
648.40 25.81 41.99
2666903
648.62 25.83 42.06
2674205
649.46 25.85 41.98
2681508
649.66 25.83 42.04
2688813
648.82 25.84 42.11
2696114
649.17 25.81 42.05
2703417
649.40 25.83 42.07
2710719
648.95 25.83 42.02
2718020
648.85 25.85 42.02
2725321
649.99 25.81 42.01
2732624
650.03 25.80 42.05
2739927
649.85 25.83 42.02
2747228
648.77 25.81 42.01
2754529
647.66 25.81 42.03
2761830
647.83 25.83 42.02
2769133
647.73 25.83 42.03
2776435
647.09 25.81 42.01
2783736
646.74 25.83 42.03
2791037
646.54 25.84 42.02
2798340
645.98 25.83 42.02
2805643
644.90 25.84 42.05
2812944
644.88 25.83 42.02
2820248
644.94 25.83 42.03
2827551
644.59 25.83 42.03
2834853
644.43 25.84 42.04
2842155
643.99 25.83 42.03
2849457
643.04 25.83 42.06
2856759
643.45 25.83 42.04
2864061
642.54 25.85 41.99
2871363
642.54 25.84 41.93
2878664
642.08 25.83 41.96
2885965
641.90 25.83 41.95
2893267
641.32 25.83 41.92
2900571
641.53 25.81 41.94
2907872
641.51 25.83 41.95
2915173
640.85 25.83 42.02
2922476
640.35 25.84 41.96
2929778
638.38 25.81 41.99
2937079
641.09 25.83 41.99
2944385
641.23 25.83 42.04
2951687
642.30 25.85 42.01
2958990
643.43 25.84 42.02
2966291
642.87 25.83 42.02
2973592
643.22 25.84 42.02
2980894
643.26 25.85 42.01
2988197
644.28 25.84 42.03
2995499
644.82 25.85 41.98
3002800
645.78 25.87 41.99
3010101
646.08 25.85 42.01
3017431
646.62 25.85 42.02
3024733
647.47 25.85 42.01
3032034
647.67 25.84 41.98
3039335
648.40 25.85 41.97
3046638
647.93 25.87 41.98
3053940
648.70 25.85 41.93
3061241
648.80 25.85 42.01
3068542
649.23 25.84 41.99
3075849
649.26 25.87 41.97
3083151
649.68 25.85 41.98
3090452
650.34 25.87 41.98
3097754
650.13 25.88 42.01
3105055
648.45 25.85 41.96
3112357
649.07 25.87 41.94
3119661
649.07 25.85 41.97
3126962
650.12 25.87 41.97
3134263
650.24 25.88 41.96
3141565
651.19 25.87 41.90
3148868
650.09 25.87 41.93
3156169
650.70 25.88 41.96
3163470
650.75 25.91 41.93
3170772
650.51 25.89 41.96
3178076
650.20 25.88 41.98
3185377
651.22 25.89 42.01
3192678
651.36 25.88 41.98
3199981
651.53 25.89 41.96
3207286
652.87 25.88 41.95
3214587
653.09 25.88 41.97
3221890
654.03 25.88 41.95
3229191
654.30 25.88 41.96
3236493
654.93 25.89 41.95
3243795
655.71 25.89 41.96
3251097
655.56 25.88 41.98
3258398
654.63 25.91 41.94
3265700
654.13 25.89 41.98
3273003
654.33 25.89 41.98
3280305
653.33 25.89 41.96
3287606
653.43 25.89 41.95
3294908
653.43 25.89 41.95
3302211
653.53 25.91 41.94
3309512
653.89 25.89 41.97
3316813
653.95 25.91 41.94
3324115
654.16 25.92 41.94
3331422
653.69 25.91 41.94
3338723
653.98 25.89 41.93
3346024
654.16 25.91 41.93
3353327
654.28 25.91 41.91
3360629
653.19 25.92 41.91
3367930
652.31 25.89 41.86
3375232
651.37 25.89 41.85
3382533
649.95 25.92 41.84
3389836
650.28 25.94 41.88
3397138
650.42 25.91 41.89
3404439
650.11 25.92 41.84
3411740
648.44 25.92 41.76
3419043
647.17 25.92 41.75
3426345
647.08 25.92 41.76
3433647
646.76 25.92 41.83
3440948
646.10 25.94 41.84
3448251
645.38 25.89 41.87
3455561
645.64 25.94 41.87
3462865
644.90 25.92 41.79
3470167
643.12 25.94 41.80
3477470
642.37 25.94 41.80
3484772
642.17 25.91 41.82
3492073
643.88 25.92 41.82
3499374
645.09 25.92 41.83
3506677
645.53 25.94 41.83
3513979
644.71 25.92 41.82
3521281
645.72 25.94 41.77
3528582
646.35 25.92 41.79
3535884
646.24 25.92 41.83
3543186
646.59 25.92 41.82
3550488
646.34 25.95 41.81
3557790
645.97 25.94 41.77
3565091
645.66 25.94 41.79
3572393
646.04 25.94 41.80
3579696
645.92 25.94 41.74
3586998
645.58 25.95 41.77
3594302
646.62 25.96 41.77
3601604
644.96 25.95 41.72
3608907
644.23 25.94 41.67
3616208
644.92 25.94 41.71
3623510
643.33 25.94 41.74
3630812
642.77 25.95 41.67
3638114
642.08 25.95 41.76
3645418
640.81 25.96 41.69
3652719
639.88 25.95 41.66
3660020
638.20 25.96 41.62
3667323
637.31 25.96 41.62
3674626
635.76 25.92 41.63
3681927
633.97 25.96 41.66
3689228
632.13 25.94 41.55
3696530
630.43 25.94 41.53
3703833
629.45 25.95 41.51
3711134
628.75 25.95 41.58
3718438
626.36 25.95 41.62
3725742
626.28 25.98 41.58
3733044
624.76 25.96 41.57
3740345
624.45 25.96 41.65
3747646
622.73 25.95 41.64
3754948
622.09 25.96 41.64
3762251
620.75 25.96 41.60
3769553
620.33 25.98 41.59
3776855
619.63 25.95 41.57
3784156
618.65 25.96 41.55
3791485
617.94 25.95 41.62
3798788
617.46 25.96 41.58
3806089
617.65 25.99 41.59
3813391
617.26 25.98 41.59
3820693
616.51 25.98 41.58
3827995
615.78 25.96 41.56
3835296
615.47 25.96 41.50
3842598
615.29 25.95 41.52
3849904
614.07 25.96 41.58
3857207
614.60 25.98 41.54
3864508
613.70 25.98 41.55
3871809
612.89 25.98 41.54
3879110
612.48 25.98 41.51
3886412
612.47 25.98 41.56
3893715
611.71 25.98 41.54
3901017
612.08 25.99 41.54
3908318
612.08 25.96 41.54
3915621
612.46 25.98 41.50
3922923
613.35 25.98 41.54
3930224
613.42 25.98 41.47
3937525
612.72 25.98 41.46
3944827
613.25 25.99 41.48
3952131
613.88 25.99 41.38
3959432
612.84 25.99 41.38
3966733
612.88 25.99 41.43
3974035
612.70 25.99 41.48
3981341
612.93 25.98 41.46
3988643
613.61 25.99 41.48
3995944
612.92 25.98 41.49
4003246
612.88 25.99 41.49
4010548
612.29 25.99 41.49
4017851
611.50 26.01 41.49
4025152
611.22 26.01 41.53
4032452
611.00 25.98 41.47
4039755
610.56 25.98 41.49
4047057
610.97 26.01 41.54
4054359
610.71 25.99 41.51
4061660
611.05 26.01 41.49
4068962
611.10 25.99 41.40
4076265
611.64 25.99 41.38
4083566
611.61 25.98 41.31
4090867
610.69 26.02 41.39
4098168
609.89 25.99 41.40
4105474
609.43 26.01 41.44
4112777
609.28 26.01 41.38
4120078
606.44 25.99 41.42
4127379
605.50 26.01 41.41
4134681
604.14 25.98 41.41
4141984
603.97 26.02 41.44
4149285
603.73 26.01 41.41
4156587
602.59 25.99 41.38
4163890
602.29 26.01 41.41
4171192
602.06 26.01 41.39
4178493
601.73 25.98 41.33
4185794
602.89 26.01 41.39
4193095
603.10 26.04 41.42
4200398
603.39 26.02 41.38
4207700
604.35 25.99 41.37
4215002
604.93 25.99 41.35
4222303
604.52 26.01 41.28
4229606
603.33 26.02 41.33
4236911
602.19 26.01 41.36
4244213
601.15 26.02 41.36
4251514
601.49 26.04 41.33
4258817
600.40 26.02 41.33
4266120
599.41 26.02 41.36
4273421
599.13 26.02 41.34
4280722
599.60 26.02 41.31
4288023
599.69 26.05 41.30
4295325
599.06 26.02 41.32
4302628
599.02 26.02 41.34
4309929
598.70 26.02 41.34
4317231
596.96 26.01 41.29
4324534
596.18 25.99 41.29
4331836
594.96 26.02 41.25
4339137
593.88 26.02 41.28
4346446
593.90 26.02 41.26
4353748
592.85 26.04 41.28
4361052
592.06 26.02 41.22
4368356
591.13 26.02 41.26
4375658
589.96 26.04 41.30
4382960
588.70 26.04 41.26
4390263
589.29 26.05 41.26
4397565
588.65 26.04 41.22
4404867
588.26 26.02 41.26
4412169
588.22 26.02 41.25
4419471
588.21 26.02 41.23
4426774
588.59 26.04 41.26
4434075
588.19 26.04 41.25
4441376
587.01 26.04 41.23
4448679
586.23 26.05 41.22
4455982
585.72 26.05 41.20
4463283
584.21 26.05 41.21
4470585
583.74 26.02 41.22
4477887
583.64 26.02 41.17
4485189
583.32 26.05 41.19
4492495
583.12 26.05 41.25
4499796
583.06 26.05 41.21
4507099
582.64 26.05 41.22
4514401
582.34 26.02 41.20
4521703
581.78 26.05 41.14
4529005
582.68 26.02 41.12
4536306
583.38 26.05 41.12
4543608
583.65 26.04 41.12
4550912
583.94 26.04 41.15
4558213
584.02 26.02 41.14
4565514
584.17 26.04 41.07
4572844
584.14 26.02 41.12
4580146
584.39 26.01 41.15
4587449
584.48 26.02 41.21
4594750
585.17 26.02 41.18
4602051
585.73 26.02 41.18
4609354
586.12 26.02 41.15
4616656
585.65 26.01 41.18
4623962
584.01 26.02 41.18
4631263
584.18 25.99 41.18
4638565
584.41 25.98 41.19
4645868
584.15 25.99 41.22
4653169
582.85 26.02 41.17
4660470
583.06 26.01 41.06
4667771
582.08 26.04 41.10
4675075
582.01 26.01 41.11
4682377
581.76 26.01 41.20
4689678
579.85 26.02 41.26
4696980
579.29 25.99 41.22
4704282
579.42 25.99 41.22
4711584
579.67 26.01 41.11
4718886
579.54 25.99 41.09
4726188
579.41 26.01 41.16
4733493
579.33 26.01 41.20
4740795
580.14 26.01 41.21
4748098
580.64 25.99 41.15
4755402
581.37 25.99 41.18
4762703
581.77 25.99 41.19
4770007
581.78 26.01 41.21
4777309
581.91 25.98 41.22
4784610
581.85 25.99 41.20
4791912
582.67 26.01 41.21
4799214
582.17 26.01 41.18
4806517
582.89 26.01 41.18
4813818
582.64 25.99 41.19
4821120
583.14 26.01 41.21
4828422
583.19 26.02 41.18
4835725
582.94 26.01 41.18
4843027
583.04 26.01 41.21
4850328
583.31 26.01 41.17
4857629
583.02 26.01 41.18
4864932
582.02 26.01 41.18
4872235
580.83 25.99 41.22
4879540
580.93 26.01 41.16
4886841
581.12 26.01 41.17
4894144
580.82 26.01 41.12
4901446
581.01 25.99 41.18
4908747
580.89 26.02 41.17
4916048
581.67 26.02 41.17
4923351
581.25 26.02 41.11
4930654
581.06 26.01 41.16
4937956
580.57 26.02 41.15
4945257
580.22 26.01 41.11
4952559
579.53 26.02 41.16
4959861
579.33 26.01 41.10
4967163
578.46 26.01 41.11
4974466
579.49 26.02 41.10
4981767
579.09 26.02 41.12
4989069
578.76 26.01 41.11
4996372
578.01 26.02 41.11
5003673
577.04 26.01 41.12
5010977
577.25 25.99 41.14
5018278
577.28 26.01 41.11
5025582
576.91 26.01 41.16
5032884
575.45 26.01 41.16
5040185
575.49 26.02 41.15
5047487
574.96 26.01 41.13
5054789
576.34 26.02 41.15
5062092
576.39 26.05 41.11
5069393
576.82 26.02 41.17
5076695
576.68 26.01 41.11
5083997
576.94 26.01 41.08
5091300
577.54 26.02 41.17
5098601
576.63 26.02 41.20
5105902
576.01 26.04 41.17
5113204
576.06 26.02 41.21
5120506
576.04 26.04 41.14
5127810
576.17 25.99 41.18
5135111
576.64 26.01 41.12
5142415
574.56 26.01 41.12
5149718
573.18 26.01 41.13
5157020
572.32 26.02 41.15
5164321
572.63 25.99 41.15
5171622
571.73 25.99 41.13
5178926
572.91 26.01 41.11
5186228
574.55 26.02 41.15
5193529
573.78 26.01 41.15
5200831
573.32 25.99 41.19
5208132
573.91 26.01 41.16
5215434
573.65 25.99 41.14
5222737
573.64 26.02 41.17
5230039
573.53 25.99 41.18
5237347
573.01 26.02 41.20
5244650
573.38 25.99 41.19
5251952
573.64 25.99 41.15
5259254
573.71 26.02 41.17
5266558
574.14 26.02 41.16
5273861
574.48 25.99 41.19
5281164
574.90 25.98 41.17
5288465
576.33 26.02 41.20
5295766
575.83 26.01 41.16
5303069
576.64 26.01 41.17
5310371
576.78 25.98 41.13
5317675
578.72 26.01 41.17
5324976
578.70 26.02 41.16
5332277
578.16 26.02 41.14
5339580
577.81 26.01 41.20
5346910
577.72 26.02 41.16
5354212
577.69 26.01 41.16
5361513
577.84 25.98 41.15
5368815
577.92 26.01 41.16
5376118
578.56 26.01 41.13
5383419
579.39 25.99 41.15
5390721
579.57 26.02 41.17
5398027
579.92 26.01 41.17
5405329
580.11 26.01 41.18
5412630
580.06 26.01 41.20
5419932
579.12 26.02 41.21
5427233
579.71 26.02 41.20
5434535
579.81 26.02 41.16
5441839
578.63 26.02 41.17
5449140
578.45 26.02 41.10
5456441
577.83 26.01 41.08
5463744
577.02 26.02 41.07
5471046
576.13 26.01 41.12
5478347
575.97 25.99 41.14
5485649
575.67 25.99 41.12
5492952
574.89 25.99 41.14
5500254
574.49 25.99 41.17
5507556
574.66 25.99 41.15
5514857
574.29 26.02 41.16
5522158
575.63 26.01 41.20
5529458
576.20 25.99 41.15
5536761
576.11 26.02 41.17
5544062
576.56 26.04 41.16
5551364
576.60 25.99 41.17
5558667
577.12 26.01 41.17
5565969
577.03 26.01 41.13
5573270
577.16 26.01 41.12
5580572
576.12 25.98 41.10
5587874
576.30 26.01 41.11
5595177
576.54 26.01 41.16
5602479
577.11 26.02 41.18
5609780
576.73 26.02 41.15
5617081
576.70 26.01 41.16
5624384
576.70 26.01 41.16
5631686
576.35 26.02 41.18
5638987
575.40 26.02 41.17
5646289
575.68 26.01 41.17
5653595
576.05 25.98 41.14
5660898
