721.14 26.32 42.06
14939
720.69 26.35 42.03
17020
720.86 26.35 42.09
19045
721.31 26.34 42.09
21069
721.52 26.32 42.04
23094
722.10 26.32 42.08
27119
722.16 26.34 42.03
29142
722.38 26.35 41.99
31165
722.90 26.32 42.09
33188
722.94 26.34 41.99
35213
723.05 26.32 42.04
37235
723.58 26.37 42.01
39259
723.45 26.35 42.02
41283
723.86 26.35 42.02
43308
724.39 26.35 42.02
45583
724.22 26.35 41.96
52885
724.72 26.37 42.05
60186
724.15 26.34 42.02
67489
724.96 26.34 41.98
74790
725.62 26.37 41.96
82095
726.24 26.40 41.93
89398
726.18 26.37 41.88
96699
725.90 26.40 41.85
104001
725.26 26.38 41.79
111304
724.83 26.38 41.82
118605
725.41 26.40 41.84
125908
725.96 26.40 41.88
133210
726.26 26.38 41.84
140511
726.58 26.40 41.82
147814
726.86 26.38 41.84
155115
726.54 26.41 41.81
162417
726.64 26.40 41.76
169720
726.50 26.41 41.74
177021
726.86 26.42 41.72
184325
726.76 26.42 41.68
191626
727.44 26.42 41.67
198928
727.18 26.41 41.68
206231
727.53 26.41 41.61
213532
726.53 26.42 41.68
220838
726.87 26.44 41.67
228141
727.32 26.44 41.64
235443
727.79 26.42 41.62
242745
727.91 26.44 41.62
250046
727.60 26.44 41.60
257349
728.10 26.47 41.55
264651
726.69 26.45 41.55
271953
726.36 26.47 41.54
279256
726.44 26.45 41.53
286558
725.18 26.45 41.54
293859
725.57 26.47 41.54
301161
725.89 26.45 41.55
308462
725.48 26.45 41.51
315765
725.70 26.47 41.48
323067
726.53 26.47 41.48
330369
725.92 26.47 41.35
337672
725.32 26.47 41.37
344973
725.31 26.47 41.33
352277
724.61 26.48 41.34
359580
723.20 26.47 41.28
366881
722.72 26.49 41.31
374183
721.60 26.48 41.30
381487
720.24 26.47 41.38
388788
719.57 26.44 41.32
396091
719.19 26.47 41.38
403392
719.40 26.47 41.31
410693
719.50 26.48 41.38
417996
719.59 26.47 41.33
425297
719.15 26.48 41.30
432600
719.07 26.45 41.29
439903
719.00 26.48 41.27
447204
718.79 26.48 41.28
454506
717.95 26.45 41.18
461807
717.15 26.48 41.24
469109
716.67 26.44 41.19
476411
716.81 26.48 41.20
483717
715.62 26.48 41.20
491019
715.32 26.47 41.18
498322
714.10 26.45 41.18
505623
712.96 26.48 41.20
512925
712.92 26.49 41.20
520226
711.56 26.48 41.20
527529
711.22 26.49 41.12
534832
710.24 26.47 41.09
542133
710.05 26.48 41.17
549436
709.96 26.48 41.17
556738
709.57 26.49 41.11
564040
709.10 26.48 41.15
571342
710.05 26.47 41.17
578643
709.22 26.47 41.18
585947
708.84 26.49 41.10
593249
708.66 26.49 41.08
600550
708.51 26.49 41.06
607853
709.27 26.47 41.09
615154
709.36 26.48 41.11
622458
708.08 26.48 41.06
629762
708.13 26.48 41.06
637063
708.35 26.47 40.99
644365
707.17 26.49 41.05
651668
707.04 26.45 41.05
658969
707.31 26.48 41.08
666272
706.85 26.51 41.05
673573
706.97 26.49 41.10
680875
706.82 26.49 41.08
688177
708.24 26.49 41.05
695478
708.02 26.51 41.08
702781
707.96 26.48 41.05
710083
707.40 26.48 41.06
717385
705.98 26.47 41.09
724710
705.85 26.48 41.06
732011
705.65 26.48 41.04
739312
704.72 26.45 41.08
746615
704.46 26.48 41.06
753920
704.08 26.49 41.02
761223
704.39 26.48 41.05
768525
703.44 26.47 41.02
775826
702.95 26.47 41.02
783136
702.95 26.48 41.06
790437
702.96 26.48 41.02
797740
702.05 26.48 41.06
805043
701.94 26.48 41.06
812344
701.70 26.47 41.05
819646
701.33 26.48 41.04
826949
700.86 26.47 41.06
834250
701.17 26.45 41.03
841552
701.05 26.45 41.05
848855
700.19 26.47 40.99
856157
699.98 26.47 40.98
863459
699.70 26.47 40.99
870761
700.29 26.44 41.00
878063
700.42 26.48 41.05
885368
700.10 26.47 40.96
892669
700.50 26.47 40.98
899972
701.19 26.48 40.98
907274
700.99 26.49 40.94
914576
700.59 26.48 40.95
921879
701.11 26.48 40.93
929180
701.91 26.47 40.92
936482
701.71 26.48 40.99
943783
701.70 26.48 40.93
951086
701.74 26.49 40.95
958388
702.21 26.48 40.93
965689
701.80 26.47 40.93
972992
702.24 26.48 40.95
980294
701.99 26.48 40.92
987596
701.91 26.48 40.95
994898
702.21 26.48 41.01
1002200
701.68 26.49 40.95
1009501
701.28 26.51 40.91
1016804
700.38 26.48 40.92
1024103
699.92 26.48 40.93
1031405
699.76 26.48 40.90
1038708
699.73 26.51 40.93
1046009
700.12 26.52 40.93
1053313
699.07 26.49 40.94
1060614
698.89 26.49 40.88
1067915
697.60 26.49 40.88
1075218
696.30 26.49 40.92
1082519
696.86 26.51 40.84
1089821
696.97 26.48 40.88
1097124
696.87 26.49 40.85
1104425
696.55 26.51 40.87
1111729
696.34 26.51 40.93
1119030
697.12 26.49 40.88
1126331
697.66 26.49 40.91
1133634
697.33 26.48 40.90
1140935
697.19 26.51 40.88
1148241
697.23 26.51 40.82
1155544
696.81 26.49 40.92
1162846
697.06 26.48 40.88
1170148
697.16 26.49 40.88
1177450
696.83 26.51 40.85
1184751
696.36 26.48 40.86
1192053
697.53 26.47 40.85
1199355
698.69 26.52 40.87
1206658
698.46 26.48 40.88
1213961
698.34 26.48 40.86
1221262
698.98 26.48 40.88
1228564
699.03 26.48 40.86
1235866
699.06 26.47 40.86
1243167
699.64 26.47 40.89
1250469
700.75 26.47 40.89
1257771
701.25 26.48 40.92
1265074
700.55 26.48 40.93
1272377
702.08 26.48 40.89
1279681
702.46 26.48 40.88
1286984
703.89 26.48 40.88
1294285
705.02 26.47 40.89
1301586
705.86 26.47 40.92
1308890
706.14 26.47 40.86
1316191
706.06 26.47 40.85
1323494
706.45 26.48 40.88
1330796
706.75 26.48 40.86
1338097
706.28 26.47 40.90
1345400
705.59 26.48 40.90
1352701
707.06 26.49 40.94
1360006
706.72 26.47 40.90
1367309
708.02 26.49 40.86
1374610
708.83 26.47 40.89
1381913
708.81 26.49 40.88
1389215
708.79 26.49 40.88
1396516
708.74 26.48 40.90
1403823
708.43 26.49 40.91
1411124
708.73 26.49 40.89
1418428
708.73 26.49 40.91
1425730
709.32 26.49 40.88
1433032
709.72 26.49 40.91
1440334
709.17 26.49 40.86
1447636
708.77 26.51 40.88
1454939
708.53 26.49 40.89
1462241
707.99 26.51 40.91
1469542
708.07 26.51 40.87
1476845
708.67 26.52 40.88
1484147
708.65 26.52 40.87
1491449
708.60 26.51 40.87
1498752
708.74 26.52 40.84
1506055
709.46 26.52 40.88
1513356
709.93 26.51 40.88
1520659
709.74 26.54 40.85
1527960
709.40 26.52 40.85
1535288
709.25 26.54 40.85
1542591
709.37 26.54 40.87
1549892
709.73 26.55 40.81
1557194
708.56 26.55 40.83
1564495
709.31 26.55 40.81
1571798
709.23 26.54 40.75
1579100
709.95 26.55 40.78
1586402
710.11 26.56 40.77
1593704
711.58 26.56 40.80
1601007
711.03 26.54 40.75
1608308
711.52 26.55 40.80
1615610
710.93 26.55 40.80
1622913
710.94 26.55 40.78
1630214
710.83 26.56 40.81
1637517
711.34 26.55 40.77
1644818
711.84 26.58 40.77
1652120
712.67 26.55 40.81
1659423
713.28 26.56 40.79
1666727
713.65 26.55 40.80
1674031
713.36 26.55 40.81
1681339
714.81 26.55 40.76
1688640
714.80 26.58 40.74
1695943
714.48 26.56 40.79
1703244
714.41 26.55 40.78
1710547
714.13 26.56 40.79
1717850
715.18 26.59 40.79
1725151
715.68 26.56 40.81
1732454
716.29 26.58 40.80
1739755
716.78 26.59 40.82
1747056
717.52 26.58 40.83
1754359
717.70 26.58 40.74
1761660
717.68 26.59 40.70
1768964
716.61 26.59 40.73
1776266
716.32 26.58 40.76
1783568
715.71 26.58 40.70
1790873
716.36 26.59 40.73
1798175
716.53 26.60 40.69
1805477
715.84 26.59 40.72
1812781
715.91 26.59 40.73
1820082
715.73 26.59 40.77
1827385
716.84 26.58 40.74
1834687
717.87 26.60 40.74
1841988
717.71 26.59 40.70
1849291
717.97 26.58 40.70
1856592
718.31 26.60 40.70
1863895
719.18 26.60 40.72
1871198
719.93 26.58 40.74
1878500
720.17 26.58 40.69
1885802
720.38 26.60 40.69
1893108
720.97 26.60 40.73
1900409
720.17 26.60 40.70
1907712
720.07 26.59 40.69
1915014
720.73 26.59 40.67
1922319
720.85 26.59 40.67
1929622
721.31 26.62 40.65
1936923
721.22 26.62 40.67
1944226
720.69 26.62 40.73
1951528
721.24 26.62 40.71
1958830
722.10 26.63 40.66
1966133
721.42 26.59 40.73
1973434
721.33 26.62 40.72
1980737
721.60 26.62 40.71
1988039
722.69 26.62 40.69
1995341
723.58 26.62 40.66
2002643
723.67 26.62 40.69
2009945
722.74 26.66 40.66
2017247
722.16 26.66 40.71
2024549
722.90 26.63 40.69
2031850
723.53 26.63 40.66
2039153
724.96 26.65 40.62
2046455
724.96 26.62 40.63
2053761
724.62 26.66 40.59
2061063
724.66 26.63 40.69
2068364
724.14 26.65 40.62
2075666
724.01 26.65 40.72
2082968
723.88 26.63 40.63
2090270
723.46 26.65 40.59
2097572
723.69 26.68 40.63
2104876
725.35 26.68 40.65
2112177
724.95 26.66 40.64
2119479
725.08 26.65 40.61
2126780
725.85 26.68 40.59
2134082
725.56 26.66 40.65
2141384
726.07 26.68 40.64
2148685
726.82 26.65 40.68
2155988
726.90 26.66 40.65
2163291
726.73 26.65 40.63
2170593
727.17 26.68 40.55
2177898
726.49 26.65 40.55
2185200
726.98 26.65 40.53
2192501
726.98 26.65 40.52
2199803
725.96 26.68 40.54
2207105
725.21 26.66 40.54
2214408
725.01 26.66 40.54
2221710
724.47 26.66 40.58
2229012
724.52 26.66 40.55
2236314
724.25 26.65 40.63
2243615
723.65 26.68 40.57
2250917
722.14 26.68 40.59
2258220
722.94 26.66 40.56
2265522
722.02 26.63 40.55
2272824
721.81 26.65 40.55
2280127
721.08 26.66 40.51
2287428
721.02 26.66 40.54
2294730
720.53 26.68 40.51
2302031
721.13 26.65 40.61
2309337
720.63 26.65 40.56
2316639
719.88 26.65 40.55
2323941
720.63 26.66 40.58
2331243
720.13 26.65 40.55
2338546
720.10 26.65 40.55
2345870
719.73 26.65 40.55
2353172
719.49 26.65 40.56
2360474
719.05 26.68 40.55
2367776
719.82 26.66 40.59
2375079
719.18 26.65 40.55
2382381
717.88 26.63 40.57
2389683
717.67 26.63 40.55
2396990
717.37 26.63 40.59
2404291
717.22 26.65 40.53
2411594
715.36 26.65 40.53
2418895
715.51 26.65 40.53
2426199
715.07 26.65 40.53
2433501
714.95 26.66 40.54
2440806
714.58 26.65 40.45
2448108
714.71 26.63 40.50
2455410
714.10 26.63 40.49
2462711
714.45 26.65 40.59
2470013
713.57 26.65 40.50
2477315
714.39 26.63 40.56
2484618
713.73 26.63 40.53
2491921
713.34 26.60 40.59
2499222
714.07 26.62 40.53
2506524
714.77 26.63 40.50
2513825
715.15 26.63 40.55
2521127
715.48 26.63 40.56
2528430
716.19 26.62 40.56
2535731
716.27 26.60 40.60
2543034
716.30 26.60 40.57
2550336
715.93 26.60 40.59
2557638
716.62 26.62 40.62
2564943
716.00 26.60 40.62
2572252
717.03 26.59 40.63
2579554
717.33 26.59 40.63
2586856
716.95 26.60 40.63
2594157
716.18 26.60 40.63
2601460
716.33 26.60 40.57
2608762
715.79 26.60 40.52
2616064
715.64 26.59 40.56
2623367
716.04 26.60 40.60
2630668
716.28 26.62 40.65
2637969
715.51 26.62 40.57
2645272
716.06 26.58 40.64
2652573
716.04 26.59 40.63
2659876
716.43 26.58 40.58
2667179
716.34 26.58 40.58
2674481
715.63 26.58 40.64
2681783
715.93 26.60 40.59
2689084
716.44 26.58 40.63
2696389
716.94 26.58 40.61
2703691
717.20 26.58 40.61
2710993
717.51 26.59 40.69
2718296
718.08 26.59 40.64
2725599
718.85 26.59 40.70
2732900
718.90 26.59 40.67
2740203
719.37 26.59 40.69
2747504
719.12 26.58 40.64
2754808
719.01 26.59 40.64
2762112
719.23 26.60 40.67
2769413
719.24 26.59 40.63
2776715
719.84 26.60 40.62
2784018
719.39 26.59 40.63
2791319
719.98 26.59 40.61
2798621
720.56 26.59 40.66
2805923
721.71 26.62 40.63
2813225
721.97 26.60 40.62
2820529
722.35 26.62 40.63
2827833
722.45 26.62 40.63
2835136
722.38 26.60 40.64
2842438
722.34 26.62 40.65
2849739
722.08 26.62 40.62
2857042
722.15 26.62 40.62
2864344
721.99 26.65 40.62
2871645
723.28 26.63 40.57
2878948
723.42 26.62 40.56
2886249
723.72 26.62 40.57
2893552
723.51 26.62 40.53
2900854
722.83 26.63 40.50
2908156
722.55 26.65 40.49
2915459
722.42 26.65 40.52
2922760
721.92 26.66 40.55
2930061
721.82 26.65 40.55
2937364
722.30 26.65 40.56
2944665
721.80 26.63 40.57
2951971
721.41 26.65 40.58
2959275
721.42 26.63 40.55
2966576
721.75 26.66 40.55
2973878
722.10 26.63 40.57
2981179
722.49 26.65 40.59
2988480
722.44 26.68 40.57
2995783
722.58 26.65 40.58
3003084
722.69 26.68 40.54
3010386
723.31 26.65 40.56
3017690
723.99 26.66 40.56
3024991
724.98 26.65 40.58
3032294
724.84 26.66 40.55
3039595
725.04 26.63 40.61
3046896
725.17 26.66 40.58
3054198
724.66 26.66 40.55
3061500
725.28 26.66 40.55
3068803
724.99 26.68 40.55
3076106
725.89 26.68 40.54
3083410
726.45 26.68 40.54
3090713
726.75 26.69 40.52
3098014
725.45 26.66 40.51
3105315
725.78 26.69 40.54
3112619
726.14 26.69 40.51
3119920
725.99 26.69 40.51
3127222
726.86 26.70 40.48
3134525
727.39 26.69 40.52
3141826
728.29 26.69 40.58
3149129
728.83 26.68 40.51
3156452
729.49 26.70 40.48
3163755
729.53 26.70 40.47
3171057
730.35 26.68 40.54
3178358
729.63 26.70 40.48
3185661
730.50 26.69 40.48
3192964
731.34 26.69 40.47
3200265
731.42 26.69 40.44
3207568
731.54 26.72 40.46
3214872
731.00 26.69 40.47
3222175
731.31 26.70 40.41
3229477
730.83 26.70 40.37
3236779
730.57 26.70 40.41
3244082
729.57 26.72 40.42
3251383
729.32 26.72 40.38
3258684
728.49 26.68 40.38
3265987
727.66 26.69 40.39
3273288
727.75 26.70 40.35
3280590
726.52 26.69 40.42
3287894
724.76 26.70 40.45
3295195
724.67 26.69 40.45
3302497
724.80 26.68 40.36
3309799
723.92 26.68 40.38
3317100
723.81 26.69 40.39
3324402
723.26 26.68 40.46
3331704
723.93 26.69 40.41
3339011
722.95 26.68 40.35
3346313
723.50 26.69 40.31
3353614
722.60 26.68 40.32
3360917
721.78 26.69 40.37
3368218
720.47 26.68 40.35
3375519
718.91 26.69 40.37
3382822
717.56 26.69 40.44
3390124
717.44 26.66 40.42
3397426
716.89 26.68 40.41
3404729
717.29 26.68 40.44
3412030
717.38 26.68 40.38
3419333
717.21 26.69 40.41
3426634
717.26 26.66 40.33
3433935
716.50 26.68 40.36
3441239
715.53 26.69 40.38
3448540
714.38 26.68 40.36
3455842
713.73 26.68 40.35
3463152
713.75 26.68 40.38
3470457
713.06 26.68 40.30
3477760
712.37 26.69 40.28
3485061
711.21 26.66 40.35
3492362
710.47 26.68 40.29
3499665
709.97 26.66 40.29
3506966
710.09 26.68 40.35
3514268
709.67 26.70 40.34
3521571
707.80 26.72 40.34
3528872
707.43 26.69 40.32
3536176
706.81 26.70 40.32
3543477
704.91 26.69 40.29
3550778
704.07 26.69 40.34
3558080
703.38 26.66 40.30
3565382
702.80 26.70 40.28
3572684
702.71 26.69 40.29
3579987
703.15 26.70 40.29
3587289
701.54 26.69 40.32
3594591
701.45 26.72 40.30
3601896
700.35 26.69 40.28
3609197
699.92 26.72 40.28
3616499
699.07 26.69 40.26
3623801
698.67 26.70 40.28
3631104
698.22 26.72 40.25
3638406
697.50 26.69 40.26
3645708
696.56 26.70 40.22
3653010
696.18 26.70 40.21
3660311
695.80 26.72 40.24
3667612
695.39 26.72 40.22
3674915
695.03 26.70 40.18
3682216
694.19 26.69 40.22
3689519
693.76 26.70 40.19
3696822
692.03 26.72 40.19
3704123
691.62 26.70 40.19
3711426
690.61 26.72 40.21
3718727
690.74 26.70 40.26
3726031
691.24 26.72 40.22
3733335
691.38 26.72 40.21
3740636
691.42 26.70 40.22
3747939
691.66 26.69 40.25
3755241
692.03 26.70 40.25
3762542
692.17 26.72 40.22
3769845
691.74 26.69 40.22
3777146
692.21 26.69 40.21
3784448
692.21 26.70 40.19
3791751
691.49 26.70 40.22
3799052
691.11 26.70 40.21
3806354
690.16 26.69 40.19
3813657
691.41 26.70 40.24
3820958
690.54 26.70 40.21
3828260
690.35 26.70 40.21
3835563
689.73 26.69 40.26
3842864
689.85 26.69 40.19
3850166
690.04 26.66 40.22
3857471
689.70 26.68 40.16
3864773
688.73 26.69 40.21
3872075
688.87 26.70 40.19
3879376
688.44 26.69 40.19
3886680
688.69 26.68 40.20
3893981
689.46 26.69 40.21
3901282
689.12 26.70 40.21
3908585
690.53 26.69 40.19
3915886
692.29 26.69 40.21
3923188
691.97 26.68 40.20
3930491
693.37 26.68 40.23
3937793
694.68 26.69 40.19
3945096
694.58 26.68 40.17
3952397
694.66 26.68 40.16
3959698
694.35 26.70 40.12
3967024
693.41 26.66 40.14
3974325
692.51 26.66 40.16
3981627
691.99 26.68 40.16
3988933
690.26 26.68 40.20
3996234
689.32 26.66 40.16
4003536
687.72 26.65 40.13
4010838
687.12 26.65 40.13
4018140
685.87 26.68 40.22
4025442
684.55 26.65 40.22
4032743
683.57 26.66 40.22
4040045
683.94 26.65 40.17
4047348
683.84 26.66 40.16
4054649
684.16 26.65 40.20
4061952
683.61 26.65 40.19
4069253
682.75 26.65 40.19
4076554
681.74 26.66 40.16
4083856
680.67 26.66 40.17
4091157
680.50 26.65 40.14
4098460
679.92 26.68 40.15
4105762
680.04 26.68 40.20
4113067
679.50 26.65 40.16
4120370
679.01 26.65 40.16
4127671
678.27 26.66 40.17
4134972
678.23 26.66 40.19
4142275
677.27 26.65 40.17
4149576
676.08 26.63 40.17
4156879
675.76 26.68 40.15
4164182
676.66 26.63 40.21
4171483
676.90 26.66 40.20
4178786
677.83 26.65 40.20
4186087
676.41 26.65 40.17
4193389
675.87 26.65 40.17
4200692
675.41 26.63 40.21
4207993
674.27 26.65 40.20
4215296
674.96 26.65 40.16
4222599
674.69 26.65 40.20
4229900
673.99 26.66 40.19
4237202
674.77 26.66 40.13
4244507
674.94 26.65 40.17
4251809
674.71 26.63 40.18
4259112
674.35 26.65 40.16
4266414
673.90 26.65 40.16
4273717
672.45 26.65 40.17
4281018
672.10 26.65 40.17
4288319
672.06 26.65 40.19
4295622
672.32 26.63 40.21
4302923
672.18 26.65 40.22
4310226
673.45 26.66 40.16
4317529
673.84 26.65 40.24
4324831
674.03 26.62 40.17
4332133
673.19 26.63 40.20
4339434
674.22 26.62 40.21
4346736
674.66 26.63 40.18
4354045
675.19 26.65 40.23
4361348
674.73 26.63 40.20
4368650
674.43 26.62 40.18
4375956
674.25 26.62 40.24
4383257
673.48 26.63 40.20
4390560
673.43 26.63 40.18
4397861
673.90 26.65 40.23
4405163
674.16 26.63 40.24
4412466
674.32 26.63 40.21
4419767
674.30 26.63 40.24
4427070
673.46 26.62 40.25
4434372
673.24 26.63 40.21
4441673
672.89 26.63 40.21
4448976
671.89 26.59 40.27
4456278
671.15 26.62 40.24
4463580
670.79 26.62 40.21
4470882
670.28 26.60 40.24
4478184
670.42 26.62 40.25
4485486
669.41 26.62 40.23
4492789
669.86 26.62 40.24
4500093
669.60 26.60 40.23
4507397
669.70 26.62 40.20
4514698
669.50 26.65 40.26
4521999
669.12 26.60 40.25
4529302
669.24 26.63 40.24
4536603
669.01 26.60 40.25
4543906
668.61 26.60 40.25
4551208
668.95 26.63 40.26
4558511
669.15 26.62 40.24
4565813
669.36 26.62 40.24
4573114
669.69 26.62 40.25
4580417
670.14 26.63 40.24
4587719
670.42 26.62 40.25
4595021
670.43 26.60 40.25
4602323
670.27 26.62 40.25
4609627
670.53 26.62 40.21
4616928
671.22 26.62 40.23
4624231
671.40 26.62 40.18
4631535
671.54 26.62 40.25
4638838
672.08 26.62 40.23
4646140
671.68 26.63 40.27
4653443
671.42 26.60 40.24
4660745
672.11 26.63 40.20
4668048
672.59 26.62 40.25
4675349
672.89 26.60 40.24
4682652
673.51 26.62 40.25
4689953
674.55 26.62 40.24
4697255
674.50 26.62 40.31
4704559
673.60 26.60 40.31
4711860
673.04 26.62 40.24
4719163
671.65 26.60 40.25
4726464
672.81 26.62 40.27
4733765
673.63 26.60 40.23
4741068
673.54 26.62 40.25
4748369
672.68 26.59 40.24
4755673
672.46 26.62 40.27
4762973
672.42 26.60 40.28
4770274
671.74 26.62 40.33
4777598
670.48 26.62 40.27
4784901
669.32 26.60 40.27
4792202
668.91 26.62 40.25
4799505
668.33 26.62 40.23
4806806
667.78 26.62 40.28
4814109
666.86 26.60 40.23
4821411
665.44 26.58 40.25
4828712
666.21 26.60 40.24
4836016
665.77 26.62 40.25
4843317
665.08 26.63 40.21
4850619
664.03 26.62 40.23
4857921
663.41 26.63 40.26
4865223
663.18 26.65 40.24
4872525
663.59 26.65 40.29
4879828
664.35 26.63 40.26
4887133
664.28 26.63 40.21
4894436
664.53 26.63 40.21
4901737
665.45 26.65 40.22
4909038
665.86 26.63 40.26
4916341
666.63 26.65 40.19
4923642
666.56 26.63 40.20
4930946
666.00 26.65 40.22
4938248
665.68 26.63 40.23
4945549
665.11 26.63 40.17
4952852
665.25 26.63 40.20
4960153
664.29 26.63 40.23
4967454
664.28 26.63 40.16
4974757
663.23 26.63 40.17
4982059
663.30 26.65 40.19
4989361
662.93 26.65 40.17
4996664
662.75 26.63 40.16
5003965
662.11 26.63 40.13
5011268
661.81 26.63 40.13
5018573
661.18 26.63 40.18
5025874
660.40 26.66 40.19
5033177
659.94 26.65 40.17
5040479
660.15 26.63 40.18
5047781
660.73 26.62 40.24
5055084
661.34 26.65 40.19
5062385
660.89 26.63 40.18
5069688
660.69 26.65 40.22
5076989
661.74 26.63 40.24
5084292
662.08 26.65 40.17
5091594
661.85 26.62 40.23
5098895
662.62 26.62 40.25
5106198
663.03 26.62 40.24
5113500
663.06 26.62 40.20
5120801
661.81 26.63 40.17
5128104
662.54 26.62 40.15
5135406
662.56 26.62 40.23
5142711
662.22 26.63 40.21
5150013
662.63 26.62 40.21
5157315
662.12 26.60 40.21
5164617
662.79 26.62 40.20
5171920
662.52 26.62 40.21
5179222
662.92 26.63 40.17
5186524
663.18 26.62 40.21
5193827
662.74 26.62 40.20
5201129
663.09 26.62 40.18
5208431
663.86 26.59 40.21
5215733
662.97 26.62 40.23
5223035
663.38 26.60 40.18
5230339
662.77 26.60 40.24
5237640
663.14 26.63 40.20
5244942
663.01 26.59 40.22
5252252
662.85 26.60 40.24
5259553
663.09 26.60 40.24
5266856
663.46 26.59 40.24
5274161
663.44 26.59 40.27
5281463
663.45 26.60 40.23
5288766
663.75 26.60 40.25
5296067
664.26 26.63 40.24
5303370
663.96 26.60 40.25
5310672
664.33 26.60 40.23
5317974
1773.35 0.75 -3184115.00
5325277
664.95 26.60 40.20
5332830
665.17 26.59 40.24
5340132
665.19 26.60 40.25
5347435
664.19 26.60 40.20
5354736
664.42 26.59 40.17
5362039
664.05 26.59 40.19
5369340
664.08 26.60 40.25
5376642
663.56 26.62 40.21
5383945
663.79 26.59 40.28
5391246
663.56 26.60 40.27
5398548
662.95 26.60 40.25
5405854
662.86 26.59 40.24
5413156
662.45 26.59 40.25
5420459
662.11 26.59 40.22
5427760
661.44 26.59 40.21
5435062
661.28 26.60 40.25
5442364
661.42 26.59 40.22
5449666
660.39 26.59 40.19
5456968
660.55 26.58 40.16
5464271
659.30 26.58 40.21
5471572
659.08 26.58 40.22
5478876
658.51 26.59 40.24
5486177
658.76 26.58 40.24
5493478
657.76 26.58 40.22
5500781
657.52 26.59 40.21
5508082
656.75 26.59 40.24
5515385
656.11 26.59 40.21
5522688
