823.86 29.64 44.52 805	
831.09 29.66 44.48 2845	
839.07 29.66 44.43 4869	
852.01 29.70 44.31 6891	
890.03 29.74 44.29 8914	
917.06 29.73 44.30 10938	
929.79 29.73 44.31 12960	
939.29 29.76 44.60 14985	
948.98 29.79 44.73 17009	
962.18 29.84 45.51 21798	
967.82 29.90 45.54 28346	
961.09 29.93 45.32 34893	
946.01 29.97 44.19 41440	
926.92 30.04 43.73 47987	
877.33 30.05 43.52 54535	
858.88 30.11 43.75 61081	
841.46 30.12 43.34 67629	
836.79 30.15 42.83 74176	
831.12 30.19 43.50 80723	
831.60 30.19 43.16 87271	
826.64 30.23 42.70 93821	
822.85 30.22 42.48 100368	
817.41 30.25 42.32 106915	
813.72 30.25 42.28 113467	
810.71 30.28 42.26 120016	
807.47 30.28 42.72 126564	
805.74 30.31 42.66 133112	
804.44 30.29 42.27 139661	
801.46 30.33 42.01 146210	
798.76 30.32 41.79 152759	
794.79 30.33 42.25 159307	
793.04 30.36 42.42 165856	
792.27 30.35 42.23 172404	
791.10 30.35 42.36 178953	
790.08 30.38 42.08 185501	
790.37 30.39 42.17 192050	
790.51 30.38 42.20 198598	
790.37 30.39 42.12 205147	
790.18 30.39 42.14 211699	
790.75 30.40 42.12 218248	
790.65 30.42 42.07 224796	
790.90 30.42 42.03 231344	
791.51 30.45 42.01 237890	
791.85 30.42 41.89 244438	
792.32 30.45 41.71 250985	
793.45 30.46 41.61 257532	
793.58 30.43 41.52 264080	
792.80 30.45 41.47 270626	
792.88 30.47 41.41 277174	
792.76 30.46 41.39 283721	
791.93 30.46 41.41 290269	
789.98 30.47 41.35 296816	
789.47 30.47 41.47 303363	
789.45 30.47 41.63 309910	
789.09 30.47 41.85 316457	
789.19 30.49 41.78 323005	
790.41 30.47 41.85 329555	
791.48 30.47 41.80 336104	
792.87 30.49 41.98 342652	
795.13 30.50 42.10 349201	
797.49 30.50 41.75 355749	
800.43 30.49 41.54 362298	
801.70 30.50 41.50 368846	
802.56 30.52 41.66 375395	
804.36 30.53 41.80 381943	
807.46 30.50 41.69 388492	
809.57 30.52 41.87 395040	
812.68 30.52 41.84 401589	
814.12 30.53 41.93 408137	
817.77 30.53 41.93 414686	
820.26 30.53 41.78 421234	
823.18 30.53 41.81 427783	
827.02 30.52 42.04 434331	
833.49 30.52 42.19 440880	
853.52 30.55 42.24 447427	
868.08 30.55 42.25 453978	
879.12 30.57 42.15 460525	
884.07 30.56 41.92 467072	
885.04 30.55 41.91 473619	
887.09 30.56 41.81 480166	
886.86 30.56 41.93 486714	
886.45 30.57 41.86 493260	
888.97 30.57 41.93 499808	
888.50 30.59 41.77 506355	
888.41 30.57 41.87 512903	
885.97 30.57 41.76 519449	
887.29 30.57 41.74 525997	
886.72 30.57 41.80 532544	
887.30 30.59 41.92 539092	
887.95 30.59 41.87 545641	
888.01 30.60 41.76 552189	
888.14 30.59 42.02 558738	
888.14 30.59 42.25 565286	
889.65 30.57 42.31 571838	
892.16 30.57 42.41 578386	
894.72 30.62 42.42 584935	
895.99 30.62 42.43 591483	
897.85 30.60 42.48 598032	
901.94 30.60 42.52 604580	
907.62 30.60 42.59 611129	
913.97 30.62 42.52 617700	
920.50 30.62 42.61 624248	
928.09 30.63 42.47 630797	
944.04 30.62 42.29 637345	
951.83 30.62 42.16 643894	
952.36 30.60 42.33 650440	
953.05 30.60 42.49 656995	
956.17 30.63 42.58 663542	
959.89 30.60 42.56 670090	
959.27 30.62 42.65 676637	
963.59 30.62 42.71 683184	
966.74 30.60 42.75 689734	
969.65 30.63 42.76 696282	
973.07 30.62 42.84 702829	
974.47 30.62 42.82 709377	
977.39 30.66 42.85 715924	
980.17 30.64 42.85 722470	
982.21 30.63 42.82 729018	
984.60 30.63 42.77 735565	
986.52 30.66 42.85 742113	
988.46 30.63 42.86 748660	
988.92 30.67 42.88 755209	
989.32 30.63 42.82 761757	
990.46 30.66 42.82 768306	
991.31 30.66 42.81 774854	
991.78 30.63 42.79 781403	
993.26 30.66 42.77 787951	
994.57 30.69 42.85 794500	
995.67 30.64 42.88 801048	
995.88 30.66 42.76 807600	
998.03 30.64 42.67 814148	
997.36 30.67 42.66 820698	
996.41 30.66 42.83 827246	
997.74 30.66 42.91 833795	
997.79 30.66 42.88 840343	
999.08 30.69 42.95 846892	
1000.37 30.70 42.99 853440	
1002.12 30.69 42.98 859991	
1003.01 30.70 43.03 866538	
1004.86 30.70 43.00 873085	
1005.78 30.70 43.01 879633	
1006.55 30.70 43.01 886180	
1008.80 30.69 42.95 892727	
1010.84 30.69 42.94 899275	
1011.61 30.69 42.87 905822	
1012.78 30.70 42.90 912369	
1014.28 30.69 43.03 918917	
1014.91 30.70 42.85 925467	
1016.42 30.71 42.77 932015	
1017.28 30.70 42.84 938562	
1018.79 30.71 42.91 945110	
1018.71 30.73 42.99 951656	
1020.84 30.70 43.06 958205	
1021.92 30.70 42.90 964754	
1023.25 30.71 42.88 971302	
1023.89 30.73 43.02 977851	
1024.27 30.71 42.94 984399	
1025.51 30.73 42.83 990948	
1026.10 30.71 42.81 997496	
1026.66 30.70 42.77 1004045	
1027.37 30.71 42.77 1010593	
1027.70 30.70 42.88 1017142	
1028.61 30.71 43.09 1023691	
1029.15 30.71 42.91 1030240	
1030.15 30.71 43.00 1036788	
1031.74 30.70 43.04 1043340	
1034.16 30.74 43.15 1049888	
1035.06 30.70 42.96 1056438	
1035.98 30.75 42.93 1062986	
1036.93 30.74 42.93 1069534	
1038.57 30.71 42.99 1076081	
1039.68 30.71 43.16 1082629	
1040.89 30.73 43.21 1089176	
1043.03 30.71 43.28 1095724	
1046.03 30.75 43.28 1102271	
1062.63 30.75 43.33 1108818	
1095.79 30.75 43.34 1115366	
1107.26 30.75 43.36 1121913	
1113.98 30.74 43.30 1128461	
1114.60 30.74 43.30 1135007	
1111.48 30.74 43.36 1141555	
1110.48 30.74 43.40 1148102	
1113.56 30.71 43.38 1154653	
1116.54 30.77 43.52 1161200	
1115.84 30.74 43.42 1167748	
1114.79 30.75 43.50 1174295	
1116.28 30.74 43.49 1180844	
1115.98 30.74 43.31 1187393	
1116.46 30.75 42.96 1193942	
1114.40 30.74 42.84 1200490	
1113.19 30.75 42.99 1207038	
1110.97 30.74 43.25 1213587	
1110.23 30.74 43.30 1220135	
1109.96 30.77 43.24 1226684	
1111.09 30.74 43.19 1233232	
1110.47 30.75 43.15 1239782	
1110.65 30.77 43.07 1246330	
1109.49 30.75 43.14 1252879	
1107.72 30.75 43.11 1259427	
1106.22 30.75 43.18 1265979	
1106.31 30.78 43.16 1272527	
1106.94 30.78 43.32 1279077	
1107.86 30.78 43.45 1285625	
1108.36 30.77 43.52 1292173	
1109.02 30.77 43.52 1298719	
1110.36 30.80 43.52 1305267	
1111.18 30.77 43.40 1311814	
1112.88 30.78 43.52 1318362	
1112.79 30.77 43.56 1324909	
1113.99 30.77 43.62 1331457	
1115.93 30.77 43.71 1338004	
1119.42 30.78 43.70 1344573	
1122.81 30.78 43.76 1351120	
1126.41 30.78 43.73 1357668	
1129.87 30.80 43.76 1364215	
1132.58 30.81 43.75 1370763	
1134.60 30.78 43.86 1377313	
1141.65 30.80 43.80 1383861	
1145.26 30.78 43.78 1390409	
1149.27 30.80 43.82 1396958	
1155.92 30.80 43.86 1403506	
1160.52 30.78 43.89 1410055	
1166.34 30.81 43.91 1416603	
1167.62 30.78 43.90 1423153	
1169.35 30.80 43.91 1429701	
1173.06 30.78 43.89 1436250	
1176.16 30.80 43.87 1442798	
1177.60 30.81 43.75 1449347	
1176.43 30.80 43.77 1455902	
1175.92 30.80 43.87 1462451	
1177.75 30.80 43.92 1469000	
1180.36 30.80 43.99 1475549	
1182.27 30.81 43.95 1482097	
1183.53 30.83 43.79 1488649	
1184.75 30.81 43.79 1495198	
1184.88 30.81 43.57 1501747	
1183.86 30.83 43.60 1508294	
1183.33 30.81 43.59 1514842	
1183.30 30.80 43.79 1521388	
1183.07 30.83 43.86 1527936	
1183.07 30.83 43.76 1534483	
1184.00 30.84 43.76 1541030	
1186.24 30.83 43.88 1547578	
1187.77 30.83 43.95 1554125	
1187.98 30.84 43.92 1560673	
1190.41 30.83 43.97 1567219	
1190.60 30.81 44.04 1573767	
1192.58 30.83 43.94 1580314	
1192.53 30.84 43.92 1586862	
1192.84 30.84 43.75 1593409	
1192.82 30.83 43.64 1599962	
1192.47 30.83 43.69 1606510	
1192.31 30.84 43.57 1613059	
1191.21 30.84 43.62 1619607	
1190.09 30.83 43.91 1626156	
1189.65 30.84 44.01 1632705	
1190.91 30.84 44.10 1639254	
1192.79 30.85 44.12 1645802	
1194.10 30.85 44.14 1652350	
1195.76 30.85 44.18 1658899	
1196.75 30.84 44.19 1665447	
1198.59 30.84 44.23 1671996	
1199.97 30.84 44.14 1678545	
1200.96 30.84 44.25 1685094	
1202.56 30.83 44.27 1691642	
1205.08 30.85 44.30 1698191	
1206.55 30.85 44.29 1704739	
1208.97 30.87 44.30 1711290	
1212.41 30.85 44.27 1717837	
1214.24 30.87 44.33 1724385	
1214.73 30.87 44.26 1730932	
1216.38 30.84 44.31 1737480	
1217.63 30.84 44.34 1744027	
1218.84 30.85 44.35 1750574	
1221.04 30.85 44.34 1757121	
1221.98 30.87 44.42 1763668	
1223.09 30.87 44.40 1770216	
1224.48 30.87 44.37 1776763	
1225.71 30.87 44.41 1783311	
1229.88 30.87 44.53 1789858	
1231.25 30.85 44.42 1796406	
1234.99 30.87 44.44 1802953	
1236.93 30.87 44.51 1809503	
1239.60 30.87 44.41 1816052	
1240.70 30.88 44.37 1822604	
1241.77 30.87 44.48 1829152	
1243.14 30.85 44.40 1835701	
1243.53 30.85 44.40 1842249	
1246.46 30.88 44.46 1848799	
1247.64 30.87 44.55 1855347	
1249.27 30.87 44.51 1861896	
1251.63 30.85 44.56 1868444	
1252.52 30.88 44.56 1874993	
1255.24 30.88 44.56 1881541	
1256.60 30.87 44.56 1888090	
1258.97 30.85 44.45 1894638	
1260.64 30.88 44.46 1901187	
1261.97 30.88 44.42 1907736	
1263.20 30.88 44.55 1914285	
1264.85 30.88 44.51 1920833	
1266.43 30.90 44.43 1927382	
1266.84 30.88 44.52 1933933	
1268.14 30.88 44.44 1940480	
1269.38 30.90 44.52 1947027	
1270.91 30.87 44.45 1953574	
1271.45 30.87 44.40 1960122	
1272.81 30.85 44.40 1966669	
1273.41 30.88 44.51 1973217	
1274.12 30.90 44.52 1979764	
1275.67 30.88 44.59 1986311	
1277.63 30.88 44.59 1992858	
1280.04 30.88 44.49 1999406	
1281.57 30.90 44.43 2005953	
1282.31 30.90 44.40 2012500	
1282.41 30.88 44.44 2019047	
1283.87 30.88 44.45 2025594	
1284.40 30.90 44.41 2032145	
1285.58 30.90 44.44 2038693	
1285.45 30.90 44.58 2045245	
1285.88 30.90 44.60 2051793	
1287.22 30.91 44.64 2058343	
1289.30 30.90 44.69 2064891	
1289.53 30.92 44.73 2071462	
1291.35 30.91 44.76 2078011	
1293.98 30.88 44.78 2084559	
1295.30 30.90 44.74 2091108	
1297.21 30.90 44.68 2097656	
1298.93 30.90 44.66 2104205	
1300.47 30.88 44.57 2110754	
1301.19 30.91 44.48 2117303	
1303.00 30.90 44.49 2123851	
1303.46 30.91 44.70 2130400	
1304.60 30.90 44.76 2136948	
1305.76 30.91 44.76 2143497	
1306.35 30.92 44.82 2150044	
1307.63 30.90 44.83 2156592	
1308.74 30.91 44.86 2163137	
1310.51 30.91 44.83 2169683	
1313.43 30.94 44.85 2176231	
1314.39 30.91 44.84 2182778	
1317.47 30.94 44.83 2189326	
1322.46 30.92 44.83 2195873	
1327.88 30.91 44.89 2202421	
1337.26 30.91 44.86 2208968	
1344.98 30.91 44.91 2215515	
1350.76 30.92 44.91 2222062	
1352.99 30.92 44.83 2228610	
1355.45 30.91 44.84 2235157	
1360.79 30.92 44.91 2241704	
1361.11 30.94 44.75 2248253	
1361.19 30.91 44.74 2254809	
1361.68 30.94 44.65 2261358	
1359.90 30.92 44.58 2267907	
1359.43 30.94 44.64 2274458	
1358.38 30.91 44.78 2281007	
1359.61 30.92 44.78 2287556	
1359.59 30.92 44.67 2294105	
1360.63 30.94 44.86 2300653	
1359.44 30.95 44.94 2307202	
1361.14 30.92 45.05 2313750	
1362.97 30.92 45.00 2320299	
1365.73 30.92 44.67 2326847	
1367.35 30.94 44.61 2333395	
1368.84 30.92 44.54 2339945	
1369.34 30.94 44.45 2346493	
1368.19 30.95 44.41 2353042	
1366.83 30.92 44.54 2359589	
1363.77 30.94 44.55 2366137	
1362.61 30.91 44.71 2372683	
1360.96 30.95 44.86 2379231	
1361.34 30.92 44.93 2385781	
1361.42 30.95 45.00 2392329	
1362.21 30.94 45.06 2398876	
1362.99 30.94 45.06 2405424	
1363.81 30.94 45.08 2411971	
1366.06 30.94 45.08 2418519	
1367.57 30.94 45.04 2425066	
1370.08 30.95 45.11 2431612	
1371.43 30.94 45.13 2438160	
1372.75 30.95 45.19 2444707	
1375.29 30.97 45.26 2451255	
1377.17 30.97 45.18 2457803	
1379.88 30.92 45.27 2464352	
1383.15 30.94 45.31 2470900	
1402.71 30.97 45.26 2477449	
1419.61 30.95 45.29 2483997	
1437.50 30.95 45.34 2490546	
1439.51 30.95 45.16 2497098	
1440.71 30.94 45.20 2503647	
1438.96 30.95 45.24 2510195	
1441.80 30.97 45.19 2516744	
1437.13 30.95 44.98 2523292	
1434.25 30.97 45.10 2529841	
1432.96 30.95 45.19 2536389	
1433.62 30.97 45.04 2542938	
1433.92 30.95 44.97 2549487	
1432.58 30.95 45.12 2556036	
1433.62 30.97 45.24 2562584	
1434.66 30.95 45.29 2569132	
1436.74 30.97 45.28 2575678	
1439.58 30.97 45.31 2582225	
1440.23 30.98 45.18 2588773	
1440.70 30.95 45.11 2595320	
1439.59 30.98 45.18 2601868	
1440.16 30.97 45.31 2608418	
1440.38 30.94 45.35 2614966	
1442.69 30.97 45.35 2621513	
1444.59 30.98 45.39 2628061	
1448.09 30.98 45.30 2634607	
1451.28 30.97 45.39 2641155	
1454.70 30.97 45.34 2647702	
1458.02 30.98 45.35 2654249	
1460.10 30.98 45.32 2660797	
1462.71 30.99 45.45 2667347	
1462.42 30.97 45.46 2673896	
1465.98 30.98 45.49 2680444	
1466.79 30.97 45.50 2686993	
1468.03 30.95 45.54 2693541	
1469.85 30.98 45.50 2700090	
1470.89 30.98 45.45 2706638	
1471.77 30.98 45.49 2713188	
1474.30 30.97 45.55 2719739	
1476.85 30.99 45.53 2726288	
1478.68 30.99 45.50 2732836	
1480.78 30.98 45.32 2739385	
1481.45 30.97 45.44 2745933	
1482.13 30.99 45.50 2752482	
1481.73 30.99 45.47 2759030	
1482.89 30.99 45.57 2765579	
1483.78 30.99 45.56 2772128	
1484.95 30.98 45.34 2778675	
1486.57 31.01 45.39 2785222	
1485.44 30.98 45.54 2791770	
1486.27 30.98 45.58 2798340	
1487.97 30.98 45.61 2804887	
1489.44 30.99 45.61 2811433	
1492.00 30.99 45.64 2817981	
1493.26 30.99 45.67 2824528	
1493.85 30.99 45.45 2831079	
1495.34 30.98 45.45 2837626	
1495.73 30.99 45.33 2844174	
1494.68 30.98 45.46 2850721	
1494.04 30.98 45.35 2857268	
1492.94 31.01 45.50 2863815	
1492.47 30.99 45.45 2870364	
1492.64 30.99 45.53 2876912	
1491.64 31.01 45.58 2883461	
1491.15 30.99 45.56 2890009	
1490.28 30.99 45.24 2896558	
1488.94 30.99 45.10 2903107	
1488.36 30.98 45.24 2909656	
1484.97 30.99 45.30 2916204	
1478.57 30.99 45.23 2922753	
1476.16 31.01 45.21 2929301	
1473.94 30.99 45.30 2935849	
1473.53 30.99 45.42 2942402	
1473.40 30.98 45.55 2948951	
1474.45 30.99 45.57 2955499	
1478.45 31.01 45.62 2962048	
1481.54 31.01 45.65 2968596	
1485.25 31.02 45.69 2975144	
1488.98 30.99 45.70 2981692	
1492.41 30.99 45.77 2988239	
1495.72 31.04 45.75 2994787	
1499.74 31.02 45.75 3001333	
1504.95 31.01 45.76 3007881	
1507.41 31.01 45.73 3014428	
1514.20 30.99 45.66 3020976	
1518.55 31.02 45.62 3027523	
1518.48 30.98 45.72 3034071	
1521.33 30.99 45.76 3040618	
1523.84 31.01 45.73 3047164	
1526.99 31.02 45.72 3053722	
1528.14 30.99 45.77 3060270	
1530.06 31.01 45.77 3066818	
1530.14 31.01 45.75 3073367	
1531.35 31.02 45.75 3079915	
1533.13 31.02 45.79 3086464	
1536.22 31.02 45.77 3093012	
1536.94 30.99 45.66 3099560	
1538.99 31.01 45.60 3106110	
1538.98 31.01 45.64 3112658	
1538.61 31.01 45.52 3119207	
1539.11 31.01 45.44 3125755	
1540.04 31.04 45.50 3132304	
1540.10 31.01 45.62 3138852	
1541.29 31.05 45.55 3145401	
1540.46 31.02 45.64 3151949	
1541.74 31.04 45.76 3158498	
1542.57 31.05 45.84 3165050	
1541.36 30.99 45.85 3171599	
1544.06 31.01 45.87 3178147	
1545.22 31.02 45.81 3184695	
1546.09 31.04 45.84 3191242	
1548.25 31.04 45.88 3197789	
1550.34 31.02 45.92 3204336	
1551.11 31.02 45.92 3210884	
1553.67 31.04 45.94 3217431	
1555.91 31.05 45.97 3223979	
1558.70 31.04 45.91 3230526	
1559.20 31.05 45.94 3237072	
1561.09 31.05 45.98 3243620	
1563.61 31.04 45.96 3250167	
1564.60 31.04 46.03 3256715	
1567.02 31.05 46.02 3263262	
1570.30 31.04 46.11 3269810	
1571.26 31.04 45.95 3276361	
1571.87 31.02 45.76 3282910	
1572.40 31.04 45.65 3289458	
1573.47 31.04 45.67 3296007	
1573.51 31.04 45.76 3302555	
1573.39 31.04 45.95 3309104	
1574.77 31.02 45.93 3315652	
1574.57 31.02 45.81 3322202	
1574.84 31.05 45.77 3328750	
1573.22 31.02 45.88 3335299	
1573.26 31.04 45.75 3341847	
1573.10 31.04 45.73 3348396	
1573.09 31.02 45.75 3354944	
1572.62 31.05 45.66 3361492	
1571.46 31.04 45.63 3368041	
1570.16 31.05 45.88 3374589	
1570.90 31.04 46.03 3381138	
1572.02 31.04 46.11 3387688	
1573.37 31.04 46.10 3394236	
1574.37 31.05 46.03 3400783	
1575.88 31.05 46.00 3407331	
1577.82 31.02 45.97 3413877	
1580.17 31.04 46.11 3420425	
1581.97 31.04 46.11 3426972	
1583.74 31.07 46.17 3433520	
1585.25 31.07 46.21 3440066	
1586.18 31.05 45.88 3446614	
1587.45 31.05 45.83 3453161	
1588.23 31.05 45.79 3459708	
1588.84 31.05 45.82 3466256	
1587.98 31.02 45.79 3472802	
1587.92 31.05 45.81 3479350	
1587.82 31.04 46.07 3485898	
1588.48 31.02 46.18 3492448	
1590.01 31.04 45.99 3498999	
1590.67 31.02 45.87 3505548	
1590.37 31.05 45.91 3512096	
1591.62 31.05 46.10 3518645	
1592.12 31.07 46.20 3525216	
1592.29 31.04 46.24 3531763	
1594.04 31.04 46.27 3538312	
1595.94 31.04 46.21 3544860	
1597.82 31.04 46.27 3551409	
1599.72 31.07 46.30 3557957	
1603.54 31.04 46.35 3564506	
1609.92 31.04 46.39 3571054	
1616.46 31.05 46.38 3577603	
1623.91 31.07 46.38 3584152	
1629.12 31.04 46.30 3590700	
1632.01 31.05 46.36 3597246	
1635.26 31.05 46.21 3603793	
1635.65 31.07 46.06 3610344	
1637.57 31.07 46.20 3616891	
1638.40 31.07 46.28 3623439	
1640.99 31.04 46.38 3629985	
1641.43 31.08 46.44 3636533	
1640.84 31.07 46.44 3643080	
1642.41 31.05 46.41 3649628	
1644.81 31.07 46.28 3656175	
1646.07 31.08 46.15 3662722	
1646.55 31.07 45.86 3669269	
1644.20 31.07 45.63 3675816	
1639.56 31.05 45.58 3682365	
1630.28 31.07 45.83 3688913	
1612.97 31.08 46.12 3695462	
1609.66 31.07 46.22 3702011	
1615.43 31.09 46.17 3708560	
1613.71 31.07 46.08 3715108	
1618.05 31.08 45.99 3721660	
1617.49 31.05 46.06 3728208	
1618.75 31.05 46.07 3734758	
1617.53 31.05 45.84 3741306	
1618.46 31.08 45.83 3747855	
1614.40 31.05 45.97 3754403	
1615.03 31.08 46.22 3760953	
1614.46 31.07 46.35 3767501	
1616.61 31.07 46.42 3774050	
1620.76 31.08 46.37 3780598	
1624.03 31.07 46.32 3787147	
1628.14 31.07 46.29 3793694	
1632.72 31.08 46.33 3800242	
1638.19 31.09 46.32 3806789	
1641.61 31.08 46.15 3813337	
1648.20 31.07 46.05 3819884	
1652.81 31.08 46.22 3826432	
1657.85 31.08 46.08 3832979	
1659.17 31.07 46.21 3839524	
1661.51 31.09 46.31 3846072	
1663.82 31.09 46.27 3852626	
1665.02 31.08 46.40 3859174	
1667.30 31.08 46.48 3865720	
1669.23 31.08 46.48 3872268	
1671.77 31.09 46.48 3878815	
1674.57 31.08 46.51 3885363	
1677.70 31.09 46.46 3891911	
1681.55 31.08 46.47 3898460	
1684.35 31.11 46.55 3905009	
1686.14 31.09 46.60 3911558	
1687.96 31.09 46.43 3918106	
1687.62 31.08 46.28 3924655	
1688.43 31.08 46.22 3931203	
1688.20 31.08 46.08 3937752	
1687.51 31.08 46.37 3944301	
1688.52 31.09 46.51 3950853	
1690.07 31.09 46.62 3957401	
1690.60 31.09 46.47 3963951	
1689.75 31.11 46.34 3970499	
1689.68 31.08 46.22 3977048	
1689.67 31.09 46.17 3983596	
1690.22 31.11 46.27 3990145	
1690.05 31.09 46.16 3996692	
1689.42 31.11 46.43 4003239	
1689.61 31.09 46.58 4009787	
1689.35 31.11 46.63 4016334	
1690.56 31.09 46.60 4022882	
1692.02 31.09 46.42 4029429	
1692.81 31.08 46.56 4035977	
1694.98 31.09 46.69 4042524	
1697.53 31.09 46.75 4049072	
1700.04 31.11 46.55 4055619	
1702.32 31.09 46.53 4062170	
1703.85 31.09 46.63 4068717	
1706.98 31.11 46.68 4075265	
1711.24 31.09 46.79 4081812	
1714.63 31.09 46.82 4088363	
1717.45 31.09 46.79 4094911	
1719.54 31.11 46.86 4101459	
1722.29 31.11 46.89 4108008	
1723.93 31.09 46.86 4114556	
1726.67 31.11 46.87 4121105	
1728.62 31.09 46.89 4127654	
1730.78 31.11 46.91 4134203	
1732.62 31.11 46.89 4140751	
1733.53 31.11 46.68 4147300	
1734.11 31.11 46.64 4153848	
1736.40 31.11 46.62 4160398	
1738.15 31.12 46.71 4166946	
1738.96 31.11 46.74 4173498	
1739.45 31.09 46.73 4180046	
1740.46 31.11 46.62 4186596	
1742.11 31.09 46.69 4193144	
1742.84 31.11 46.75 4199692	
1744.18 31.12 46.51 4206239	
1743.86 31.08 46.36 4212786	
1741.55 31.11 46.44 4219333	
1739.36 31.12 46.62 4225881	
1738.74 31.12 46.80 4232428	
1739.76 31.11 46.90 4238976	
1740.99 31.12 46.94 4245523	
1741.85 31.11 47.02 4252093	
1743.36 31.11 47.02 4258640	
1743.07 31.11 47.06 4265188	
1745.65 31.09 46.89 4277779	
1747.43 31.09 46.63 4284329	
1747.63 31.12 46.55 4290877	
1747.57 31.11 46.50 4297424	
1745.97 31.09 46.53 4303971	
1745.84 31.14 46.70 4310518	
1744.57 31.12 46.82 4317066	
1743.84 31.09 46.92 4323613	
1743.73 31.12 47.05 4330161	
1745.09 31.11 47.16 4336708	
1745.94 31.12 47.13 4343257	
1748.17 31.11 47.10 4349806	
1749.26 31.14 47.01 4356355	
1750.42 31.12 47.11 4362903	
1752.21 31.12 47.12 4369452	
1753.15 31.14 47.23 4376000	
1756.55 31.12 47.24 4382548	
1759.47 31.12 47.09 4389098	
1760.91 31.12 46.94 4395650	
1762.75 31.12 46.98 4402198	
1764.90 31.14 47.17 4408748	
1766.57 31.11 47.26 4415296	
1767.38 31.11 47.29 4421844	
1768.94 31.14 47.35 4428393	
1771.77 31.12 47.40 4434941	
1776.64 31.12 47.36 4441490	
1782.30 31.12 47.43 4448039	
1786.64 31.12 47.40 4454587	
1794.50 31.09 47.42 4461134	
1801.48 31.14 47.42 4467681	
1807.32 31.12 47.47 4474228	
1811.59 31.11 47.43 4480776	
1816.74 31.15 47.48 4487323	
1820.16 31.14 47.48 4493871	
1825.72 31.15 47.51 4500418	
1829.13 31.11 47.43 4506969	
1828.13 31.15 47.47 4513516	
1829.36 31.12 47.40 4520064	
1828.95 31.14 47.50 4526611	
1828.90 31.12 47.44 4533158	
1830.42 31.14 47.52 4539706	
1833.22 31.14 47.52 4546253	
1833.92 31.16 47.54 4552802	
1834.10 31.14 47.34 4559350	
1835.51 31.14 47.16 4565899	
1836.62 31.14 47.09 4572447	
1836.62 31.15 47.27 4578996	
1836.52 31.16 47.32 4585545	
1837.03 31.14 47.44 4592094	
1837.97 31.14 47.52 4598642	
1838.17 31.14 47.50 4605191	
1840.14 31.14 47.51 4611739	
1841.35 31.16 47.45 4618292	
1841.02 31.16 47.34 4624840	
1840.63 31.12 46.63 4631389	
1835.34 31.14 45.23 4637937	
1666.37 31.15 44.54 4644486	
1509.36 31.16 43.92 4651041	
1422.41 31.15 43.26 4657591	
1280.36 31.12 42.70 4664139	
1223.18 31.15 42.17 4670688	
1152.21 31.14 41.79 4677235	
1028.41 31.12 41.32 4683783	
976.61 31.12 41.20 4690330	
933.61 31.12 40.88 4696878	
851.05 31.12 40.77 4703425	
840.41 31.12 40.56 4709971	
825.42 31.12 40.56 4716519	
809.66 31.11 40.39 4723066	
799.24 31.11 40.31 4729617	
794.68 31.08 40.30 4736164	
794.51 31.09 40.29 4742711	
793.98 31.11 40.37 4749258	
790.53 31.09 40.44 4755806	
789.48 31.08 40.41 4762353	
790.51 31.09 40.47 4768900	
794.55 31.08 40.50 4775448	
800.98 31.11 40.51 4781998	
804.99 31.07 40.48 4788546	
811.86 31.08 40.51 4795095	
821.96 31.11 40.44 4801643	
830.25 31.07 40.38 4808192	
836.53 31.08 40.19 4814740	
837.08 31.05 39.95 4821288	
838.81 31.08 39.92 4827837	
839.33 31.05 39.86 4834385	
835.39 31.05 39.79 4840934	
833.93 31.07 39.73 4847486	
833.41 31.05 39.74 4854035	
831.73 31.04 39.79 4860583	
829.87 31.07 39.79 4867132	
828.75 31.07 39.78 4873680	
826.21 31.04 39.77 4880229	
826.50 31.05 39.79 4886777	
827.76 31.04 39.80 4893326	
827.98 31.05 39.79 4899874	
829.28 31.05 39.72 4906422	
828.17 31.02 39.58 4912968	
826.76 31.05 39.44 4919516	
826.30 31.04 39.42 4926063	
823.12 31.02 39.29 4932611	
820.97 31.02 39.17 4939158	
814.03 31.04 39.19 4945704	
763.99 31.04 39.22 4952252	
746.69 31.02 39.20 4958799	
742.16 31.01 39.21 4965350	
745.92 31.02 39.20 4971920	
746.14 31.04 39.14 4978466	
745.35 30.99 39.10 4985014	
744.38 31.02 39.05 4991561	
740.82 31.04 38.94 4998109	
739.97 31.01 38.90 5004657	
735.93 30.99 38.93 5011206	
735.36 30.99 38.86 5017754	
734.50 31.01 38.83 5024303	
734.89 30.99 38.92 5030851	
734.45 31.01 38.89 5037401	
734.23 30.97 38.83 5043949	
734.97 31.01 38.85 5050498	
737.34 31.01 38.88 5057046	
739.18 31.01 38.89 5063595	
740.25 30.98 38.84 5070143	
741.11 30.99 38.87 5076695	
741.54 31.01 38.83 5083243	
744.27 30.99 38.86 5089793	
745.24 30.98 38.86 5096341	
747.34 30.98 38.92 5102889	
749.44 30.98 38.92 5109438	
751.49 30.98 38.90 5115985	
752.61 30.99 38.93 5122532	
753.34 30.97 38.97 5129079	
754.40 30.98 38.96 5135627	
756.23 30.98 39.01 5142174	
758.47 30.98 39.08 5148722	
760.59 30.97 39.12 5155269	
762.65 30.95 39.25 5161816	
766.26 30.97 39.31 5168363	
783.82 30.97 39.37 5174910	
824.61 30.97 39.43 5181458	
838.00 30.97 39.41 5188005	
848.75 30.95 39.43 5194556	
854.06 30.95 39.43 5201103	
858.03 30.98 39.37 5207651	
855.82 30.98 39.38 5214197	
853.83 30.97 39.60 5220746	
856.57 30.97 39.37 5227295	
856.20 30.97 39.30 5233844	
855.22 30.95 39.28 5240392	
852.48 30.95 39.19 5246941	
849.98 30.97 39.25 5253489	
848.08 30.95 39.25 5260038	
845.24 30.95 39.21 5266586	
842.13 30.92 39.23 5273135	
841.96 30.97 39.22 5279683	
842.06 30.97 39.28 5286232	
842.46 30.98 39.28 5292780	
842.53 30.95 39.40 5299330	
842.59 30.97 39.44 5305878	
843.28 30.98 39.80 5312430	
845.99 30.97 39.82 5318978	
849.18 30.94 40.03 5325527	
860.28 30.97 40.35 5332075	
938.56 30.97 40.73 5338622	
968.53 30.97 40.61 5345170	
974.31 30.95 40.25 5351716	
977.52 30.95 40.58 5358264	
982.21 30.95 40.75 5364811	
986.70 30.95 40.50 5371359	
985.56 30.98 40.62 5377905	
990.64 30.98 40.60 5384453	
995.36 30.97 40.73 5391000	
996.70 30.97 40.82 5397548	
999.04 30.97 40.59 5404095	
1000.23 30.97 40.39 5410641	
999.47 30.97 40.26 5417189	
999.57 30.95 40.14 5423739	
997.23 30.97 40.10 5430287	
993.39 30.95 40.12 5436834	
991.50 30.97 40.18 5443383	
989.64 30.95 40.51 5449938	
988.56 30.97 40.41 5456487	
987.27 30.97 40.29 5463035	
986.93 30.94 40.36 5469584	
987.12 30.95 40.50 5476132	
987.31 30.95 40.39 5482681	
987.42 30.95 40.28 5489229	
986.31 30.95 40.44 5495778	
985.71 30.97 40.59 5502326	
986.58 30.95 40.30 5508876	
986.45 30.97 40.35 5515424	
986.75 30.97 40.14 5521973	
985.09 30.98 39.88 5528521	
982.83 30.95 39.79 5535070	
979.01 30.94 39.87 5541621	
956.08 30.98 40.06 5548170	
924.36 30.95 39.84 5554717	
913.75 30.95 39.66 5561265	
901.80 30.98 39.52 5567811	
897.07 30.95 39.44 5574359	
891.70 30.97 39.34 5580906	
882.10 30.97 39.30 5587453	
869.15 30.95 39.25 5594000	
810.82 30.95 39.21 5600547	
815.90 30.97 39.21 5607095	
806.93 30.97 39.38 5613642	
802.38 30.95 39.66 5620190	
806.01 30.95 39.40 5626736	
806.91 30.97 39.25 5633284	
808.20 30.95 39.53 5639831	
814.03 30.97 39.53 5646379	
815.67 30.95 39.63 5652927	
819.68 30.97 39.93 5659479	
823.70 30.95 39.53 5666027	
826.31 30.97 39.43 5672576	
827.79 30.95 39.31 5679124	
830.18 30.95 39.32 5685672	
834.17 30.95 39.87 5692221	
837.60 30.98 39.68 5698792	
840.14 30.97 39.75 5705340	
842.57 30.97 39.50 5711889	
844.51 30.97 39.43 5718437	
846.24 30.98 39.34 5724987	
846.91 30.94 39.40 5731534	
847.60 30.97 39.30 5738083	
846.88 30.98 39.30 5744631	
846.41 30.95 39.43 5751180	
846.41 30.95 39.34 5757729	
845.98 30.97 39.20 5764276	
845.58 30.97 39.03 5770826	
843.11 30.97 39.00 5777374	
841.26 30.97 38.97 5783921	
838.76 30.95 38.92 5790469	
838.20 30.98 38.92 5797015	
835.45 30.97 38.97 5803563	
832.46 30.94 38.94 5810110	
830.68 30.97 38.90 5816657	
828.68 30.95 38.93 5823205	
827.46 30.95 38.93 5829751	
827.60 30.97 38.92 5836299	
825.58 30.94 38.90 5842846	
825.29 30.95 38.94 5849394	
822.25 30.95 38.92 5855942	
821.00 30.94 38.91 5862491	
820.29 30.97 38.95 5869039	
818.61 30.95 38.92 5875588	
817.85 30.98 38.92 5882136	
817.14 30.95 38.88 5888689	
816.43 30.97 38.89 5895237	
815.89 30.94 38.98 5901786	
814.18 30.98 38.90 5908334	
813.05 30.94 38.84 5914883	
812.85 30.97 38.83 5921431	
811.83 30.95 38.84 5927980	
810.44 30.98 38.80 5934528	
809.32 30.95 38.96 5941076	
809.28 30.97 39.02 5947625	
810.66 30.97 38.87 5954173	
811.35 30.95 39.02 5960721	
811.83 30.94 39.25 5967268	
814.06 30.97 39.18 5973815	
815.83 30.95 38.94 5980362	
817.89 30.94 38.98 5986910	
819.58 30.97 39.46 5993457	
822.53 30.95 39.50 6000005	
825.85 30.98 39.15 6006555	
829.81 30.97 38.92 6013102	
832.29 30.92 39.25 6019649	
834.16 30.95 39.06 6026196	
835.72 30.95 38.87 6032744	
836.97 30.94 38.81 6039291	
838.27 30.95 38.78 6045838	
840.06 30.95 38.76 6052385	
841.49 30.94 38.74 6058934	
841.54 30.94 38.68 6065482	
843.27 30.94 38.69 6072031	
844.08 30.92 38.68 6078579	
843.19 30.97 38.67 6085128	
843.48 30.95 38.67 6091676	
843.52 30.94 38.68 6098225	
844.57 30.95 38.65 6104773	
844.53 30.95 38.51 6111322	
842.67 30.94 38.43 6117874	
842.11 30.94 38.36 6124423	
839.36 30.94 38.34 6130971	
834.53 30.95 38.34 6137520	
824.85 30.97 38.26 6144068	
817.67 30.92 38.27 6150617	
810.06 30.94 38.30 6157165	
801.49 30.95 38.34 6163714	
793.62 30.95 38.28 6170261	
790.61 30.95 38.28 6176807	
785.13 30.94 38.25 6183355	
780.02 30.95 38.24 6189902	
775.54 30.95 38.30 6196449	
773.61 30.92 38.34 6202996	
772.82 30.95 38.39 6209544	
772.88 30.94 38.52 6216090	
773.10 30.94 38.52 6222638	
773.83 30.95 38.47 6229185	
774.68 30.95 38.47 6235736	
774.92 30.95 38.83 6242283	
777.71 30.94 39.15 6248837	
793.88 30.95 39.05 6255384	
819.89 30.94 38.68 6261932	
818.91 30.95 38.62 6268480	
810.85 30.95 38.59 6275028	
806.43 30.94 38.62 6281577	
803.64 30.95 38.59 6288125	
802.43 30.94 38.46 6294674	
798.66 30.95 38.47 6301222	
794.07 30.94 38.46 6307771	
791.38 30.95 38.46 6314319	
787.50 30.95 38.40 6320868	
784.40 30.95 38.36 6327416	
780.84 30.95 38.37 6333965	
777.81 30.94 38.28 6340513	
773.48 30.92 38.09 6347062	
768.97 30.95 38.10 6353614	
762.15 30.94 38.02 6360163	
747.38 30.97 38.01 6366711	
730.94 30.97 38.02 6373259	
726.54 30.95 38.01 6379805	
713.38 30.95 38.04 6386353	
707.01 30.97 38.00 6392900	
704.01 30.94 37.92 6399448	
703.05 30.94 37.90 6405994	
700.60 30.94 37.87 6412541	
