688.29 29.36 45.77 1144	
694.49 29.37 45.86 3210	
705.33 29.41 45.75 5233	
717.26 29.45 45.61 7257	
729.54 29.48 45.31 9280	
740.76 29.52 44.87 11302	
754.62 29.55 44.54 13327	
822.14 29.58 44.44 15350	
884.29 29.61 44.76 17374	
881.09 29.62 44.93 19397	
903.99 29.68 44.69 21421	
894.12 29.71 43.99 23443	
885.38 29.75 43.88 25467	
894.87 29.82 45.34 30258	
917.86 29.91 45.65 36804	
925.23 29.99 43.88 43352	
928.79 30.06 43.16 49900	
925.89 30.17 42.70 56448	
924.33 30.22 42.43 62996	
919.92 30.27 42.27 69544	
909.55 30.33 42.00 76096	
899.64 30.37 42.31 82644	
879.31 30.38 42.15 89192	
840.37 30.46 41.49 95739	
827.10 30.48 41.26 102288	
816.95 30.53 41.15 108835	
803.97 30.55 41.96 115383	
800.51 30.60 41.71 121931	
806.24 30.61 42.11 128479	
819.70 30.67 43.53 135027	
870.90 30.71 42.55 141575	
894.79 30.74 41.91 148122	
902.04 30.77 41.70 154671	
905.10 30.78 41.63 161218	
912.49 30.81 41.49 167766	
916.38 30.85 41.44 174314	
917.82 30.84 41.28 180861	
919.30 30.89 41.22 187410	
917.45 30.91 41.21 193960	
921.62 30.94 41.16 200508	
924.26 30.95 41.15 207057	
924.15 30.96 41.10 213604	
924.61 31.02 41.08 220153	
925.93 31.01 41.02 226702	
926.92 31.06 40.82 233249	
925.65 31.06 40.80 239798	
926.28 31.11 40.88 246345	
925.60 31.11 40.77 252893	
925.18 31.12 40.80 259441	
924.09 31.15 40.86 265989	
924.94 31.16 40.83 272537	
925.56 31.18 40.91 279086	
927.99 31.19 41.14 285633	
929.53 31.21 41.05 292182	
932.99 31.23 40.95 298729	
937.13 31.26 40.98 305276	
941.24 31.29 41.10 311829	
943.97 31.29 41.14 318375	
947.86 31.33 41.11 324925	
952.42 31.33 41.04 331473	
963.41 31.34 40.99 338021	
981.77 31.34 41.03 344569	
1001.09 31.39 41.09 351117	
1015.42 31.40 41.04 357664	
1013.42 31.40 40.97 364213	
1019.39 31.42 40.84 370760	
1022.09 31.44 41.04 377309	
1022.29 31.44 40.91 383857	
1020.85 31.46 40.92 390405	
1019.83 31.47 40.89 396953	
1022.21 31.53 40.82 403501	
1020.75 31.49 40.93 410049	
1021.06 31.51 40.92 416598	
1022.06 31.54 40.88 423146	
1021.75 31.56 40.90 429698	
1021.77 31.57 40.82 436245	
1022.39 31.60 40.74 442792	
1022.11 31.60 40.76 449342	
1023.84 31.60 40.84 455888	
1024.85 31.61 40.81 462438	
1026.66 31.64 40.73 468986	
1029.84 31.63 40.72 475534	
1032.22 31.66 40.74 482082	
1036.28 31.66 40.89 488630	
1041.35 31.67 40.84 495177	
1042.95 31.69 40.87 501727	
1044.79 31.70 40.70 508274	
1045.18 31.71 40.84 514823	
1046.37 31.73 40.73 521370	
1048.19 31.74 40.81 527918	
1049.87 31.76 40.65 534466	
1051.26 31.77 40.64 541014	
1051.43 31.77 40.72 547566	
1053.80 31.80 40.90 554115	
1058.17 31.81 40.95 560662	
1059.90 31.80 40.88 567211	
1060.74 31.83 40.87 573758	
1063.86 31.83 41.04 580305	
1065.49 31.85 40.97 586854	
1070.36 31.84 40.90 593401	
1075.89 31.85 40.83 599951	
1094.78 31.85 40.77 606499	
1103.26 31.85 40.71 613047	
1104.39 31.90 40.73 619595	
1109.34 31.90 40.84 626143	
1114.71 31.91 40.77 632715	
1114.58 31.92 40.72 639263	
1114.56 31.94 40.64 645811	
1113.86 31.94 40.61 652359	
1112.56 31.95 40.52 658907	
1111.48 31.97 40.71 665457	
1110.86 31.99 40.71 672007	
1111.56 31.99 40.75 678554	
1114.02 32.01 40.71 685103	
1115.16 32.01 40.69 691659	
1116.60 32.01 40.78 698207	
1118.11 32.04 40.69 704755	
1119.28 32.04 40.66 711303	
1119.93 32.03 40.63 717850	
1121.01 32.04 40.60 724399	
1121.77 32.05 40.62 730946	
1123.76 32.08 40.62 737496	
1124.12 32.08 40.76 744044	
1126.39 32.11 40.72 750592	
1127.16 32.08 40.76 757140	
1127.69 32.07 40.64 763687	
1128.90 32.10 40.60 770235	
1129.49 32.11 40.64 776786	
1132.36 32.12 40.60 783334	
1134.48 32.14 40.60 789883	
1135.66 32.12 40.60 796431	
1136.60 32.15 40.54 802978	
1139.49 32.12 40.60 809527	
1141.59 32.14 40.72 816074	
1144.12 32.17 40.72 822623	
1146.59 32.15 40.60 829171	
1149.55 32.18 40.63 835719	
1150.12 32.18 40.64 842268	
1152.42 32.18 40.67 848816	
1155.92 32.21 40.70 855363	
1159.15 32.18 40.74 861912	
1164.22 32.19 40.81 868459	
1171.53 32.22 40.71 875008	
1177.88 32.21 40.60 881556	
1183.54 32.21 40.58 888104	
1185.35 32.22 40.56 894656	
1186.80 32.24 40.57 901203	
1190.73 32.24 40.63 907751	
1193.02 32.25 40.64 914299	
1196.75 32.24 40.60 920847	
1196.94 32.26 40.75 927396	
1200.47 32.26 40.65 933945	
1203.95 32.28 40.68 940492	
1205.90 32.28 40.62 947041	
1206.85 32.28 40.62 953588	
1209.68 32.28 40.54 960136	
1211.50 32.29 40.59 966684	
1211.73 32.29 40.63 973232	
1210.91 32.29 40.59 979781	
1212.58 32.31 40.48 986329	
1210.68 32.32 40.57 992876	
1211.29 32.31 40.58 999425	
1211.12 32.31 40.55 1005972	
1208.50 32.32 40.55 1012524	
1208.55 32.34 40.51 1019073	
1209.92 32.34 40.57 1025620	
1211.41 32.34 40.55 1032169	
1215.13 32.34 40.47 1038716	
1219.00 32.34 40.49 1045264	
1217.80 32.36 40.52 1051812	
1223.75 32.36 40.58 1058361	
1225.19 32.38 40.45 1064909	
1223.97 32.38 40.43 1071458	
1224.05 32.38 40.44 1078005	
1224.24 32.40 40.41 1084555	
1226.70 32.36 40.44 1091102	
1225.87 32.38 40.59 1097650	
1225.88 32.39 40.49 1104198	
1226.91 32.39 40.50 1110746	
1225.95 32.40 40.46 1117294	
1224.94 32.40 40.44 1123847	
1225.46 32.40 40.43 1130394	
1224.55 32.42 40.42 1136944	
1224.63 32.43 40.48 1143491	
1223.65 32.40 40.52 1150040	
1222.72 32.40 40.48 1156588	
1225.16 32.43 40.66 1163136	
1227.39 32.43 40.62 1169685	
1230.30 32.43 40.58 1176232	
1234.71 32.43 40.57 1182780	
1242.32 32.42 40.56 1189328	
1251.89 32.43 40.62 1195876	
1259.48 32.45 40.61 1202424	
1262.78 32.46 40.50 1208974	
1262.42 32.46 40.50 1215521	
1258.77 32.46 40.49 1222070	
1260.00 32.46 40.60 1228617	
1262.01 32.46 40.62 1235169	
1264.22 32.48 40.61 1241717	
1264.84 32.46 40.61 1248265	
1268.39 32.49 40.59 1254813	
1266.94 32.48 40.64 1261361	
1269.89 32.49 40.56 1267908	
1271.31 32.51 40.53 1274457	
1274.27 32.49 40.60 1281004	
1274.36 32.51 40.58 1287554	
1274.89 32.49 40.61 1294102	
1275.55 32.51 40.70 1300649	
1275.56 32.49 40.66 1307198	
1277.86 32.51 40.68 1313745	
1276.95 32.53 40.63 1320293	
1278.60 32.51 40.62 1326842	
1280.77 32.53 40.71 1333390	
1281.87 32.56 40.76 1339938	
1281.85 32.52 40.64 1346491	
1280.98 32.52 40.58 1353062	
1281.94 32.52 40.61 1359611	
1282.74 32.53 40.60 1366159	
1282.68 32.55 40.56 1372706	
1282.77 32.56 40.73 1379255	
1284.16 32.56 40.71 1385802	
1285.92 32.53 40.72 1392351	
1288.98 32.55 40.66 1398898	
1288.31 32.55 40.77 1405447	
1290.76 32.56 40.75 1411995	
1297.00 32.55 40.73 1418543	
1300.95 32.55 40.77 1425091	
1303.32 32.58 40.79 1431640	
1306.02 32.55 40.77 1438188	
1305.89 32.56 40.72 1444737	
1309.13 32.59 40.69 1451284	
1312.79 32.58 40.71 1457836	
1311.67 32.59 40.80 1464384	
1312.76 32.56 40.86 1470931	
1316.68 32.56 40.77 1477480	
1318.38 32.58 40.70 1484029	
1319.88 32.58 40.65 1490584	
1319.68 32.59 40.61 1497133	
1317.71 32.58 40.67 1503681	
1317.70 32.61 40.73 1510230	
1317.19 32.56 40.72 1516778	
1317.79 32.59 40.77 1523325	
1318.82 32.59 40.80 1529875	
1321.34 32.63 40.87 1536422	
1324.99 32.61 40.85 1542970	
1326.09 32.59 40.94 1549518	
1329.30 32.61 40.87 1556066	
1331.63 32.59 40.85 1562614	
1332.52 32.59 40.81 1569167	
1333.74 32.61 40.79 1575714	
1333.79 32.63 40.82 1582263	
1332.48 32.63 40.78 1588810	
1331.73 32.62 40.82 1595358	
1332.68 32.65 40.83 1601907	
1334.64 32.62 41.03 1608455	
1334.56 32.63 40.95 1615003	
1335.08 32.63 40.99 1621551	
1336.06 32.63 40.92 1628098	
1337.65 32.62 40.80 1634647	
1340.75 32.66 40.85 1641195	
1340.79 32.66 40.95 1647744	
1343.17 32.65 40.93 1654292	
1346.56 32.67 40.78 1660839	
1347.40 32.66 40.78 1667388	
1347.64 32.65 40.82 1673935	
1348.56 32.66 40.81 1680487	
1350.23 32.69 40.85 1687035	
1350.08 32.69 40.84 1693583	
1351.24 32.67 40.85 1700132	
1352.42 32.67 40.87 1706680	
1354.87 32.69 40.91 1713227	
1355.53 32.66 40.95 1719776	
1356.07 32.67 40.92 1726323	
1356.30 32.67 40.98 1732872	
1357.74 32.66 40.91 1739420	
1358.65 32.70 40.98 1745968	
1358.91 32.70 40.96 1752517	
1360.04 32.67 40.95 1759065	
1361.56 32.69 40.99 1765612	
1365.33 32.67 40.96 1772161	
1373.85 32.72 40.94 1778708	
1380.69 32.69 40.98 1785256	
1382.73 32.70 40.99 1791814	
1388.00 32.70 40.98 1798362	
1389.92 32.70 40.91 1804910	
1392.60 32.69 40.91 1811458	
1394.75 32.70 40.91 1818005	
1398.27 32.73 40.90 1824553	
1399.02 32.72 41.00 1831101	
1399.24 32.73 41.14 1837650	
1400.15 32.73 41.17 1844198	
1402.47 32.72 41.00 1850745	
1403.11 32.72 41.03 1857294	
1406.25 32.74 41.16 1863841	
1409.71 32.76 41.12 1870390	
1411.38 32.73 41.07 1876939	
1411.79 32.72 41.00 1883487	
1414.31 32.76 41.00 1890035	
1417.10 32.70 40.94 1896583	
1417.40 32.73 40.97 1903133	
1418.69 32.73 41.02 1909683	
1419.30 32.76 40.91 1916230	
1420.99 32.74 40.93 1922779	
1421.00 32.73 40.93 1929327	
1422.40 32.74 41.08 1935876	
1422.42 32.74 41.08 1942424	
1424.08 32.73 41.04 1948972	
1426.27 32.76 41.06 1955519	
1428.55 32.76 40.95 1962067	
1429.53 32.74 40.96 1968615	
1430.24 32.73 40.94 1975164	
1431.32 32.77 41.05 1981712	
1432.71 32.74 41.03 1988259	
1434.37 32.79 40.99 1994808	
1435.10 32.76 41.08 2001355	
1434.64 32.76 40.99 2007904	
1434.87 32.76 41.06 2014456	
1435.86 32.77 41.09 2021004	
1436.56 32.76 41.15 2027552	
1437.38 32.77 41.09 2034100	
1438.68 32.77 41.06 2040647	
1439.28 32.79 41.05 2047197	
1444.46 32.77 41.11 2053744	
1451.38 32.79 41.14 2060293	
1455.89 32.76 41.15 2066841	
1468.18 32.77 41.10 2073413	
1471.11 32.76 40.99 2079962	
1475.24 32.79 40.97 2086509	
1472.89 32.77 41.05 2093057	
1475.76 32.76 41.07 2099605	
1475.75 32.76 41.07 2106152	
1478.45 32.79 41.09 2112702	
1479.88 32.76 41.12 2119249	
1483.05 32.77 41.11 2125800	
1485.99 32.80 41.04 2132348	
1488.31 32.79 41.09 2138896	
1489.16 32.80 41.11 2145445	
1487.64 32.77 41.12 2151994	
1489.21 32.79 41.12 2158541	
1489.31 32.79 41.14 2165091	
1492.22 32.83 41.18 2171637	
1493.75 32.80 41.22 2178185	
1495.30 32.80 41.26 2184734	
1496.07 32.80 41.30 2191282	
1496.47 32.80 41.33 2197830	
1497.68 32.80 41.29 2204379	
1496.94 32.83 41.31 2210926	
1499.09 32.82 41.25 2217476	
1498.27 32.79 41.28 2224023	
1499.22 32.82 41.29 2230571	
1500.96 32.80 41.24 2237122	
1503.74 32.79 41.39 2243670	
1505.06 32.82 41.39 2250219	
1505.75 32.82 41.38 2256765	
1506.56 32.80 41.34 2263314	
1507.16 32.80 41.33 2269862	
1509.54 32.82 41.31 2276410	
1509.58 32.82 41.29 2282958	
1509.88 32.83 41.33 2289515	
1511.19 32.82 41.29 2296062	
1512.55 32.82 41.32 2302611	
1514.21 32.84 41.27 2309158	
1513.69 32.83 41.24 2315706	
1513.69 32.86 41.32 2322255	
1513.13 32.86 41.23 2328803	
1511.15 32.82 41.17 2335351	
1512.31 32.84 41.22 2341900	
1512.32 32.86 41.26 2348451	
1514.45 32.86 41.37 2355000	
1514.40 32.86 41.37 2361547	
1516.78 32.86 41.35 2368095	
1518.56 32.84 41.31 2374643	
1521.34 32.84 41.37 2381191	
1522.28 32.84 41.26 2387739	
1523.08 32.89 41.30 2394287	
1524.79 32.86 41.30 2400834	
1526.25 32.84 41.28 2407384	
1526.53 32.87 41.30 2413931	
1528.82 32.87 41.36 2420480	
1529.51 32.86 41.43 2427028	
1530.76 32.86 41.45 2433575	
1533.25 32.87 41.37 2440124	
1533.99 32.89 41.36 2446671	
1535.90 32.87 41.46 2453220	
1536.65 32.87 41.33 2459771	
1538.58 32.89 41.32 2466319	
1540.17 32.87 41.37 2472867	
1539.89 32.89 41.42 2479417	
1540.89 32.89 41.47 2485964	
1542.59 32.87 41.51 2492513	
1544.40 32.89 41.45 2499060	
1546.73 32.87 41.41 2505610	
1547.55 32.89 41.30 2512158	
1549.90 32.89 41.45 2518706	
1551.17 32.89 41.51 2525254	
1553.41 32.89 41.50 2531803	
1553.54 32.86 41.42 2538350	
1554.14 32.90 41.42 2544899	
1553.67 32.89 41.41 2551446	
1556.38 32.90 41.46 2557995	
1560.62 32.90 41.45 2564544	
1563.39 32.89 41.53 2571095	
1565.84 32.91 41.49 2577643	
1569.99 32.91 41.58 2584190	
1573.06 32.90 41.56 2590738	
1576.24 32.91 41.54 2597286	
1578.20 32.89 41.45 2603834	
1579.35 32.91 41.53 2610383	
1580.74 32.89 41.50 2616931	
1582.10 32.90 41.49 2623478	
1585.60 32.90 41.46 2630027	
1585.36 32.91 41.49 2636574	
1585.17 32.91 41.45 2643123	
1585.99 32.93 41.53 2649671	
1587.00 32.93 41.55 2656220	
1587.08 32.90 41.58 2662768	
1588.28 32.93 41.55 2669316	
1588.53 32.93 41.59 2675863	
1590.02 32.94 41.76 2682412	
1590.77 32.91 41.60 2688963	
1592.74 32.91 41.57 2695512	
1594.22 32.94 41.53 2702059	
1594.97 32.93 41.57 2708606	
1595.42 32.91 41.70 2715155	
1596.89 32.93 41.60 2721702	
1598.83 32.89 41.64 2728251	
1599.72 32.93 41.60 2734800	
1601.14 32.90 41.64 2741348	
1601.25 32.93 41.64 2747896	
1602.05 32.91 41.68 2754444	
1603.33 32.90 41.78 2760991	
1605.25 32.93 41.77 2767541	
1607.68 32.93 41.86 2774088	
1611.07 32.91 41.92 2780637	
1611.49 32.93 41.81 2787185	
1615.01 32.91 41.78 2793757	
1616.75 32.91 41.82 2800309	
1618.10 32.91 41.79 2806856	
1621.83 32.94 41.78 2813404	
1623.32 32.93 41.78 2819953	
1625.19 32.91 41.63 2826501	
1628.44 32.93 41.67 2833049	
1630.47 32.93 41.74 2839597	
1632.50 32.93 41.77 2846144	
1633.20 32.96 41.77 2852692	
1636.17 32.94 41.80 2859240	
1639.73 32.93 41.82 2865789	
1647.89 32.93 41.76 2872338	
1660.77 32.96 41.81 2878885	
1663.48 32.93 41.78 2885434	
1664.87 32.94 41.68 2891981	
1672.05 32.94 41.69 2898529	
1673.50 32.94 41.68 2905077	
1674.69 32.93 41.69 2911629	
1676.91 32.93 41.72 2918177	
1680.04 32.94 41.71 2924725	
1680.16 32.93 41.86 2931272	
1681.06 32.93 41.86 2937821	
1682.87 32.94 41.86 2944368	
1685.91 32.97 42.01 2950917	
1686.58 32.96 41.96 2957466	
1688.96 32.94 41.92 2964014	
1689.57 32.96 41.88 2970562	
1689.25 32.96 41.72 2977110	
1686.90 32.97 41.80 2983657	
1688.52 32.96 41.72 2990205	
1687.60 32.96 41.76 2996753	
1686.42 32.96 41.77 3003302	
1688.28 32.96 41.87 3009851	
1689.03 32.97 41.91 3016398	
1689.37 32.97 41.81 3022950	
1690.47 32.97 41.82 3029497	
1690.71 32.97 41.77 3036046	
1689.42 32.97 41.86 3042595	
1691.18 33.00 41.95 3049143	
1690.39 32.96 41.92 3055691	
1692.30 32.97 41.99 3062239	
1691.88 32.99 41.91 3068786	
1693.53 33.00 41.89 3075335	
1695.54 33.00 41.78 3081882	
1698.39 32.97 41.98 3088439	
1700.05 32.96 41.96 3094987	
1703.15 33.00 41.88 3101535	
1704.79 32.99 41.93 3108084	
1706.34 33.00 41.95 3114632	
1707.35 32.99 42.03 3121178	
1708.97 32.96 42.00 3127728	
1709.37 32.96 41.91 3134278	
1709.82 32.97 41.93 3140827	
1710.17 32.97 42.00 3147376	
1712.24 32.96 42.03 3153924	
1714.17 32.99 42.10 3160472	
1715.66 32.97 42.11 3167020	
1717.61 32.99 42.14 3173567	
1721.22 32.99 42.03 3180115	
1726.06 32.97 42.04 3186663	
1726.26 33.00 42.20 3193211	
1728.88 32.99 42.02 3199759	
1733.98 32.97 42.18 3206306	
1736.32 32.99 42.05 3212856	
1738.57 33.00 42.07 3219403	
1738.08 32.99 42.05 3225952	
1739.94 32.99 42.12 3232500	
1741.65 32.99 42.13 3239048	
1744.66 32.99 42.24 3245599	
1748.10 33.00 42.29 3252148	
1752.61 33.00 42.19 3258694	
1755.35 33.00 42.19 3265244	
1755.89 32.99 42.14 3271791	
1755.47 33.00 42.14 3278340	
1756.15 33.01 42.17 3284888	
1759.18 33.00 42.12 3291436	
1760.37 32.99 42.15 3297985	
1760.90 33.01 42.16 3304531	
1761.54 33.00 42.25 3311079	
1763.30 33.00 42.30 3317628	
1762.74 32.99 42.21 3324176	
1765.25 32.97 42.25 3330724	
1767.53 33.00 42.23 3337272	
1766.96 33.03 42.27 3343819	
1766.17 33.00 42.30 3350368	
1766.22 33.00 42.23 3356918	
1765.75 33.01 42.24 3363468	
1765.18 33.00 42.20 3370016	
1765.30 33.03 42.35 3376564	
1765.61 33.01 42.28 3383112	
1766.09 33.01 42.29 3389660	
1765.91 33.01 42.27 3396207	
1765.11 32.99 42.19 3402756	
1764.19 33.03 42.21 3409303	
1764.38 33.00 42.22 3415852	
1765.15 33.01 42.27 3422401	
1766.27 33.01 42.25 3428948	
1764.83 33.03 42.42 3435497	
1765.30 33.03 42.38 3442044	
1765.93 33.04 42.45 3448592	
1765.63 33.01 42.40 3455140	
1766.83 33.03 42.40 3461688	
1766.80 33.01 42.34 3468240	
1767.81 33.03 42.26 3474787	
1767.49 33.04 42.29 3481334	
1768.36 33.00 42.29 3487883	
1768.41 33.00 42.38 3494430	
1769.12 33.01 42.37 3500979	
1769.17 33.03 42.41 3507552	
1771.42 33.03 42.48 3514099	
1771.57 33.03 42.47 3520648	
1773.95 33.03 42.45 3527195	
1776.90 33.04 42.39 3533743	
1779.14 33.04 42.41 3540291	
1784.33 33.06 42.34 3546839	
1784.71 33.06 42.35 3553387	
1787.98 33.03 42.38 3559934	
1793.90 33.03 42.43 3566482	
1796.44 33.03 42.46 3573030	
1801.29 33.04 42.36 3579581	
1801.92 33.04 42.32 3586129	
1807.94 33.04 42.34 3592679	
1808.72 33.04 42.40 3599226	
1810.51 33.04 42.37 3605775	
1811.22 33.03 42.43 3612322	
1809.99 33.03 42.50 3618870	
1810.91 33.06 42.47 3625418	
1814.61 33.03 42.45 3631966	
1816.79 33.03 42.45 3638514	
1818.84 33.07 42.44 3645064	
1824.18 33.06 42.58 3651611	
1825.91 33.09 42.53 3658160	
1827.36 33.07 42.53 3664707	
1829.61 33.06 42.54 3671255	
1832.53 33.04 42.72 3677803	
1835.19 33.04 42.74 3684350	
1835.81 33.04 42.62 3690903	
1837.40 33.04 42.60 3697451	
1839.87 33.04 42.54 3703998	
1841.56 33.09 42.44 3710546	
1843.60 33.04 42.70 3717095	
1844.88 33.06 42.73 3723643	
1847.27 33.06 42.94 3730192	
1847.86 33.06 42.85 3736739	
1850.52 33.06 42.84 3743289	
1851.34 33.06 42.81 3749836	
1853.23 33.07 42.67 3756384	
1855.42 33.07 42.70 3762932	
1855.87 33.06 42.65 3769480	
1856.86 33.06 42.52 3776028	
1856.87 33.06 42.56 3782578	
1858.37 33.10 42.57 3789125	
1860.01 33.10 42.63 3795674	
1861.33 33.06 42.64 3802224	
1862.09 33.07 42.69 3808772	
1862.95 33.09 42.54 3815321	
1864.85 33.09 42.54 3821869	
1864.22 33.07 42.63 3828417	
1864.00 33.09 42.66 3834967	
1865.02 33.09 42.59 3841514	
1866.17 33.11 42.53 3848062	
1864.89 33.09 42.59 3854610	
1864.11 33.10 42.62 3861157	
1862.94 33.07 42.59 3867707	
1862.77 33.10 42.58 3874254	
1863.80 33.09 42.49 3880803	
1864.09 33.10 42.52 3887358	
1864.79 33.09 42.59 3893906	
1864.15 33.09 42.56 3900454	
1863.51 33.11 42.64 3907002	
1864.67 33.13 42.65 3913554	
1865.42 33.13 42.68 3920103	
1866.15 33.10 42.68 3926650	
1866.74 33.11 42.64 3933200	
1868.05 33.10 42.72 3939747	
1869.35 33.11 42.66 3946295	
1869.53 33.11 42.57 3952843	
1871.34 33.09 42.62 3959391	
1873.14 33.11 42.67 3965940	
1874.97 33.10 42.68 3972489	
1878.18 33.10 42.69 3979036	
1881.29 33.11 42.76 3985586	
1884.37 33.11 42.80 3992133	
1887.47 33.10 42.72 3998681	
1890.43 33.11 42.87 4005229	
1893.74 33.09 42.67 4011777	
1896.71 33.10 42.69 4018326	
1898.76 33.10 42.67 4024878	
1895.93 33.09 42.64 4031425	
1897.21 33.10 42.59 4037975	
1895.44 33.10 42.56 4044522	
1895.60 33.10 42.52 4051069	
1894.46 33.11 42.58 4057618	
1892.36 33.10 42.63 4064165	
1891.46 33.11 42.70 4070715	
1890.70 33.11 42.61 4077262	
1889.47 33.10 42.77 4083810	
1890.05 33.13 42.71 4090358	
1890.59 33.10 42.79 4096906	
1890.61 33.13 42.99 4103454	
1892.29 33.11 43.04 4110004	
1893.69 33.11 43.04 4116551	
1895.64 33.14 42.99 4123100	
1896.86 33.14 42.90 4129647	
1901.71 33.13 42.93 4136199	
1904.31 33.13 42.94 4142747	
1906.73 33.11 42.81 4149295	
1904.32 33.09 42.82 4155844	
1905.88 33.11 42.85 4162396	
1907.20 33.11 42.82 4168943	
1907.38 33.13 42.85 4175492	
1908.58 33.10 42.81 4182039	
1905.14 33.13 42.87 4188587	
1903.66 33.14 43.03 4195136	
1904.57 33.10 43.03 4201683	
1905.09 33.11 43.01 4208232	
1905.94 33.11 43.04 4214779	
1905.24 33.07 42.94 4221327	
1906.88 33.13 42.99 4227900	
1907.28 33.11 43.10 4234448	
1908.12 33.11 42.99 4240997	
1907.87 33.09 43.02 4247549	
1910.79 33.11 42.88 4254097	
1911.82 33.11 42.88 4260645	
1914.30 33.13 43.00 4267193	
1914.57 33.13 42.99 4273740	
1914.85 33.10 42.96 4280290	
1915.35 33.10 43.12 4286837	
1916.90 33.11 43.18 4293386	
1918.21 33.11 43.13 4299940	
1920.95 33.13 43.11 4306488	
1922.59 33.11 43.02 4313036	
1923.78 33.13 43.09 4319584	
1923.12 33.11 43.29 4326131	
1925.08 33.14 43.21 4332681	
1928.13 33.14 43.28 4339228	
1930.33 33.13 43.16 4345777	
1934.56 33.11 43.27 4352324	
1938.89 33.16 43.32 4358872	
1941.89 33.14 43.32 4365424	
1947.72 33.13 43.14 4371972	
1950.14 33.14 43.15 4378520	
1952.41 33.11 43.17 4385070	
1955.57 33.14 43.14 4391617	
1955.93 33.16 43.24 4398166	
1956.09 33.14 43.30 4404713	
1959.04 33.13 43.31 4411260	
1961.70 33.14 43.26 4417810	
1964.16 33.13 43.21 4424357	
1967.30 33.16 43.22 4430906	
1968.10 33.16 43.18 4437454	
1969.31 33.14 43.26 4444002	
1970.89 33.14 43.26 4450551	
1971.34 33.16 43.28 4457099	
1973.10 33.13 43.28 4463646	
1973.19 33.17 43.31 4470195	
1974.02 33.16 43.30 4476746	
1975.87 33.14 43.30 4483295	
1978.12 33.14 43.32 4489842	
1979.80 33.16 43.27 4496390	
1980.59 33.14 43.47 4502938	
1983.67 33.17 43.52 4509487	
1984.71 33.16 43.49 4516035	
1986.23 33.16 43.54 4522584	
1988.58 33.18 43.42 4529131	
1989.09 33.14 43.30 4535681	
1991.53 33.14 43.37 4542228	
1993.31 33.16 43.49 4548775	
1996.01 33.17 43.39 4555324	
1994.93 33.16 43.33 4561871	
1996.44 33.17 43.33 4568421	
1997.31 33.16 43.30 4574969	
1997.81 33.18 43.30 4581517	
1997.85 33.14 43.20 4588068	
1997.71 33.16 43.18 4594616	
1998.98 33.16 43.17 4601164	
1997.79 33.17 43.13 4607713	
1994.44 33.17 42.90 4614260	
1991.88 33.14 42.86 4620810	
1984.94 33.17 42.82 4627358	
1972.11 33.17 42.74 4633906	
1962.16 33.17 42.75 4640454	
1949.00 33.18 42.55 4647003	
1931.39 33.16 42.36 4653550	
1901.43 33.17 42.31 4660099	
1843.42 33.18 42.24 4666646	
1828.02 33.17 42.19 4673195	
1824.49 33.16 42.17 4679742	
1817.99 33.16 41.92 4686298	
1809.86 33.16 41.90 4692846	
1803.13 33.16 41.86 4699398	
1792.48 33.16 41.68 4705946	
1785.44 33.13 41.63 4712496	
1779.12 33.16 41.50 4719043	
1769.27 33.14 41.50 4725592	
1713.79 33.14 41.44 4732139	
1678.39 33.13 41.29 4738686	
1661.93 33.14 41.15 4745235	
1652.86 33.14 41.04 4751782	
1643.95 33.14 40.99 4758332	
1636.15 33.13 40.99 4764880	
1631.91 33.14 40.87 4771428	
1626.26 33.13 40.83 4777976	
1619.58 33.11 40.82 4784524	
1610.45 33.13 40.76 4791072	
1604.68 33.14 40.72 4797621	
1599.23 33.11 40.75 4804168	
1594.53 33.09 40.62 4810720	
1586.66 33.10 40.58 4817269	
1573.42 33.13 40.47 4823817	
1566.13 33.11 40.44 4830365	
1561.31 33.09 40.41 4836913	
1548.12 33.11 40.43 4843460	
1528.47 33.10 40.34 4850010	
1510.18 33.07 40.26 4856557	
1497.66 33.09 40.19 4863106	
1487.02 33.09 40.04 4869653	
1480.33 33.09 40.08 4876200	
1475.05 33.07 40.07 4882749	
1470.64 33.07 39.92 4889296	
1469.14 33.09 39.94 4895846	
1465.22 33.07 39.84 4902394	
1458.95 33.06 39.83 4908942	
1455.37 33.07 39.86 4915491	
1453.16 33.06 39.81 4922042	
1448.05 33.06 39.75 4928589	
1444.31 33.06 39.67 4935138	
1440.09 33.04 39.62 4941710	
1435.22 33.04 39.59 4948258	
1430.33 33.03 39.59 4954807	
1426.19 33.03 39.57 4961354	
1421.16 33.03 39.54 4967903	
1413.28 33.03 39.50 4974450	
1404.26 33.01 39.44 4980999	
1392.39 33.01 39.46 4987547	
1385.57 33.03 39.41 4994095	
1380.90 33.03 39.36 5000643	
1378.04 32.99 39.34 5007191	
1371.64 33.00 39.27 5013739	
1370.22 33.00 39.31 5020288	
1365.42 33.01 39.34 5026835	
1365.13 33.01 39.29 5033388	
1361.85 32.97 39.25 5039936	
1355.96 32.99 39.23 5046483	
1351.55 32.97 39.21 5053032	
1346.86 32.97 39.22 5059580	
1343.18 32.96 39.21 5066128	
1341.06 32.97 39.13 5072676	
1336.15 32.96 39.07 5079224	
1332.50 32.94 39.09 5085772	
1328.85 32.93 39.05 5092322	
1324.92 32.94 39.00 5098869	
1322.15 32.93 38.99 5105418	
1319.48 32.93 38.99 5111965	
1315.76 32.90 38.91 5118513	
1312.59 32.91 38.94 5125061	
1308.29 32.91 39.01 5131609	
1305.91 32.90 39.05 5138158	
1302.99 32.93 39.03 5144709	
1300.38 32.91 38.94 5151256	
1298.38 32.87 38.95 5157805	
1297.32 32.89 38.96 5164352	
1296.10 32.87 38.91 5170902	
1294.35 32.86 38.89 5177450	
1295.69 32.90 38.94 5183997	
1296.62 32.90 38.86 5190546	
1287.81 32.87 38.79 5197093	
1285.34 32.86 38.81 5203642	
1281.79 32.86 38.79 5210190	
1277.57 32.86 38.79 5216738	
1276.14 32.87 38.88 5223286	
1273.50 32.86 38.87 5229835	
1270.43 32.83 38.83 5236383	
1265.73 32.83 38.75 5242932	
1261.88 32.84 38.69 5249479	
1262.72 32.84 38.67 5256030	
1259.87 32.83 38.65 5262579	
1256.87 32.83 38.70 5269127	
1254.72 32.82 38.70 5275675	
1253.62 32.82 38.62 5282223	
1251.83 32.80 38.61 5288770	
1249.80 32.79 38.57 5295319	
1246.90 32.82 38.65 5301866	
1244.66 32.80 38.71 5308416	
1243.88 32.80 38.59 5314964	
1241.59 32.77 38.57 5321511	
1238.78 32.79 38.59 5328060	
1237.52 32.76 38.63 5334607	
1237.08 32.79 38.57 5341155	
1236.92 32.79 38.53 5347703	
1234.95 32.76 38.55 5354252	
1232.39 32.76 38.52 5360800	
1231.48 32.79 38.53 5367352	
1230.61 32.79 38.53 5373900	
1229.21 32.76 38.52 5380449	
1226.90 32.74 38.52 5386996	
1225.04 32.77 38.50 5393544	
1223.20 32.74 38.48 5400092	
1221.71 32.73 38.44 5406641	
1220.50 32.73 38.45 5413189	
1219.65 32.76 38.49 5419737	
1217.83 32.74 38.47 5426284	
1216.22 32.76 38.43 5432833	
1213.77 32.73 38.42 5439380	
1212.88 32.73 38.44 5445929	
1211.18 32.73 38.44 5452478	
1209.06 32.72 38.45 5459025	
1208.48 32.72 38.48 5465574	
1207.71 32.73 38.53 5472121	
1207.12 32.73 38.43 5478673	
1204.18 32.72 38.41 5485229	
1201.86 32.72 38.35 5491776	
1201.71 32.69 38.32 5498326	
1199.90 32.72 38.34 5504874	
1197.95 32.73 38.34 5511421	
1196.10 32.72 38.35 5517971	
1193.87 32.70 38.38 5524518	
1191.73 32.70 38.25 5531066	
1190.25 32.69 38.27 5537614	
1187.59 32.70 38.28 5544162	
1185.82 32.69 38.24 5550710	
1184.11 32.72 38.24 5557258	
1181.37 32.69 38.25 5563805	
1179.71 32.70 38.22 5570355	
1178.13 32.69 38.19 5576902	
1176.66 32.69 38.21 5583451	
1175.98 32.66 38.18 5590002	
1173.20 32.69 38.19 5596550	
1171.19 32.67 38.16 5603099	
1168.73 32.66 38.12 5609647	
1166.10 32.67 38.07 5616194	
1163.57 32.69 38.07 5622743	
1161.36 32.65 38.03 5629290	
1160.31 32.69 38.11 5635838	
1157.58 32.67 38.00 5642386	
1156.24 32.65 37.97 5648933	
1154.33 32.66 38.03 5655482	
1149.99 32.65 38.02 5662054	
1146.34 32.63 37.99 5668602	
1138.03 32.65 37.97 5675151	
1133.98 32.65 37.94 5681698	
1128.87 32.66 37.99 5688248	
1126.68 32.63 37.93 5694795	
1121.77 32.66 37.91 5701346	
1118.43 32.63 37.92 5707894	
1116.29 32.65 37.93 5714443	
1115.99 32.62 37.95 5720991	
1116.56 32.63 37.97 5727540	
1118.31 32.65 37.92 5734087	
1117.07 32.62 37.86 5740636	
1115.14 32.63 37.89 5747183	
1114.07 32.63 37.88 5753731	
1114.25 32.63 37.88 5760280	
1112.94 32.63 37.80 5766828	
1112.10 32.61 37.82 5773376	
1111.58 32.63 37.84 5779924	
1110.60 32.61 37.71 5786472	
1109.28 32.62 37.80 5793021	
1107.44 32.63 37.75 5799569	
1106.36 32.62 37.78 5806116	
1104.97 32.62 37.81 5812668	
1102.61 32.62 37.69 5819215	
1100.02 32.61 37.71 5825764	
1097.70 32.62 37.70 5832311	
1093.16 32.66 37.72 5838859	
1089.45 32.62 37.66 5845408	
1086.17 32.62 37.58 5851956	
1082.17 32.62 37.64 5858504	
1078.55 32.63 37.65 5865053	
1075.55 32.61 37.61 5871600	
1072.57 32.61 37.64 5878150	
1071.01 32.62 37.61 5884697	
1067.74 32.62 37.56 5891245	
1066.01 32.61 37.56 5897793	
1062.89 32.58 37.59 5904340	
1061.62 32.62 37.58 5910889	
1060.55 32.58 37.57 5917438	
1058.79 32.63 37.49 5923989	
1056.08 32.61 37.49 5930537	
1054.12 32.58 37.46 5937085	
1051.26 32.59 37.47 5943632	
1048.69 32.59 37.42 5950182	
1044.37 32.59 37.41 5956729	
1040.44 32.59 37.44 5963278	
1041.00 32.61 37.44 5969826	
1039.56 32.59 37.45 5976374	
1037.68 32.58 37.45 5982922	
1035.90 32.59 37.41 5989470	
1035.06 32.59 37.42 5996017	
1033.71 32.61 37.40 6002567	
1031.09 32.58 37.35 6009114	
1030.43 32.58 37.42 6015663	
1030.81 32.58 37.38 6022210	
1029.30 32.55 37.34 6028758	
1028.84 32.56 37.31 6035306	
1028.32 32.56 37.34 6041858	
1027.77 32.56 37.32 6048406	
1027.25 32.55 37.34 6054955	
1027.53 32.58 37.32 6061502	
1028.04 32.55 37.32 6068050	
1027.20 32.55 37.29 6074598	
1024.99 32.56 37.32 6081145	
1024.22 32.56 37.27 6087695	
1024.71 32.56 37.26 6094242	
1023.62 32.56 37.27 6100791	
1023.00 32.56 37.31 6107339	
1022.51 32.56 37.24 6113887	
1022.34 32.58 37.21 6120436	
1021.20 32.52 37.15 6126984	
1019.49 32.53 37.20 6133531	
1019.07 32.52 37.24 6140080	
1019.99 32.55 37.13 6146627	
1018.31 32.52 37.13 6153179	
1017.29 32.55 37.15 6159726	
1014.90 32.55 37.17 6166274	
1014.46 32.55 37.17 6172823	
1012.10 32.53 37.10 6179371	
1010.09 32.55 37.14 6185919	
1009.56 32.53 37.09 6192467	
1005.78 32.55 37.09 6199015	
1005.11 32.55 37.09 6205563	
1003.68 32.52 37.12 6212111	
1001.87 32.53 37.09 6218658	
1000.90 32.55 37.09 6225208	
999.45 32.52 37.08 6231754	
997.80 32.52 37.04 6238304	
998.40 32.53 37.00 6244852	
997.85 32.51 37.04 6251400	
998.38 32.51 37.04 6257948	
997.40 32.53 37.01 6264499	
994.68 32.53 37.01 6271046	
993.97 32.52 37.04 6277595	
992.31 32.53 36.94 6284150	
991.55 32.53 37.04 6290699	
991.67 32.52 36.96 6297246	
989.21 32.53 36.91 6303794	
987.94 32.53 36.89 6310342	
986.92 32.55 36.85 6316890	
984.14 32.56 36.94 6323438	
977.79 32.51 36.87 6329988	
974.00 32.53 36.94 6336534	
971.33 32.53 36.86 6343084	
970.38 32.51 36.84 6349630	
966.57 32.51 36.86 6356177	
