736.04 29.06 55.80 963	
733.11 29.12 54.09 3014	
732.70 29.16 52.47 5038	
726.26 29.24 51.59 7061	
726.02 29.28 51.30 9084	
725.50 29.31 51.50 11107	
722.72 29.36 51.03 13131	
721.52 29.41 50.37 15154	
721.90 29.48 49.30 17177	
724.52 29.50 49.10 19201	
726.54 29.56 48.54 21225	
724.53 29.63 49.94 26014	
726.31 29.74 47.62 32561	
729.07 29.90 46.06 39108	
728.17 30.00 45.19 45656	
726.32 30.10 44.49 52202	
16.49 30.32 45.91 64753	
829.58 30.36 45.56 71302	
816.47 30.42 44.50 77850	
819.29 30.48 44.04 84399	
810.04 30.55 43.73 90949	
798.68 30.58 43.50 97496	
788.07 30.62 43.19 104043	
782.29 30.69 43.00 110590	
778.06 30.69 42.84 117138	
775.16 30.73 42.58 123685	
767.63 30.78 42.36 130233	
764.21 30.81 42.43 136781	
762.50 30.83 42.30 143330	
757.59 30.85 42.23 149878	
757.13 30.86 42.16 156428	
755.94 30.90 42.18 162976	
752.91 30.90 42.16 169525	
753.36 30.94 42.20 176073	
751.43 30.94 42.17 182621	
749.37 30.99 42.09 189167	
750.46 30.97 42.09 195715	
748.65 30.97 42.00 202262	
747.26 31.00 41.96 208813	
746.98 31.03 41.84 215360	
747.33 31.05 41.82 221907	
747.34 31.03 41.85 228456	
747.94 31.07 41.78 235004	
747.82 31.06 41.85 241553	
748.36 31.10 41.92 248101	
748.60 31.10 41.91 254650	
749.76 31.09 41.84 261198	
751.32 31.13 41.83 267748	
750.96 31.12 41.78 274294	
753.25 31.14 41.76 280842	
755.39 31.17 41.70 287389	
757.15 31.13 41.69 293937	
760.11 31.19 41.73 300484	
762.45 31.19 41.69 307032	
764.88 31.20 41.84 313578	
766.34 31.20 41.82 320128	
769.78 31.20 41.78 326679	
782.73 31.23 41.66 333228	
805.35 31.26 41.69 339776	
810.76 31.23 41.64 346324	
817.25 31.24 41.65 352873	
820.23 31.29 41.66 359422	
826.56 31.29 41.82 365969	
829.87 31.29 41.70 372516	
831.56 31.30 41.69 379064	
833.49 31.31 41.66 385611	
835.80 31.31 41.62 392159	
837.02 31.34 41.64 398706	
838.65 31.33 41.69 405255	
838.53 31.36 41.70 411803	
840.88 31.34 41.68 418352	
841.74 31.34 41.65 424900	
842.41 31.38 41.63 431449	
843.73 31.37 41.58 437997	
845.29 31.41 41.56 444546	
846.28 31.40 41.61 451096	
847.18 31.40 41.57 457644	
847.86 31.41 41.53 464191	
848.21 31.42 41.49 470738	
848.93 31.44 41.55 477286	
849.41 31.45 41.48 483832	
849.43 31.44 41.49 490380	
851.00 31.47 41.51 496929	
851.02 31.45 41.51 503478	
852.49 31.47 41.56 510026	
853.51 31.50 41.53 516575	
854.01 31.50 41.52 523123	
853.53 31.50 41.52 529672	
854.87 31.51 41.50 536220	
855.19 31.52 41.48 542768	
856.62 31.51 41.57 549315	
857.50 31.55 41.57 555863	
858.01 31.52 41.50 562410	
860.83 31.54 41.56 568961	
861.83 31.57 41.57 575508	
862.33 31.57 41.57 582056	
862.63 31.55 41.55 588605	
863.68 31.55 41.55 595153	
865.77 31.58 41.46 601703	
866.55 31.57 41.47 608251	
868.77 31.57 41.52 614827	
871.45 31.60 41.54 621375	
872.68 31.60 41.53 627922	
874.30 31.61 41.54 634470	
875.80 31.63 41.55 641017	
877.87 31.63 41.52 647565	
878.35 31.63 41.54 654112	
880.35 31.63 41.52 660660	
880.88 31.64 41.47 667208	
881.86 31.64 41.48 673757	
883.50 31.65 41.47 680305	
884.09 31.64 41.50 686857	
885.90 31.65 41.52 693405	
886.54 31.67 41.47 699961	
888.22 31.65 41.45 706510	
891.60 31.67 41.47 713059	
894.53 31.68 41.51 719606	
895.78 31.68 41.48 726153	
896.40 31.68 41.48 732700	
897.23 31.70 41.46 739248	
897.37 31.71 41.51 745795	
899.36 31.71 41.49 752343	
899.72 31.70 41.47 758891	
901.02 31.72 41.46 765440	
902.45 31.71 41.51 771988	
902.99 31.72 41.54 778537	
903.46 31.72 41.50 785086	
904.05 31.72 41.49 791634	
905.49 31.74 41.53 798182	
906.43 31.74 41.52 804728	
907.09 31.78 41.49 811280	
910.63 31.77 41.48 817826	
926.82 31.77 41.44 824374	
929.46 31.77 41.47 830921	
939.38 31.74 41.45 837469	
944.45 31.77 41.50 844017	
948.98 31.78 41.47 850566	
949.19 31.77 41.50 857114	
948.99 31.77 41.43 863663	
948.95 31.79 41.47 870211	
949.65 31.79 41.47 876760	
953.77 31.79 41.53 888598	
952.20 31.81 41.55 895147	
954.27 31.84 41.59 901695	
957.33 31.81 41.57 908243	
959.07 31.82 41.59 914792	
960.60 31.81 41.54 921341	
960.91 31.84 41.59 927893	
962.02 31.82 41.62 934440	
965.06 31.81 41.59 940987	
968.13 31.81 41.56 947534	
969.76 31.84 41.62 954082	
971.81 31.87 41.61 960629	
974.86 31.84 41.62 967177	
977.80 31.87 41.57 973724	
979.27 31.84 41.55 980273	
980.42 31.87 41.58 986821	
981.15 31.88 41.61 993370	
982.58 31.85 41.54 999918	
982.95 31.88 41.58 1006467	
982.54 31.85 41.54 1013016	
982.63 31.89 41.60 1019567	
984.12 31.88 41.57 1026114	
986.49 31.89 41.57 1032662	
990.04 31.87 41.58 1039209	
994.69 31.89 41.60 1045761	
999.60 31.91 41.61 1052307	
1006.03 31.89 41.57 1058854	
1008.57 31.92 41.63 1065404	
1012.05 31.91 41.60 1071952	
1014.30 31.91 41.58 1078501	
1016.78 31.91 41.64 1085049	
1016.58 31.91 41.60 1091598	
1016.86 31.91 41.60 1098147	
1017.50 31.92 41.63 1104695	
1019.20 31.91 41.60 1111242	
1019.53 31.93 41.61 1117789	
1021.09 31.92 41.65 1124337	
1023.11 31.93 41.59 1130885	
1023.69 31.93 41.61 1137431	
1026.27 31.96 41.62 1143980	
1028.48 31.96 41.68 1150528	
1030.93 31.95 41.65 1157080	
1032.18 31.96 41.66 1163629	
1032.78 31.96 41.68 1170178	
1034.49 31.96 41.63 1176726	
1038.68 31.98 41.65 1183275	
1039.71 31.98 41.65 1189823	
1041.32 31.96 41.67 1196370	
1040.87 31.93 41.70 1202918	
1042.32 31.98 41.74 1209465	
1044.54 31.99 41.70 1216013	
1044.16 31.96 41.70 1222560	
1043.70 31.98 41.71 1229108	
1045.37 31.96 41.73 1235656	
1047.39 32.01 41.76 1242206	
1048.65 31.99 41.77 1248754	
1050.57 31.99 41.75 1255303	
1054.46 31.99 41.76 1261851	
1062.98 32.01 41.76 1268404	
1061.97 31.99 41.80 1274952	
1075.21 32.01 41.76 1281500	
1078.36 32.01 41.74 1288047	
1081.07 32.02 41.78 1294595	
1084.71 32.02 41.78 1301142	
1086.50 32.02 41.78 1307716	
1090.16 32.02 41.77 1314264	
1090.03 32.04 41.81 1320812	
1093.59 32.05 41.74 1327362	
1094.50 32.04 41.74 1333910	
1095.02 32.05 41.73 1340459	
1094.31 32.05 41.82 1347007	
1095.34 32.04 41.82 1353555	
1096.99 32.02 41.80 1360105	
1096.77 32.05 41.82 1366652	
1095.48 32.04 41.84 1373200	
1094.44 32.04 41.80 1379750	
1095.53 32.04 41.80 1386298	
1096.52 32.07 41.84 1392845	
1097.44 32.08 41.82 1399393	
1099.69 32.05 41.83 1405941	
1102.53 32.07 41.86 1412490	
1101.91 32.08 41.85 1419038	
1101.42 32.08 41.85 1425588	
1104.25 32.08 41.87 1432136	
1107.65 32.07 41.86 1438685	
1107.82 32.08 41.87 1445233	
1109.05 32.08 41.84 1451781	
1108.92 32.05 41.87 1458328	
1109.78 32.07 41.86 1464876	
1110.45 32.08 41.90 1471423	
1111.38 32.08 41.89 1477970	
1113.36 32.08 41.90 1484518	
1114.11 32.09 41.91 1491072	
1115.11 32.08 41.89 1497628	
1115.62 32.11 41.91 1504177	
1117.90 32.08 41.94 1510725	
1118.18 32.11 41.94 1517274	
1118.48 32.12 41.93 1523823	
1118.96 32.11 41.91 1530372	
1119.75 32.11 41.96 1536919	
1120.16 32.12 41.98 1543467	
1120.12 32.09 42.01 1550014	
1119.95 32.11 42.06 1556561	
1121.19 32.12 42.02 1563109	
1121.56 32.11 42.03 1569656	
1122.17 32.11 42.06 1576204	
1122.38 32.12 42.05 1582752	
1123.15 32.12 42.09 1589301	
1124.75 32.11 42.09 1595849	
1125.15 32.11 42.07 1602402	
1125.93 32.12 42.05 1608950	
1127.67 32.12 42.06 1615499	
1128.47 32.14 42.02 1622048	
1129.38 32.12 42.11 1628595	
1129.25 32.11 42.07 1635142	
1132.92 32.14 42.06 1641690	
1133.57 32.15 42.09 1648237	
1135.06 32.14 42.05 1654785	
1138.83 32.14 42.06 1661332	
1137.96 32.14 42.03 1667880	
1140.82 32.12 42.10 1674430	
1142.36 32.15 42.08 1680978	
1144.21 32.16 42.10 1687527	
1146.66 32.15 42.12 1694075	
1146.34 32.15 42.08 1700625	
1147.35 32.14 42.13 1707173	
1149.67 32.15 42.10 1713730	
1149.92 32.16 42.12 1720278	
1151.46 32.15 42.12 1726825	
1152.66 32.14 42.14 1733372	
1153.92 32.16 42.18 1739920	
1156.23 32.15 42.19 1746467	
1157.52 32.16 42.16 1753015	
1157.28 32.18 42.22 1759563	
1158.90 32.15 42.17 1766112	
1160.43 32.18 42.18 1772661	
1162.27 32.18 42.17 1779210	
1162.91 32.19 42.16 1785758	
1164.81 32.18 42.17 1792307	
1167.97 32.19 42.16 1798856	
1167.06 32.15 42.17 1805404	
1168.68 32.20 42.20 1811951	
1169.44 32.19 42.24 1818499	
1170.31 32.20 42.21 1825049	
1170.90 32.19 42.25 1831597	
1173.59 32.20 42.23 1838144	
1176.00 32.20 42.26 1844691	
1177.05 32.19 42.22 1851240	
1178.62 32.20 42.25 1857788	
1178.20 32.19 42.24 1864337	
1179.19 32.20 42.30 1870886	
1180.05 32.22 42.19 1877435	
1181.06 32.19 42.24 1883983	
1181.93 32.20 42.26 1890532	
1183.09 32.19 42.29 1897079	
1183.57 32.22 42.29 1903627	
1185.06 32.20 42.30 1910174	
1186.78 32.20 42.26 1916722	
1188.20 32.22 42.29 1923269	
1190.35 32.22 42.26 1929817	
1191.20 32.22 42.28 1936366	
1192.92 32.20 42.26 1942918	
1195.49 32.22 42.28 1949466	
1196.74 32.22 42.26 1956016	
1198.31 32.22 42.23 1962564	
1200.94 32.23 42.27 1969113	
1200.84 32.23 42.27 1975661	
1200.71 32.25 42.25 1982209	
1201.25 32.23 42.25 1988756	
1204.97 32.22 42.34 1995303	
1206.17 32.25 42.33 2001878	
1207.49 32.25 42.35 2008425	
1210.16 32.25 42.37 2014972	
1212.71 32.23 42.36 2021521	
1216.04 32.25 42.36 2028070	
1220.86 32.23 42.37 2034619	
1228.80 32.26 42.36 2041167	
1232.80 32.26 42.31 2047716	
1237.14 32.23 42.33 2054268	
1240.24 32.25 42.35 2060817	
1244.79 32.26 42.39 2067364	
1248.31 32.28 42.39 2073912	
1250.70 32.28 42.36 2080459	
1251.41 32.25 42.32 2087007	
1251.22 32.26 42.31 2093554	
1251.81 32.29 42.39 2100102	
1253.93 32.26 42.39 2106650	
1254.57 32.25 42.40 2113199	
1258.87 32.25 42.40 2119747	
1260.22 32.29 42.45 2126296	
1262.13 32.25 42.40 2132845	
1263.75 32.25 42.45 2139394	
1266.20 32.28 42.42 2145942	
1267.39 32.26 42.42 2152489	
1269.31 32.26 42.45 2159037	
1271.64 32.28 42.45 2165587	
1273.85 32.28 42.50 2172135	
1275.97 32.28 42.50 2178682	
1276.63 32.28 42.49 2185230	
1276.76 32.25 42.44 2191778	
1278.49 32.29 42.47 2198327	
1280.88 32.28 42.45 2204876	
1281.50 32.26 42.45 2211425	
1282.04 32.29 42.48 2217973	
1281.94 32.29 42.49 2224522	
1283.40 32.30 42.48 2231071	
1283.79 32.28 42.47 2237619	
1285.91 32.32 42.47 2244166	
1286.05 32.30 42.51 2250714	
1287.28 32.30 42.52 2257261	
1289.20 32.30 42.55 2263809	
1289.60 32.30 42.52 2270356	
1292.42 32.30 42.52 2276908	
1293.78 32.30 42.53 2283456	
1294.61 32.29 42.54 2290004	
1294.52 32.32 42.52 2296560	
1292.96 32.30 42.48 2303109	
1293.89 32.30 42.52 2309657	
1294.94 32.30 42.55 2316207	
1296.90 32.35 42.56 2322755	
1298.37 32.32 42.57 2329303	
1297.80 32.33 42.56 2335850	
1299.54 32.32 42.60 2342397	
1299.89 32.32 42.63 2348945	
1302.09 32.30 42.63 2355492	
1301.70 32.30 42.67 2362040	
1304.36 32.30 42.65 2368588	
1306.37 32.30 42.69 2375137	
1308.50 32.30 42.67 2381686	
1311.05 32.30 42.66 2388238	
1312.12 32.30 42.70 2394786	
1312.84 32.33 42.70 2401335	
1314.60 32.33 42.73 2407884	
1317.07 32.33 42.72 2414433	
1319.63 32.32 42.75 2420980	
1320.69 32.33 42.73 2427528	
1321.25 32.35 42.72 2434075	
1322.83 32.32 42.69 2440623	
1324.17 32.33 42.70 2447169	
1325.32 32.32 42.74 2453716	
1326.01 32.33 42.77 2460266	
1326.81 32.35 42.78 2466814	
1331.20 32.33 42.77 2473363	
1329.73 32.32 42.73 2479911	
1331.94 32.35 42.72 2486460	
1331.13 32.35 42.78 2493008	
1333.64 32.33 42.74 2499561	
1336.69 32.32 42.73 2506108	
1338.87 32.35 42.74 2512656	
1339.93 32.33 42.77 2519203	
1342.42 32.35 42.78 2525751	
1346.99 32.35 42.78 2532298	
1357.02 32.35 42.78 2538846	
1360.66 32.35 42.79 2545394	
1370.45 32.35 42.79 2551943	
1372.46 32.36 42.78 2558491	
1371.45 32.36 42.83 2565040	
1371.08 32.36 42.80 2571588	
1370.47 32.38 42.89 2578138	
1372.03 32.35 42.82 2584686	
1374.61 32.36 42.88 2591235	
1375.87 32.35 42.90 2597782	
1375.96 32.38 42.90 2604329	
1378.33 32.35 42.85 2610880	
1380.10 32.36 42.89 2617427	
1381.21 32.38 42.88 2623975	
1382.27 32.39 42.88 2630522	
1383.58 32.36 42.89 2637071	
1384.16 32.36 42.88 2643619	
1386.16 32.35 42.90 2650168	
1388.96 32.36 42.93 2656717	
1389.67 32.38 42.88 2663266	
1391.63 32.38 42.89 2669814	
1393.31 32.39 42.86 2676363	
1396.00 32.36 42.88 2682910	
1396.85 32.38 42.90 2689458	
1398.35 32.36 42.95 2696033	
1397.92 32.38 42.94 2702580	
1397.33 32.36 42.96 2709128	
1399.12 32.36 42.98 2715674	
1400.06 32.38 42.98 2722227	
1400.95 32.39 42.96 2728775	
1403.28 32.39 42.98 2735324	
1404.39 32.39 42.96 2741873	
1405.92 32.39 42.97 2748422	
1409.24 32.39 43.01 2754970	
1410.95 32.36 42.96 2761519	
1412.19 32.38 42.98 2768068	
1412.79 32.39 42.98 2774615	
1414.47 32.40 42.93 2781162	
1414.76 32.39 42.93 2787709	
1416.15 32.42 42.92 2794257	
1417.19 32.40 42.88 2800804	
1419.17 32.40 42.93 2807352	
1419.33 32.39 42.96 2813900	
1419.67 32.38 42.95 2820450	
1420.88 32.40 43.01 2826998	
1421.05 32.40 43.02 2833550	
1423.03 32.40 43.01 2840098	
1424.81 32.39 42.98 2846647	
1426.61 32.39 42.96 2853196	
1429.06 32.40 42.97 2859744	
1429.78 32.40 42.96 2866291	
1431.20 32.42 43.01 2872838	
1433.70 32.42 42.97 2879385	
1435.73 32.40 43.02 2885933	
1436.09 32.40 43.04 2892480	
1438.58 32.42 43.11 2899028	
1442.65 32.43 43.05 2905578	
1442.00 32.42 43.01 2912126	
1442.68 32.43 43.05 2918675	
1444.33 32.40 43.05 2925223	
1447.15 32.42 43.04 2931772	
1447.63 32.40 43.04 2938321	
1450.74 32.42 43.07 2944873	
1452.53 32.40 43.05 2951420	
1453.11 32.42 43.05 2957968	
1453.42 32.42 43.02 2964515	
1454.08 32.43 43.02 2971063	
1454.02 32.44 43.06 2977610	
1455.62 32.43 43.08 2984157	
1454.92 32.43 43.08 2990706	
1456.13 32.42 43.14 2997255	
1456.93 32.43 43.15 3003803	
1457.81 32.43 43.11 3010352	
1458.17 32.42 43.13 3016900	
1459.36 32.42 43.11 3023450	
1459.50 32.42 43.07 3029998	
1460.79 32.42 43.14 3036546	
1461.81 32.42 43.14 3043093	
1463.83 32.43 43.14 3049640	
1464.12 32.43 43.17 3056191	
1465.19 32.40 43.19 3062738	
1465.49 32.44 43.24 3069286	
1466.85 32.44 43.23 3075834	
1469.88 32.43 43.22 3082383	
1473.10 32.46 43.21 3088931	
1475.96 32.44 43.19 3095501	
1477.05 32.44 43.23 3102051	
1479.41 32.44 43.22 3108599	
1481.90 32.42 43.19 3115148	
1483.49 32.44 43.24 3121695	
1483.98 32.46 43.27 3128243	
1483.83 32.44 43.24 3134790	
1484.19 32.43 43.33 3141338	
1484.44 32.44 43.31 3147885	
1484.59 32.47 43.29 3154433	
1486.62 32.46 43.32 3160979	
1486.57 32.44 43.27 3167532	
1487.63 32.44 43.26 3174080	
1486.55 32.46 43.33 3180630	
1485.80 32.49 43.32 3187178	
1487.62 32.46 43.36 3193726	
1488.86 32.47 43.35 3200275	
1490.65 32.46 43.39 3206823	
1491.89 32.46 43.40 3213371	
1493.54 32.47 43.36 3219918	
1494.63 32.46 43.43 3226466	
1496.45 32.46 43.42 3233013	
1497.74 32.46 43.44 3239561	
1500.06 32.47 43.44 3246108	
1502.57 32.46 43.39 3252657	
1505.17 32.49 43.42 3259205	
1508.36 32.47 43.47 3265754	
1507.03 32.46 43.47 3272302	
1508.62 32.49 43.47 3278855	
1509.55 32.47 43.38 3285403	
1510.22 32.49 43.44 3291952	
1509.44 32.49 43.44 3298500	
1511.03 32.49 43.42 3305048	
1511.35 32.49 43.44 3311595	
1511.36 32.49 43.46 3318142	
1512.95 32.49 43.46 3324690	
1513.26 32.49 43.47 3331237	
1514.13 32.49 43.46 3337784	
1516.83 32.49 43.48 3344333	
1517.60 32.47 43.44 3350882	
1517.78 32.50 43.52 3357430	
1520.58 32.50 43.47 3363979	
1521.60 32.47 43.47 3370527	
1521.98 32.49 43.48 3377077	
1524.18 32.49 43.52 3383625	
1526.62 32.52 43.51 3390202	
1529.07 32.49 43.51 3396750	
1528.82 32.47 43.56 3403297	
1529.76 32.49 43.56 3409845	
1530.82 32.50 43.55 3416392	
1532.42 32.50 43.56 3422940	
1533.27 32.49 43.63 3429488	
1534.68 32.50 43.59 3436037	
1535.25 32.50 43.57 3442586	
1536.65 32.50 43.59 3449135	
1538.42 32.52 43.58 3455683	
1540.31 32.50 43.63 3462232	
1540.81 32.52 43.59 3468780	
1541.99 32.50 43.56 3475329	
1545.09 32.50 43.51 3481876	
1546.70 32.52 43.61 3488423	
1547.01 32.52 43.63 3494971	
1548.98 32.52 43.60 3501521	
1550.93 32.52 43.63 3508069	
1552.09 32.52 43.61 3514616	
1555.63 32.52 43.63 3521165	
1559.06 32.49 43.60 3527713	
1563.83 32.52 43.63 3534262	
1561.79 32.50 43.56 3540810	
1564.46 32.53 43.58 3547359	
1569.48 32.52 43.59 3553907	
1570.45 32.53 43.62 3560456	
1571.94 32.52 43.59 3567003	
1573.46 32.52 43.60 3573551	
1575.36 32.52 43.58 3580098	
1577.63 32.53 43.64 3586646	
1580.26 32.53 43.64 3593192	
1584.78 32.52 43.67 3599739	
1586.62 32.53 43.64 3606287	
1585.65 32.53 43.67 3612835	
1587.67 32.53 43.64 3619387	
1587.97 32.55 43.64 3625936	
1589.80 32.55 43.73 3632485	
1593.65 32.53 43.71 3639033	
1598.12 32.55 43.73 3645582	
1602.24 32.53 43.71 3652130	
1603.01 32.55 43.63 3658678	
1607.23 32.52 43.70 3665225	
1609.71 32.55 43.70 3671773	
1610.91 32.55 43.71 3678320	
1611.88 32.53 43.80 3684868	
1614.53 32.56 43.79 3691415	
1619.26 32.52 43.77 3697964	
1620.42 32.52 43.77 3704512	
1622.21 32.55 43.80 3711062	
1623.21 32.53 43.75 3717610	
1624.56 32.52 43.74 3724158	
1626.55 32.53 43.76 3730710	
1631.92 32.55 43.80 3737260	
1633.57 32.55 43.76 3743808	
1635.17 32.56 43.75 3750355	
1636.97 32.56 43.76 3756903	
1638.78 32.52 43.80 3763450	
1637.85 32.55 43.79 3769998	
1639.36 32.55 43.77 3776545	
1638.78 32.53 43.83 3783093	
1639.42 32.56 43.82 3789641	
1639.80 32.55 43.81 3796190	
1639.77 32.56 43.77 3802739	
1641.47 32.56 43.80 3809288	
1642.14 32.55 43.84 3815836	
1642.04 32.55 43.85 3822385	
1641.83 32.57 43.89 3828934	
1642.65 32.57 43.80 3835482	
1642.23 32.56 43.82 3842032	
1642.74 32.57 43.83 3848580	
1642.32 32.53 43.80 3855127	
1643.66 32.56 43.81 3861675	
1643.24 32.56 43.81 3868222	
1642.80 32.55 43.80 3874769	
1641.85 32.55 43.89 3881318	
1642.74 32.55 43.88 3887866	
1642.80 32.55 43.82 3894423	
1642.48 32.56 43.86 3900972	
1643.37 32.56 43.86 3907520	
1643.52 32.59 43.91 3914070	
1643.35 32.56 43.86 3920618	
1642.86 32.57 43.89 3927165	
1643.87 32.55 43.89 3933713	
1642.30 32.59 43.97 3940260	
1641.83 32.57 43.96 3946808	
1642.20 32.56 44.01 3953358	
1644.17 32.57 43.99 3959906	
1644.86 32.59 43.97 3966455	
1644.08 32.60 43.96 3973004	
1644.05 32.57 43.99 3979552	
1645.73 32.56 43.97 3986101	
1645.22 32.57 43.93 3992650	
1646.33 32.57 43.96 3999199	
1646.38 32.59 43.96 4005747	
1646.91 32.57 44.06 4012295	
1647.70 32.59 44.08 4018842	
1648.10 32.59 44.01 4025390	
1649.99 32.59 44.02 4031937	
1650.18 32.56 44.04 4038484	
1650.81 32.60 44.02 4045032	
1650.71 32.59 44.08 4051581	
1652.99 32.57 44.07 4058130	
1654.58 32.57 44.07 4064681	
1655.33 32.60 44.06 4071231	
1656.22 32.57 44.07 4077779	
1658.48 32.60 44.08 4084356	
1657.48 32.62 44.04 4090904	
1658.69 32.59 44.04 4097452	
1658.98 32.59 44.09 4103999	
1660.62 32.56 44.07 4110546	
1661.08 32.59 44.09 4117094	
1664.44 32.60 44.10 4123641	
1666.57 32.62 44.17 4130189	
1666.54 32.59 44.17 4136737	
1668.52 32.59 44.14 4143287	
1669.65 32.57 44.14 4149835	
1669.18 32.60 44.13 4156384	
1670.03 32.62 44.15 4162932	
1670.98 32.62 44.23 4169482	
1672.37 32.62 44.21 4176033	
1672.80 32.57 44.21 4182581	
1675.16 32.62 44.17 4189128	
1679.64 32.59 44.21 4195676	
1678.93 32.62 44.27 4202223	
1681.98 32.63 44.24 4208771	
1688.30 32.62 44.29 4215318	
1694.29 32.63 44.29 4221868	
1701.01 32.63 44.27 4228417	
1700.34 32.62 44.21 4234966	
1699.29 32.62 44.23 4241514	
1704.21 32.62 44.24 4248062	
1704.48 32.60 44.27 4254612	
1706.14 32.63 44.30 4261160	
1709.57 32.63 44.30 4267715	
1709.11 32.63 44.26 4274263	
1709.81 32.60 44.28 4280810	
1710.66 32.62 44.34 4287361	
1708.44 32.65 44.29 4293908	
1709.35 32.63 44.30 4300456	
1709.22 32.63 44.32 4307004	
1708.20 32.66 44.33 4313552	
1707.07 32.62 44.30 4320101	
1709.41 32.63 44.31 4326650	
1710.22 32.65 44.39 4333199	
1710.87 32.63 44.38 4339747	
1711.99 32.62 44.39 4346296	
1713.91 32.63 44.42 4352845	
1716.11 32.63 44.43 4359393	
1718.75 32.65 44.44 4365940	
1720.59 32.65 44.44 4372488	
1722.60 32.63 44.44 4379034	
1725.13 32.63 44.45 4385582	
1726.13 32.63 44.45 4392130	
1726.85 32.63 44.48 4398682	
1726.36 32.65 44.48 4405230	
1726.76 32.65 44.49 4411780	
1728.91 32.63 44.50 4418328	
1731.27 32.66 44.52 4424877	
1731.90 32.62 44.52 4431425	
1732.91 32.65 44.50 4437975	
1734.64 32.65 44.55 4444522	
1735.53 32.63 44.55 4451068	
1736.96 32.66 44.52 4457616	
1739.02 32.63 44.56 4464163	
1741.80 32.66 44.55 4470711	
1744.32 32.67 44.57 4477258	
1747.23 32.63 44.56 4483806	
1749.27 32.63 44.60 4490355	
1750.24 32.66 44.63 4496904	
1751.51 32.66 44.63 4503452	
1752.84 32.69 44.67 4510005	
1753.36 32.66 44.63 4516553	
1753.15 32.65 44.63 4523102	
1754.35 32.65 44.64 4529650	
1755.57 32.66 44.65 4536199	
1754.98 32.65 44.64 4542746	
1756.82 32.67 44.59 4549294	
1755.60 32.66 44.55 4555841	
1755.38 32.65 44.47 4562388	
1754.56 32.66 44.42 4568936	
1751.32 32.67 44.31 4575483	
1748.94 32.67 44.23 4582032	
1744.37 32.66 44.04 4588581	
1739.76 32.66 43.86 4595130	
1730.61 32.65 43.82 4601678	
1714.50 32.66 43.64 4608228	
1654.62 32.67 43.49 4614776	
1640.61 32.63 43.25 4621328	
1598.03 32.66 43.17 4627875	
1584.24 32.63 43.15 4634423	
1562.41 32.63 43.09 4640970	
1551.01 32.63 43.07 4647518	
1537.39 32.63 43.01 4654065	
1525.69 32.63 42.92 4660613	
1511.15 32.63 42.85 4667160	
1504.60 32.63 42.75 4673709	
1496.93 32.65 42.56 4680257	
1473.12 32.63 42.41 4686807	
1452.47 32.63 42.36 4693362	
1439.32 32.62 42.34 4699911	
1428.70 32.63 42.30 4706460	
1410.78 32.63 42.18 4713009	
1401.83 32.62 42.09 4719556	
1403.62 32.60 42.04 4726104	
1393.93 32.62 42.04 4732654	
1385.90 32.62 42.03 4739202	
1381.74 32.60 41.91 4745749	
1371.18 32.62 41.65 4752296	
1350.56 32.60 41.57 4758845	
1327.53 32.63 41.24 4765394	
1313.59 32.60 41.24 4771971	
1291.44 32.60 41.34 4778519	
1277.90 32.60 41.42 4785068	
1272.42 32.60 41.38 4791616	
1265.43 32.59 41.38 4798166	
1263.40 32.62 41.14 4804713	
1257.57 32.62 41.07 4811260	
1250.90 32.62 40.84 4817808	
1241.63 32.59 40.93 4824354	
1233.54 32.60 40.99 4830902	
1226.62 32.59 41.03 4837450	
1216.33 32.59 41.03 4844001	
1216.11 32.59 40.98 4850549	
1212.21 32.57 40.87 4857098	
1213.02 32.57 40.82 4863647	
1211.07 32.57 40.64 4870196	
1207.41 32.59 40.68 4876744	
1205.39 32.57 40.59 4883293	
1202.95 32.57 40.63 4889842	
1197.42 32.57 40.67 4896390	
1180.25 32.57 40.66 4902937	
1173.55 32.57 40.61 4909485	
1167.40 32.56 40.59 4916032	
1159.23 32.56 40.54 4922579	
1160.97 32.56 40.43 4929127	
1156.94 32.55 40.47 4935675	
1153.39 32.55 40.42 4942225	
1150.05 32.57 40.39 4948773	
1146.04 32.57 40.34 4955325	
1143.76 32.55 40.33 4961874	
1142.12 32.56 40.26 4968423	
1138.96 32.56 40.24 4974971	
1137.85 32.55 40.21 4981520	
1137.31 32.56 40.11 4988067	
1134.32 32.53 39.90 4994615	
1132.49 32.53 39.92 5001162	
1127.22 32.56 39.97 5007710	
1100.64 32.55 40.04 5014257	
1087.10 32.53 40.07 5020805	
1083.76 32.53 40.04 5027354	
1089.07 32.53 39.98 5033903	
1082.73 32.53 39.92 5040451	
1080.07 32.52 39.92 5047000	
1081.65 32.53 39.90 5053549	
1078.23 32.52 39.91 5060098	
1076.93 32.55 39.97 5066649	
1075.30 32.55 39.93 5073197	
1073.31 32.52 39.94 5079744	
1072.52 32.52 39.96 5086291	
1069.19 32.52 39.90 5092840	
1069.24 32.52 39.85 5099387	
1069.31 32.52 39.83 5105935	
1070.06 32.50 39.83 5112481	
1069.95 32.50 39.85 5119031	
1069.96 32.52 39.81 5125579	
1069.11 32.52 39.81 5132128	
1068.21 32.50 39.83 5138676	
1067.03 32.52 39.78 5145225	
1067.51 32.52 39.76 5151774	
1066.87 32.52 39.78 5158323	
1065.17 32.50 39.76 5164870	
1063.90 32.49 39.73 5171418	
1063.23 32.53 39.73 5177968	
1061.37 32.49 39.65 5184516	
1059.71 32.47 39.65 5191063	
1057.93 32.49 39.51 5197611	
1056.78 32.52 39.58 5204159	
1055.20 32.53 39.64 5210707	
1052.91 32.49 39.63 5217256	
1050.34 32.50 39.56 5223805	
1049.53 32.49 39.59 5230354	
1046.45 32.49 39.48 5236902	
1045.15 32.46 39.49 5243452	
1044.81 32.47 39.47 5249999	
1044.10 32.49 39.51 5256546	
1042.64 32.50 39.50 5263093	
1040.56 32.46 39.42 5269641	
1037.71 32.47 39.46 5276188	
1036.58 32.44 39.45 5282736	
1033.95 32.46 39.39 5289283	
1033.42 32.47 39.43 5295836	
1031.43 32.47 39.40 5302384	
1029.70 32.46 39.39 5308933	
1029.50 32.44 39.40 5315482	
1028.75 32.47 39.40 5322031	
1026.92 32.44 39.40 5328579	
1024.02 32.47 39.42 5335128	
1021.11 32.43 39.41 5341675	
1018.50 32.47 39.43 5348222	
1015.51 32.46 39.35 5354770	
1013.93 32.44 39.36 5361317	
1011.64 32.43 39.35 5367865	
1009.45 32.43 39.35 5374412	
1007.60 32.42 39.35 5380961	
1007.10 32.43 39.30 5387509	
1006.78 32.43 39.35 5394059	
1005.68 32.43 39.35 5400607	
1005.21 32.43 39.33 5407159	
1003.08 32.42 39.32 5413708	
1001.86 32.43 39.32 5420257	
1001.01 32.43 39.26 5426805	
997.32 32.43 39.26 5433353	
997.41 32.44 39.25 5439900	
995.80 32.43 39.26 5446448	
994.71 32.43 39.22 5452995	
992.97 32.42 39.20 5459543	
991.00 32.40 39.18 5466117	
990.40 32.42 39.20 5472665	
987.69 32.40 39.09 5479214	
985.70 32.40 39.10 5485762	
984.74 32.42 39.08 5492319	
983.79 32.40 39.06 5498867	
981.53 32.40 39.06 5505416	
978.85 32.42 39.08 5511964	
964.17 32.42 39.10 5518515	
949.19 32.39 39.06 5525062	
936.86 32.42 39.01 5531610	
934.93 32.39 39.01 5538157	
937.89 32.42 38.89 5544705	
935.10 32.39 38.92 5551252	
934.19 32.40 38.95 5557799	
933.07 32.40 38.89 5564348	
929.52 32.42 38.89 5570896	
928.42 32.40 38.87 5577445	
927.15 32.39 38.84 5583993	
925.80 32.39 38.89 5590542	
924.26 32.40 38.84 5597090	
921.36 32.40 38.76 5603639	
919.06 32.39 38.67 5610186	
917.75 32.40 38.70 5616734	
916.97 32.39 38.71 5623281	
913.61 32.38 38.76 5629829	
910.45 32.39 38.73 5636379	
905.04 32.39 38.76 5642927	
903.94 32.39 38.71 5649475	
901.57 32.38 38.68 5656024	
901.60 32.39 38.68 5662572	
899.31 32.38 38.71 5669122	
898.46 32.39 38.70 5675670	
897.43 32.39 38.66 5682219	
896.50 32.36 38.64 5688767	
893.95 32.35 38.64 5695315	
893.76 32.38 38.66 5701863	
893.43 32.36 38.54 5708410	
892.43 32.39 38.49 5714957	
890.73 32.38 38.57 5721504	
889.19 32.38 38.48 5728052	
888.51 32.35 38.50 5734599	
888.20 32.36 38.53 5741148	
888.32 32.36 38.48 5747700	
888.14 32.36 38.48 5754249	
887.30 32.35 38.45 5760797	
886.08 32.35 38.42 5767346	
885.54 32.36 38.41 5773894	
884.36 32.35 38.44 5780443	
882.56 32.35 38.41 5786990	
881.91 32.35 38.39 5793538	
881.47 32.36 38.35 5800085	
879.03 32.36 38.39 5806632	
876.67 32.38 38.36 5813180	
873.16 32.33 38.39 5819727	
867.57 32.32 38.39 5826275	
865.82 32.35 38.41 5832823	
864.26 32.35 38.37 5839372	
862.60 32.36 38.33 5845920	
860.05 32.35 38.33 5852469	
860.19 32.33 38.33 5859017	
856.98 32.33 38.27 5865570	
854.39 32.33 38.29 5872118	
853.65 32.35 38.27 5878666	
850.49 32.33 38.27 5885213	
848.52 32.33 38.19 5891760	
846.71 32.32 38.18 5898307	
844.75 32.35 38.13 5904855	
840.43 32.33 38.15 5911402	
839.50 32.29 38.15 5917950	
839.40 32.33 38.10 5924499	
839.61 32.33 38.18 5931047	
836.75 32.32 38.07 5937596	
836.05 32.33 38.11 5944144	
835.51 32.33 38.08 5950694	
833.73 32.33 38.05 5957242	
833.77 32.32 38.07 5963791	
830.64 32.29 38.13 5970338	
828.89 32.32 38.15 5976885	
826.54 32.32 38.05 5983435	
826.28 32.30 38.07 5989983	
825.03 32.32 38.05 5996530	
825.03 32.29 38.02 6003078	
824.21 32.32 38.00 6009626	
822.73 32.30 38.03 6016175	
821.04 32.30 37.97 6022723	
819.84 32.32 37.97 6029272	
820.11 32.30 37.96 6035820	
819.14 32.30 37.99 6042369	
819.17 32.30 37.93 6048918	
818.03 32.32 37.98 6055464	
817.46 32.30 37.90 6062012	
814.44 32.30 37.86 6068559	
812.84 32.28 37.85 6075107	
813.41 32.28 37.87 6081654	
812.00 32.32 37.85 6088202	
809.28 32.28 37.87 6094752	
809.03 32.32 37.89 6101301	
807.31 32.33 37.81 6107849	
805.67 32.28 37.77 6114398	
806.03 32.29 37.79 6120947	
804.30 32.29 37.76 6127496	
802.25 32.29 37.75 6134044	
800.39 32.29 37.76 6140593	
799.73 32.29 37.73 6147140	
799.31 32.28 37.82 6153714	
797.73 32.29 37.73 6160262	
798.84 32.29 37.73 6166809	
798.86 32.28 37.76 6173357	
798.31 32.29 37.75 6179904	
797.94 32.30 37.78 6186452	
797.20 32.29 37.73 6193001	
795.72 32.29 37.66 6199549	
794.33 32.30 37.63 6206098	
793.21 32.29 37.67 6212649	
791.94 32.26 37.64 6219199	
790.78 32.29 37.67 6225747	
791.38 32.28 37.65 6232295	
789.97 32.30 37.62 6238841	
789.06 32.26 37.60 6245389	
786.53 32.29 37.57 6251936	
786.31 32.28 37.58 6258484	
786.13 32.28 37.64 6265031	
784.69 32.29 37.59 6271579	
782.65 32.29 37.59 6278127	
780.72 32.29 37.59 6284676	
780.38 32.28 37.67 6291231	
780.00 32.28 37.57 6297780	
778.20 32.26 37.54 6304328	
776.18 32.26 37.55 6310877	
