865.36 28.62 37.54 1006	
862.79 28.63 37.51 3056	
860.23 28.65 37.50 5081	
852.21 28.66 37.41 7105	
851.29 28.69 37.37 9129	
850.26 28.71 37.33 11154	
846.78 28.79 37.30 13178	
846.24 28.79 37.25 15203	
846.85 28.82 37.20 17227	
846.74 28.83 37.12 19250	
845.96 28.86 37.05 21273	
844.22 28.89 37.97 23297	
843.01 28.90 38.41 25320	
840.84 28.93 37.95 27342	
836.57 28.93 37.57 29366	
830.14 28.96 37.43 31389	
803.28 29.06 38.86 36176	
766.78 29.09 37.68 42725	
750.29 29.17 37.13 49272	
750.11 29.23 36.87 55819	
743.81 29.29 36.68 62371	
746.07 29.34 36.55 68918	
748.18 29.37 36.45 75466	
743.24 29.41 36.38 82014	
741.68 29.47 36.32 88561	
740.54 29.48 36.24 95110	
739.62 29.51 36.25 101656	
739.73 29.55 36.17 108204	
740.34 29.57 36.12 114752	
738.70 29.59 36.10 121299	
738.97 29.61 36.03 127848	
737.74 29.61 35.96 134395	
737.91 29.65 35.88 140943	
737.96 29.67 35.81 147491	
737.36 29.69 35.85 154038	
737.52 29.72 35.78 160585	
737.38 29.75 35.75 167134	
735.55 29.76 35.78 173681	
737.22 29.81 35.77 180233	
737.62 29.82 35.73 186780	
738.73 29.81 35.72 193328	
739.92 29.81 35.67 199876	
740.24 29.84 35.70 206424	
740.46 29.86 35.56 212971	
740.93 29.88 35.64 219520	
742.44 29.91 35.52 226066	
742.11 29.91 35.54 232614	
742.13 29.91 35.46 239162	
743.14 29.92 35.43 245709	
742.64 29.93 35.51 252258	
742.14 29.95 35.43 258805	
740.65 29.98 35.39 265352	
741.42 29.98 35.38 271900	
740.75 30.00 35.30 278448	
739.91 30.00 35.31 284996	
739.05 30.00 35.26 291544	
740.20 30.03 35.22 298094	
739.87 30.02 35.24 304643	
740.06 30.03 35.19 311190	
739.68 30.06 35.21 317736	
739.48 30.06 35.17 324286	
738.94 30.06 35.18 330832	
739.58 30.06 35.08 337381	
738.84 30.09 35.07 343928	
739.08 30.12 35.03 350476	
739.32 30.09 35.01 357024	
739.89 30.12 35.00 363572	
739.60 30.12 35.08 370118	
739.94 30.12 35.04 376667	
739.28 30.15 34.99 383214	
739.08 30.16 34.98 389763	
739.20 30.16 34.97 396310	
739.85 30.16 34.86 402857	
740.97 30.19 34.88 409406	
740.31 30.19 34.91 415952	
739.88 30.19 34.91 422503	
739.38 30.19 34.92 429051	
739.06 30.19 34.88 435599	
739.67 30.22 34.84 442147	
739.84 30.24 34.83 448695	
740.15 30.23 34.75 455242	
738.88 30.24 34.75 461791	
738.21 30.23 34.74 468338	
738.47 30.24 34.71 474885	
737.94 30.24 34.71 481433	
737.87 30.26 34.70 487981	
737.69 30.26 34.66 494529	
737.95 30.26 34.70 501076	
738.03 30.31 34.63 507624	
738.16 30.28 34.64 514172	
739.24 30.31 34.68 520720	
738.32 30.28 34.64 527266	
738.38 30.28 34.62 533815	
738.22 30.28 34.60 540365	
737.37 30.33 34.61 546914	
736.59 30.33 34.62 553461	
736.22 30.31 34.58 560009	
736.28 30.33 34.61 566557	
735.63 30.36 34.61 573105	
735.15 30.33 34.57 579657	
735.54 30.37 34.54 586206	
737.84 30.34 34.76 592752	
738.96 30.37 34.74 599301	
741.14 30.36 34.75 605848	
743.58 30.34 34.77 612396	
748.43 30.38 34.88 618944	
754.19 30.38 34.83 625490	
756.90 30.37 34.74 632038	
760.29 30.40 34.64 638586	
769.58 30.41 35.47 645154	
792.89 30.43 36.55 651703	
948.79 30.43 36.35 655496	
1128.66 30.44 36.11 657520	
1150.18 30.46 36.15 659544	
1150.49 30.46 36.16 661568	
1152.14 30.46 36.06 663591	
1153.25 30.47 35.87 665615	
1164.23 30.46 35.93 667638	
1167.43 30.46 36.25 669662	
1164.68 30.46 35.91 671684	
1161.48 30.46 35.68 673708	
1160.75 30.47 35.56 675731	
1159.77 30.47 35.44 677754	
1156.81 30.47 35.40 679778	
1139.90 30.48 35.37 681801	
1132.09 30.50 35.46 687596	
1097.60 30.50 36.89 694144	
1079.80 30.51 36.70 700692	
1087.85 30.54 35.69 707238	
1087.08 30.55 35.47 713791	
1083.69 30.58 35.22 720337	
1073.53 30.57 35.09 726885	
1066.85 30.60 35.03 733434	
1062.57 30.61 34.96 739981	
1059.72 30.61 34.85 746528	
1053.32 30.63 34.80 753077	
1047.40 30.64 34.85 759624	
1047.47 30.63 34.79 766173	
1044.75 30.67 34.74 772720	
1039.22 30.65 34.70 779268	
1036.25 30.68 34.68 785816	
1033.33 30.70 34.69 792364	
1028.16 30.68 34.68 798911	
1024.85 30.70 34.65 805459	
1024.00 30.70 34.62 812007	
1020.87 30.71 34.62 818555	
1018.22 30.71 34.61 825104	
1017.08 30.73 34.70 831654	
1016.77 30.75 34.70 838203	
1017.25 30.75 34.76 844750	
1017.34 30.74 34.85 851297	
1018.09 30.70 34.98 857845	
1021.78 30.75 35.01 864393	
1025.00 30.75 35.05 870942	
1027.74 30.75 35.10 877491	
1034.13 30.77 35.10 884037	
1040.64 30.77 35.11 890587	
1049.60 30.77 35.25 897133	
1054.79 30.79 35.26 903681	
1057.51 30.79 35.12 910229	
1066.30 30.81 35.18 916776	
1068.46 30.81 35.20 923325	
1071.77 30.82 35.23 929879	
1073.13 30.82 35.24 936426	
1076.03 30.84 35.29 942978	
1079.65 30.84 35.26 949525	
1085.31 30.84 35.29 956072	
1085.18 30.84 35.29 962621	
1090.99 30.88 35.34 969168	
1093.84 30.86 35.39 975717	
1096.73 30.86 35.36 982265	
1098.73 30.89 35.40 988812	
1100.08 30.88 35.47 995361	
1101.81 30.89 35.47 1001908	
1105.66 30.88 35.45 1008455	
1108.11 30.91 35.46 1015005	
1108.44 30.92 35.50 1021552	
1108.01 30.92 35.43 1028101	
1110.29 30.94 35.45 1034649	
1111.99 30.94 35.50 1041197	
1113.11 30.94 35.49 1047745	
1114.90 30.95 35.38 1054292	
1116.38 30.96 35.40 1060843	
1117.59 30.95 35.39 1067392	
1122.26 30.98 35.40 1073939	
1124.15 30.98 35.37 1080487	
1125.78 30.98 35.40 1087036	
1127.55 31.01 35.37 1093583	
1129.78 31.01 35.44 1100132	
1127.70 30.99 35.41 1106679	
1131.21 31.01 35.45 1113227	
1132.10 31.01 35.45 1119775	
1134.54 31.02 35.49 1126323	
1135.60 31.03 35.45 1132871	
1137.39 31.05 35.48 1139420	
1140.02 31.05 35.48 1145967	
1141.80 31.06 35.50 1152516	
1142.76 31.06 35.49 1159063	
1144.26 31.05 35.51 1165611	
1144.91 31.08 35.66 1172162	
1148.13 31.06 35.65 1178710	
1148.78 31.09 35.60 1185258	
1150.31 31.11 35.65 1191806	
1153.16 31.09 35.69 1198354	
1153.23 31.09 35.67 1204902	
1156.26 31.12 35.75 1211450	
1161.54 31.11 35.76 1217997	
1165.37 31.13 35.80 1224546	
1172.17 31.13 35.87 1231093	
1175.21 31.12 35.90 1237642	
1177.22 31.12 35.87 1244190	
1179.64 31.15 35.91 1250738	
1179.36 31.12 35.94 1257286	
1182.89 31.16 36.00 1263834	
1188.09 31.15 36.06 1270381	
1188.59 31.16 36.08 1276930	
1192.11 31.16 36.09 1283480	
1193.90 31.16 36.11 1290029	
1197.39 31.18 36.14 1296577	
1201.76 31.16 36.16 1303124	
1205.32 31.16 36.15 1309673	
1208.18 31.18 36.13 1316220	
1211.71 31.19 36.13 1322787	
1213.35 31.21 36.16 1329337	
1216.24 31.22 36.18 1335883	
1218.18 31.19 36.11 1342433	
1217.96 31.22 36.07 1348981	
1220.39 31.21 36.08 1355529	
1222.66 31.21 36.12 1362077	
1223.38 31.23 36.05 1368625	
1225.09 31.23 36.09 1375172	
1226.35 31.25 36.14 1381721	
1226.54 31.23 36.15 1388268	
1229.25 31.26 36.20 1394828	
1231.16 31.25 36.25 1401376	
1233.22 31.25 36.31 1407924	
1236.52 31.26 36.41 1414472	
1238.70 31.25 36.33 1421020	
1240.88 31.26 36.25 1427567	
1243.51 31.28 36.24 1434116	
1245.61 31.26 36.24 1440663	
1248.02 31.28 36.29 1447212	
1250.28 31.29 36.25 1453760	
1251.99 31.28 36.27 1460307	
1254.35 31.28 36.26 1466856	
1256.06 31.29 36.33 1473403	
1258.52 31.29 36.31 1479951	
1257.67 31.29 36.30 1486499	
1259.45 31.32 36.27 1493046	
1262.93 31.32 36.35 1499595	
1264.78 31.32 36.34 1506147	
1268.65 31.34 36.34 1512694	
1269.10 31.29 36.27 1519243	
1271.56 31.32 36.24 1525790	
1272.67 31.33 36.17 1532338	
1271.43 31.32 36.15 1538886	
1272.32 31.34 36.21 1545434	
1274.19 31.34 36.26 1551982	
1273.69 31.34 36.28 1558530	
1275.09 31.36 36.28 1565077	
1276.25 31.32 36.25 1571625	
1276.28 31.33 36.28 1578173	
1278.56 31.37 36.26 1584720	
1280.31 31.36 36.25 1591269	
1282.57 31.36 36.26 1597816	
1284.31 31.37 36.29 1604365	
1284.77 31.34 36.30 1610912	
1286.56 31.36 36.33 1617463	
1287.43 31.37 36.37 1624012	
1289.96 31.37 36.42 1630559	
1290.43 31.37 36.40 1637107	
1293.34 31.39 36.41 1643656	
1297.56 31.39 36.41 1650203	
1299.21 31.39 36.46 1656753	
1301.13 31.40 36.46 1663299	
1302.82 31.37 36.60 1669847	
1305.39 31.40 36.55 1676395	
1308.92 31.40 36.59 1682942	
1311.79 31.42 36.63 1689492	
1314.94 31.42 36.65 1696040	
1319.72 31.39 36.69 1702588	
1325.48 31.40 36.66 1709136	
1332.29 31.42 36.64 1715684	
1341.69 31.43 36.64 1722231	
1344.04 31.42 36.65 1728783	
1346.41 31.44 36.65 1735330	
1350.03 31.42 36.65 1741879	
1349.67 31.43 36.64 1748427	
1351.48 31.43 36.57 1754975	
1352.59 31.43 36.58 1761523	
1352.98 31.44 36.60 1768071	
1353.22 31.47 36.58 1774617	
1353.77 31.46 36.57 1781167	
1356.16 31.47 36.56 1787713	
1355.40 31.43 36.68 1794263	
1356.57 31.44 36.68 1800811	
1357.50 31.47 36.71 1807357	
1356.82 31.44 36.73 1813907	
1358.29 31.46 36.77 1820453	
1359.21 31.47 36.83 1827001	
1359.32 31.46 36.87 1833549	
1361.98 31.49 36.85 1840101	
1363.16 31.49 36.90 1846649	
1363.99 31.47 36.82 1853197	
1366.02 31.51 36.82 1859743	
1366.98 31.50 36.79 1866293	
1369.64 31.49 36.70 1872839	
1371.14 31.49 36.70 1879388	
1372.90 31.49 36.71 1885937	
1372.53 31.49 36.71 1892484	
1374.35 31.50 36.75 1899033	
1374.62 31.51 36.70 1905580	
1376.66 31.51 36.89 1912127	
1378.89 31.53 36.84 1918675	
1379.67 31.50 36.95 1925223	
1381.78 31.53 36.93 1931771	
1384.86 31.51 36.91 1938321	
1387.30 31.50 36.92 1944867	
1390.35 31.53 36.80 1951420	
1392.60 31.53 36.75 1957967	
1392.76 31.51 36.76 1964514	
1392.74 31.53 36.78 1971063	
1394.23 31.53 36.76 1977610	
1395.50 31.57 36.81 1984159	
1396.27 31.53 36.75 1990708	
1398.84 31.54 36.76 1997255	
1399.47 31.54 36.74 2003804	
1399.83 31.54 36.78 2010351	
1400.02 31.53 36.78 2016898	
1401.18 31.54 36.79 2023446	
1400.86 31.54 36.76 2029995	
1402.93 31.53 36.75 2036543	
1403.36 31.57 36.77 2043090	
1403.28 31.57 36.73 2049637	
1404.73 31.59 36.76 2056186	
1405.32 31.56 36.74 2062756	
1405.75 31.54 36.76 2069305	
1406.12 31.57 36.77 2075853	
1406.17 31.57 36.77 2082401	
1405.30 31.56 36.79 2088949	
1405.20 31.57 36.86 2095497	
1406.37 31.56 36.78 2102044	
1407.41 31.56 36.77 2108593	
1409.61 31.56 36.87 2115140	
1410.65 31.61 36.86 2121689	
1410.80 31.59 36.86 2128237	
1411.99 31.57 36.90 2134785	
1412.38 31.57 36.88 2141333	
1412.70 31.59 36.88 2147880	
1414.41 31.60 36.88 2154428	
1413.88 31.59 36.87 2160976	
1413.29 31.59 36.93 2167524	
1414.12 31.61 36.94 2174076	
1415.12 31.61 36.92 2180625	
1417.26 31.60 36.93 2187172	
1416.80 31.59 36.95 2193728	
1418.69 31.60 37.00 2200275	
1421.80 31.60 36.97 2206823	
1421.52 31.61 37.07 2213371	
1422.27 31.63 37.08 2219919	
1422.21 31.61 37.08 2226467	
1423.46 31.61 37.10 2233016	
1424.67 31.63 37.11 2239563	
1426.56 31.61 37.17 2246112	
1427.59 31.63 37.15 2252659	
1428.74 31.60 37.07 2259207	
1429.63 31.61 37.12 2265755	
1431.39 31.63 37.10 2272303	
1432.26 31.63 37.08 2278851	
1433.82 31.64 37.15 2285403	
1435.27 31.63 37.09 2291950	
1436.38 31.61 37.14 2298499	
1437.95 31.64 37.13 2305046	
1439.51 31.66 37.22 2311593	
1439.74 31.66 37.19 2318142	
1441.15 31.64 37.18 2324689	
1441.18 31.64 37.21 2331238	
1442.41 31.66 37.15 2337785	
1444.14 31.66 37.23 2344333	
1445.50 31.64 37.25 2350881	
1447.65 31.64 37.25 2357429	
1446.92 31.64 37.24 2363977	
1447.21 31.66 37.27 2370526	
1447.79 31.67 37.23 2377073	
1448.49 31.66 37.24 2383623	
1448.86 31.66 37.24 2390169	
1451.16 31.66 37.29 2396717	
1452.00 31.64 37.28 2403263	
1454.05 31.64 37.30 2409810	
1455.98 31.66 37.35 2416359	
1456.17 31.66 37.38 2422907	
1457.50 31.66 37.45 2429455	
1458.41 31.67 37.41 2436003	
1459.93 31.67 37.47 2442551	
1463.11 31.69 37.45 2449098	
1463.79 31.67 37.48 2455647	
1467.60 31.67 37.44 2462194	
1469.69 31.66 37.44 2468743	
1471.14 31.69 37.45 2475291	
1472.27 31.66 37.43 2481838	
1475.17 31.71 37.43 2488387	
1476.06 31.67 37.42 2494934	
1478.52 31.71 37.56 2501481	
1481.51 31.69 37.59 2508029	
1487.46 31.70 37.66 2514580	
1490.80 31.69 37.65 2521128	
1494.06 31.69 37.72 2527676	
1497.68 31.69 37.74 2534223	
1501.62 31.70 37.67 2540772	
1506.66 31.70 37.80 2547319	
1510.71 31.70 37.88 2553868	
1512.66 31.71 37.95 2560416	
1515.78 31.71 37.95 2566964	
1517.91 31.70 37.93 2573512	
1518.99 31.73 37.94 2580060	
1522.29 31.71 37.96 2586607	
1526.04 31.74 38.03 2593156	
1528.83 31.73 38.02 2599702	
1530.12 31.71 38.07 2606252	
1531.12 31.73 38.04 2612800	
1533.65 31.71 38.03 2619346	
1537.22 31.71 38.11 2625899	
1541.95 31.73 38.11 2632446	
1548.24 31.71 38.17 2638993	
1550.88 31.71 38.08 2645541	
1555.68 31.73 38.17 2652089	
1563.23 31.73 38.15 2658637	
1565.37 31.71 38.21 2665186	
1569.16 31.74 38.22 2671733	
1573.07 31.73 38.25 2678283	
1573.53 31.73 38.30 2684829	
1576.19 31.73 38.35 2691377	
1577.91 31.74 38.31 2697925	
1583.56 31.73 38.30 2704473	
1588.39 31.76 38.29 2711021	
1589.38 31.76 38.20 2717569	
1595.60 31.76 38.38 2724116	
1600.10 31.74 38.46 2730664	
1602.46 31.74 38.41 2737215	
1604.48 31.73 38.48 2743763	
1606.01 31.74 38.40 2750312	
1607.54 31.76 38.37 2756859	
1608.89 31.76 38.35 2763408	
1609.58 31.76 38.37 2769955	
1610.79 31.77 38.34 2776502	
1609.45 31.76 38.37 2783051	
1607.77 31.76 38.35 2789598	
1607.46 31.78 38.37 2796147	
1609.05 31.77 38.46 2802696	
1608.36 31.78 38.47 2809263	
1608.74 31.80 38.45 2815811	
1608.82 31.76 38.49 2822359	
1610.98 31.77 38.53 2828906	
1613.52 31.77 38.54 2835454	
1614.29 31.80 38.50 2842002	
1616.77 31.77 38.47 2848553	
1616.97 31.77 38.48 2855101	
1618.08 31.76 38.45 2861648	
1619.43 31.80 38.41 2868197	
1619.76 31.80 38.50 2874743	
1619.83 31.78 38.48 2881293	
1621.91 31.80 38.43 2887841	
1623.91 31.77 38.42 2894388	
1622.79 31.77 38.53 2900936	
1622.81 31.78 38.57 2907484	
1624.06 31.78 38.63 2914031	
1625.87 31.80 38.58 2920580	
1627.19 31.78 38.53 2927127	
1628.47 31.80 38.57 2933676	
1628.90 31.83 38.57 2940224	
1630.57 31.80 38.66 2946771	
1631.18 31.78 38.61 2953320	
1631.84 31.78 38.59 2959870	
1632.29 31.78 38.56 2966418	
1632.09 31.81 38.56 2972966	
1632.63 31.78 38.49 2979514	
1632.18 31.80 38.52 2986062	
1633.45 31.80 38.56 2992610	
1634.02 31.80 38.52 2999164	
1633.64 31.83 38.50 3005714	
1632.78 31.80 38.51 3012260	
1632.97 31.81 38.50 3018810	
1631.66 31.81 38.45 3025358	
1630.78 31.80 38.46 3031905	
1631.23 31.80 38.46 3038454	
1631.38 31.80 38.50 3045001	
1632.07 31.81 38.46 3051548	
1632.73 31.80 38.43 3058097	
1631.48 31.81 38.41 3064644	
1630.65 31.83 38.42 3071197	
1629.55 31.83 38.41 3077745	
1628.32 31.83 38.40 3084293	
1628.41 31.83 38.35 3090841	
1626.96 31.83 38.40 3097388	
1623.92 31.84 38.41 3103935	
1622.36 31.83 38.47 3110483	
1620.99 31.83 38.49 3117031	
1619.38 31.83 38.51 3123579	
1618.51 31.83 38.57 3130134	
1617.54 31.83 38.66 3136681	
1618.51 31.81 38.67 3143230	
1618.86 31.85 38.75 3149777	
1621.15 31.83 38.85 3156325	
1624.08 31.81 38.85 3162873	
1630.27 31.84 38.91 3169421	
1640.55 31.83 38.93 3175969	
1652.29 31.84 38.99 3182520	
1660.08 31.83 38.97 3189066	
1672.39 31.85 38.94 3195615	
1685.39 31.84 38.98 3202162	
1691.96 31.83 39.02 3208713	
1695.46 31.84 39.03 3215261	
1700.74 31.84 39.03 3221809	
1699.97 31.84 39.11 3228357	
1702.10 31.84 39.14 3234904	
1707.94 31.85 39.19 3241451	
1716.08 31.84 39.16 3248000	
1717.85 31.84 39.15 3254547	
1717.51 31.84 39.11 3261095	
1718.46 31.85 39.05 3267644	
1718.80 31.84 38.90 3274191	
1717.86 31.84 38.88 3280740	
1715.01 31.84 38.84 3287287	
1712.40 31.84 38.84 3293838	
1710.77 31.84 38.80 3300386	
1707.07 31.87 38.69 3306934	
1705.33 31.85 38.65 3313482	
1702.81 31.83 38.66 3320031	
1697.89 31.84 38.82 3326578	
1696.69 31.84 38.89 3333127	
1695.78 31.84 38.95 3339674	
1695.14 31.85 38.95 3346222	
1693.25 31.85 38.93 3352770	
1694.03 31.85 38.90 3359318	
1693.77 31.87 38.92 3365866	
1694.00 31.84 38.95 3372414	
1693.90 31.85 39.00 3378961	
1693.18 31.85 38.98 3385509	
1694.11 31.87 39.00 3392057	
1693.75 31.84 39.00 3398604	
1693.75 31.85 39.04 3405156	
1692.81 31.87 39.02 3411703	
1692.66 31.88 39.11 3418252	
1692.49 31.85 39.05 3424800	
1692.89 31.87 39.05 3431347	
1693.24 31.87 39.09 3437895	
1692.70 31.87 39.12 3444443	
1693.82 31.88 39.13 3450990	
1694.40 31.88 39.14 3457539	
1695.42 31.87 39.13 3464085	
1696.60 31.87 39.05 3470633	
1697.00 31.88 39.00 3477181	
1696.79 31.87 39.05 3483728	
1696.91 31.85 39.06 3490277	
1696.19 31.85 39.08 3496824	
1695.60 31.87 39.09 3503372	
1695.03 31.85 39.11 3509920	
1695.91 31.88 39.12 3516471	
1695.38 31.88 39.17 3523019	
1696.22 31.87 39.12 3529567	
1695.36 31.88 39.16 3536114	
1695.06 31.88 39.23 3542663	
1695.20 31.87 39.25 3549231	
1696.36 31.88 39.25 3555780	
1696.89 31.90 39.31 3562329	
1698.04 31.88 39.36 3568876	
1700.59 31.87 39.36 3575425	
1701.80 31.87 39.41 3581972	
1704.81 31.87 39.33 3588518	
1707.81 31.90 39.32 3595068	
1711.85 31.88 39.36 3601614	
1714.75 31.88 39.34 3608164	
1718.02 31.88 39.34 3614712	
1721.17 31.90 39.43 3621260	
1721.80 31.87 39.48 3627811	
1724.47 31.90 39.58 3634359	
1726.71 31.91 39.64 3640906	
1729.23 31.88 39.63 3647455	
1736.63 31.88 39.67 3654002	
1741.67 31.90 39.67 3660551	
1749.61 31.88 39.72 3667099	
1754.03 31.88 39.74 3673647	
1758.24 31.91 39.72 3680196	
1766.50 31.90 39.80 3686743	
1777.47 31.88 39.78 3693290	
1784.84 31.88 39.77 3699838	
1795.14 31.91 39.77 3706386	
1795.62 31.90 39.87 3712934	
1801.77 31.88 39.79 3719482	
1806.03 31.90 39.65 3726029	
1809.16 31.90 39.76 3732578	
1810.31 31.87 39.77 3739128	
1812.78 31.90 39.80 3745678	
1816.04 31.92 39.84 3752226	
1819.66 31.90 39.90 3758774	
1821.25 31.91 39.87 3765322	
1822.00 31.91 39.91 3771870	
1825.53 31.91 39.91 3778417	
1825.33 31.91 39.94 3784966	
1828.35 31.92 40.04 3791513	
1829.96 31.91 40.15 3798069	
1831.89 31.91 40.06 3804618	
1834.70 31.91 40.04 3811166	
1836.25 31.91 40.08 3817714	
1838.76 31.92 40.06 3824262	
1841.81 31.90 39.95 3830809	
1843.43 31.91 39.96 3837358	
1845.06 31.90 40.01 3843905	
1845.66 31.92 40.05 3850457	
1847.36 31.91 40.05 3857004	
1846.83 31.91 40.04 3863552	
1845.82 31.91 40.01 3870100	
1845.93 31.94 40.03 3876647	
1847.36 31.92 40.11 3883195	
1849.01 31.91 40.00 3889743	
1847.31 31.91 39.89 3896291	
1846.99 31.92 39.91 3902839	
1845.97 31.90 39.91 3909387	
1845.82 31.92 39.87 3915934	
1844.52 31.92 39.85 3922483	
1842.79 31.92 39.94 3929030	
1841.79 31.91 39.91 3935579	
1839.50 31.92 39.94 3942127	
1837.28 31.91 39.89 3948675	
1836.61 31.94 39.94 3955223	
1835.38 31.92 39.91 3961775	
1833.29 31.94 40.03 3968321	
1832.90 31.92 40.00 3974871	
1834.77 31.94 39.99 3981417	
1834.98 31.94 39.99 3987966	
1833.87 31.94 40.03 3994515	
1835.42 31.92 40.19 4001062	
1835.19 31.95 40.22 4007611	
1837.69 31.95 40.19 4014158	
1839.41 31.95 40.15 4020705	
1840.47 31.95 40.18 4027254	
1842.96 31.95 40.31 4033802	
1848.22 31.94 40.35 4040350	
1863.76 31.94 40.34 4046899	
1865.54 31.97 40.36 4053446	
1874.63 31.94 40.39 4059995	
1874.25 31.98 40.38 4066542	
1881.50 31.92 40.16 4073090	
1882.86 31.95 40.07 4079636	
1877.69 31.92 40.13 4086182	
1879.93 31.95 40.13 4092732	
1881.06 31.94 40.10 4099278	
1879.42 31.97 40.03 4105826	
1873.44 31.97 40.03 4112375	
1871.02 31.97 40.09 4118923	
1869.83 31.95 40.13 4125471	
1868.18 31.94 40.00 4132020	
1864.13 31.97 40.02 4138567	
1862.23 31.97 40.27 4145116	
1863.45 31.98 40.35 4151663	
1864.72 31.97 40.34 4158211	
1865.27 31.98 40.38 4164759	
1868.40 31.95 40.39 4171307	
1870.54 31.97 40.48 4177855	
1871.15 31.98 40.50 4184403	
1873.93 31.95 40.48 4190954	
1875.09 31.98 40.42 4197504	
1876.67 31.95 40.51 4204051	
1881.78 31.97 40.56 4210598	
1884.12 31.97 40.55 4217147	
1886.83 31.97 40.55 4223694	
1889.28 31.99 40.50 4230243	
1891.93 31.97 40.48 4236791	
1894.42 31.99 40.42 4243339	
1893.90 31.98 40.46 4249887	
1895.60 31.98 40.52 4256435	
1898.32 31.98 40.51 4262982	
1897.92 31.97 40.57 4269531	
1901.86 31.98 40.55 4276078	
1902.85 31.98 40.65 4282627	
1905.41 31.98 40.60 4289196	
1908.96 31.98 40.42 4295743	
1909.56 31.99 40.40 4302295	
1912.18 31.98 40.38 4308842	
1913.17 31.98 40.36 4315390	
1913.09 31.99 40.44 4321939	
1914.42 31.98 40.50 4328486	
1916.79 31.98 40.54 4335035	
1919.04 31.98 40.45 4341582	
1920.38 31.98 40.38 4348130	
1921.49 31.99 40.46 4354678	
1922.22 31.98 40.45 4361226	
1922.99 31.99 40.46 4367774	
1922.65 31.97 40.45 4374324	
1923.52 31.98 40.41 4380871	
1924.27 31.99 40.51 4387420	
1925.04 31.98 40.66 4393967	
1925.76 31.99 40.63 4400515	
1926.35 31.98 40.65 4407063	
1926.51 31.99 40.54 4413614	
1928.58 31.99 40.61 4420162	
1928.97 31.98 40.68 4426710	
1931.11 32.01 40.75 4433257	
1932.00 32.03 40.73 4439805	
1934.72 31.99 40.74 4446353	
1935.02 32.03 40.75 4452901	
1937.54 31.99 40.76 4459450	
1937.16 32.01 40.70 4465997	
1938.40 32.03 40.75 4472546	
1939.34 31.99 40.76 4479093	
1941.27 32.03 40.75 4485641	
1944.25 32.01 40.73 4492189	
1946.63 32.04 40.73 4498737	
1947.38 32.01 40.75 4505285	
1948.40 32.01 40.61 4511834	
1949.13 32.03 40.43 4518381	
1950.32 32.01 40.45 4524934	
1950.29 31.99 40.44 4531481	
1948.10 32.01 40.44 4538028	
1948.22 32.03 40.45 4544577	
1948.06 32.01 40.45 4551123	
1946.59 32.04 40.39 4557673	
1947.10 32.01 40.40 4564226	
1944.97 32.01 40.42 4570773	
1943.11 32.01 40.37 4577321	
1941.81 32.03 40.41 4583869	
1940.58 32.03 40.43 4590416	
1939.03 32.04 40.38 4596973	
1936.40 32.03 40.43 4603521	
1936.11 32.04 40.43 4610069	
1934.65 32.03 40.44 4616616	
1933.57 32.03 40.40 4623164	
1932.32 32.03 40.40 4629712	
1932.66 32.04 40.41 4636263	
1930.49 32.05 40.41 4642811	
1929.51 32.01 40.36 4649360	
1928.41 32.04 40.30 4655907	
1926.97 32.03 40.33 4662456	
1926.34 32.03 40.38 4669003	
1924.57 32.03 40.34 4675551	
1923.98 32.04 40.32 4682099	
1921.38 32.05 40.30 4688647	
1919.80 32.05 40.37 4695195	
1919.17 32.03 40.34 4701743	
1917.81 32.04 40.38 4708290	
1916.49 32.05 40.38 4714839	
1915.00 32.05 40.48 4721386	
1914.76 32.05 40.48 4727934	
1913.70 32.04 40.44 4734483	
1912.33 32.07 40.48 4741030	
1912.48 32.04 40.49 4747582	
1912.18 32.03 40.55 4754129	
1913.86 32.05 40.55 4760677	
1915.08 32.08 40.56 4767225	
1916.47 32.04 40.58 4773773	
1917.36 32.05 40.63 4780321	
1918.06 32.07 40.57 4786870	
1921.17 32.05 40.58 4793416	
1923.77 32.07 40.72 4799966	
1926.09 32.05 40.73 4806512	
1931.00 32.07 40.77 4813060	
1934.02 32.07 40.79 4819608	
1939.37 32.05 40.84 4826156	
1943.68 32.05 40.84 4832705	
1944.99 32.07 40.88 4839251	
1951.76 32.07 40.92 4845799	
1956.20 32.07 40.97 4852347	
1961.83 32.08 40.98 4858899	
1969.08 32.07 40.92 4865447	
1975.31 32.07 40.96 4871996	
1981.45 32.08 40.98 4878543	
1981.99 32.05 41.06 4885092	
1984.38 32.08 41.10 4891639	
1990.34 32.07 41.11 4898187	
1996.76 32.10 41.12 4904735	
2001.35 32.04 41.10 4911283	
2005.15 32.07 41.06 4917831	
2011.71 32.07 41.00 4924380	
2019.95 32.07 40.96 4930927	
2021.48 32.10 40.97 4937476	
2022.70 32.08 40.95 4944023	
2021.49 32.12 41.03 4950571	
2021.45 32.07 41.06 4957119	
2022.29 32.08 41.07 4963665	
2023.38 32.07 41.15 4970218	
2023.49 32.07 41.16 4976765	
2025.00 32.05 41.09 4983313	
2024.82 32.07 41.15 4989861	
2025.96 32.08 41.10 4996409	
2024.27 32.08 41.10 5002957	
2025.36 32.10 41.11 5009506	
2025.74 32.08 41.15 5016053	
2028.80 32.07 41.13 5022602	
2029.58 32.07 41.13 5029170	
2029.48 32.08 41.10 5035717	
2029.04 32.08 41.09 5042267	
2028.39 32.10 41.02 5048813	
2028.74 32.08 41.07 5055362	
2027.72 32.08 41.09 5061910	
2028.78 32.08 41.07 5068457	
2028.57 32.10 41.07 5075006	
2029.09 32.08 41.17 5081556	
2030.14 32.08 41.22 5088105	
2029.91 32.10 41.26 5094653	
2029.44 32.08 41.25 5101201	
2030.23 32.07 41.32 5107749	
2031.87 32.10 41.26 5114297	
2033.11 32.10 41.28 5120844	
2033.92 32.07 41.26 5127393	
2036.23 32.10 41.31 5133940	
2036.77 32.08 41.22 5140489	
2037.28 32.08 41.17 5147037	
2037.68 32.07 41.15 5153585	
2036.26 32.08 41.15 5160133	
2035.53 32.10 41.19 5166681	
2033.51 32.10 41.12 5173228	
2033.37 32.10 41.07 5179777	
2033.84 32.11 41.14 5186324	
2033.83 32.10 41.11 5192876	
2033.42 32.10 41.11 5199423	
2033.37 32.11 41.09 5205970	
2031.88 32.10 41.06 5212519	
2030.27 32.08 41.05 5219066	
2030.02 32.10 41.02 5225615	
2029.47 32.08 41.09 5232163	
2029.01 32.08 41.00 5238711	
2025.69 32.08 41.01 5245259	
2023.67 32.11 41.04 5251807	
2020.46 32.10 41.09 5258354	
2021.59 32.11 41.01 5264903	
2018.72 32.10 41.02 5271450	
2017.88 32.12 41.09 5277999	
2017.21 32.11 41.07 5284547	
2016.45 32.12 41.04 5291095	
2016.14 32.08 41.06 5297643	
2015.24 32.11 41.10 5304194	
2011.62 32.12 41.04 5310741	
2011.49 32.12 41.03 5317289	
2010.93 32.12 40.99 5323837	
2010.95 32.12 40.96 5330385	
2007.82 32.11 41.03 5336933	
2006.16 32.11 40.95 5343480	
2006.08 32.14 40.90 5350029	
2002.48 32.10 40.76 5356576	
1999.79 32.12 40.81 5363125	
1999.53 32.11 40.84 5369673	
1995.95 32.10 40.85 5376221	
1995.01 32.10 40.80 5382769	
1993.35 32.12 40.78 5389317	
1991.73 32.11 40.75 5395871	
1989.52 32.10 40.73 5402420	
1987.71 32.12 40.71 5408967	
1985.89 32.10 40.63 5415520	
1982.55 32.11 40.52 5422071	
1978.36 32.12 40.44 5428619	
1977.16 32.11 40.40 5435167	
1974.81 32.11 40.36 5441715	
1971.63 32.12 40.29 5448262	
1961.66 32.11 40.28 5454811	
1936.57 32.10 40.27 5461358	
1923.76 32.11 40.27 5467907	
1909.30 32.11 40.27 5474454	
1901.56 32.11 40.12 5481001	
1893.62 32.08 40.09 5487550	
1886.35 32.12 40.06 5494097	
1881.78 32.10 40.02 5500646	
1875.80 32.11 39.85 5507194	
1862.57 32.08 39.69 5513742	
1786.63 32.11 39.53 5520290	
1780.97 32.10 39.76 5526841	
1769.11 32.10 39.77 5533388	
1766.27 32.12 39.75 5539937	
1763.35 32.08 39.72 5546484	
1765.98 32.10 39.58 5553033	
1758.69 32.07 39.38 5559581	
1750.64 32.11 39.16 5566129	
1744.59 32.11 39.05 5572677	
1732.81 32.08 39.10 5579225	
1708.53 32.10 39.15 5585772	
1685.79 32.08 39.11 5592321	
1662.50 32.07 39.10 5598868	
1655.69 32.08 39.19 5605416	
1646.22 32.08 39.14 5611965	
1646.82 32.08 39.11 5618512	
1644.41 32.08 39.13 5625061	
1641.22 32.08 39.06 5631608	
1639.40 32.08 39.09 5638159	
1635.96 32.08 39.01 5644707	
1635.20 32.07 38.95 5651255	
1634.04 32.07 38.84 5657803	
1632.53 32.04 38.91 5664351	
1630.29 32.07 38.86 5670898	
1630.93 32.05 38.87 5677447	
1631.02 32.05 38.80 5683994	
1629.08 32.05 38.72 5690543	
1626.46 32.04 38.67 5697091	
1626.35 32.05 38.71 5703639	
1624.19 32.07 38.76 5710187	
1622.23 32.07 38.71 5716734	
1619.44 32.04 38.62 5723282	
1617.09 32.04 38.56 5729830	
1612.39 32.01 38.53 5736378	
1607.85 32.04 38.47 5742926	
1601.08 32.03 38.39 5749475	
1569.94 32.03 38.38 5756020	
1544.98 32.04 38.37 5762569	
1526.60 32.03 38.33 5769137	
1523.94 32.01 38.27 5775684	
1516.69 32.04 38.32 5782233	
1507.90 32.03 38.22 5788780	
1506.14 32.03 38.17 5795329	
1504.62 32.01 38.08 5801876	
1500.43 32.01 38.02 5808423	
1494.28 32.04 37.97 5814972	
1489.46 31.99 37.96 5821519	
1483.48 32.01 37.95 5828068	
1477.41 32.03 37.90 5834616	
1459.64 32.03 37.86 5841164	
1438.30 32.01 37.81 5847712	
1422.08 31.98 37.80 5854260	
1419.06 32.01 37.79 5860807	
1414.53 32.01 37.80 5867359	
1408.68 31.99 37.75 5873906	
1406.12 31.99 37.73 5880455	
1405.46 31.98 37.72 5887003	
1406.44 31.97 37.70 5893551	
1403.68 31.98 37.66 5900099	
1401.24 31.97 37.58 5906647	
1397.93 31.97 37.57 5913194	
1395.71 31.95 37.56 5919742	
1390.60 31.97 37.50 5926290	
1387.88 31.98 37.45 5932838	
1384.40 31.97 37.44 5939386	
1381.01 31.97 37.40 5945933	
1376.46 31.97 37.37 5952482	
1368.58 31.95 37.32 5959029	
1355.82 31.97 37.28 5965578	
1331.56 31.97 37.27 5972126	
1314.88 31.98 37.30 5978677	
1310.15 31.95 37.22 5985225	
1306.40 31.97 37.25 5991773	
1300.85 31.97 37.20 5998320	
1298.69 31.94 37.16 6004869	
1293.70 31.92 37.13 6011415	
1292.83 31.95 37.11 6017964	
1290.86 31.95 37.06 6024513	
1284.77 31.94 37.03 6031059	
1282.40 31.95 37.03 6037608	
1280.02 31.94 37.03 6044155	
1276.62 31.94 37.07 6050703	
1276.01 31.92 37.04 6057251	
1273.60 31.94 36.93 6063799	
1271.06 31.91 36.89 6070347	
1263.54 31.92 36.80 6076896	
1261.02 31.94 36.80 6083443	
1252.86 31.91 36.81 6089995	
1251.28 31.92 36.78 6096542	
1245.84 31.91 36.76 6103090	
1242.44 31.91 36.80 6109638	
1236.34 31.94 36.81 6116186	
1232.24 31.90 36.86 6122734	
1230.04 31.91 36.80 6129282	
1228.83 31.92 36.81 6135829	
1227.30 31.92 36.74 6142377	
1226.90 31.91 36.73 6148925	
1226.06 31.90 36.63 6155473	
1222.75 31.90 36.54 6162022	
1220.84 31.90 36.54 6168569	
1218.16 31.88 36.54 6175118	
1215.37 31.91 36.49 6181665	
1212.12 31.92 36.44 6188212	
1207.97 31.90 36.42 6194761	
1205.37 31.88 36.37 6201319	
1200.93 31.91 36.47 6207867	
1190.49 31.91 36.47 6214416	
1167.74 31.90 36.42 6220963	
1159.92 31.90 36.36 6227512	
1156.80 31.88 36.35 6234059	
1151.02 31.90 36.49 6240607	
1150.42 31.88 36.52 6247155	
1151.77 31.91 36.51 6253703	
1153.84 31.88 36.47 6260251	
1155.06 31.90 36.47 6266799	
1156.31 31.88 36.40 6273346	
1154.90 31.90 36.34 6279895	
1153.44 31.88 36.31 6286442	
1151.88 31.88 36.30 6292990	
1150.39 31.88 36.27 6299539	
1148.24 31.87 36.25 6306086	
1145.36 31.87 36.21 6312638	
1144.47 31.87 36.20 6319185	
1142.83 31.85 36.23 6325733	
1141.06 31.87 36.16 6332281	
1138.76 31.88 36.17 6338828	
1136.79 31.87 36.13 6345377	
1134.15 31.84 36.11 6351926	
1131.74 31.85 36.06 6358473	
1129.72 31.85 36.11 6365022	
1128.05 31.85 36.13 6371569	
1127.01 31.85 36.09 6378116	
1125.20 31.87 36.10 6384664	
1123.99 31.84 36.15 6391212	
1122.83 31.85 36.12 6397760	
1122.16 31.84 36.21 6404307	
1119.81 31.85 36.17 6410855	
1118.29 31.85 36.15 6417403	
1118.12 31.87 36.03 6423954	
1116.86 31.85 36.04 6430502	
1118.34 31.87 35.94 6437051	
1116.56 31.84 35.88 6443598	
1114.57 31.85 35.92 6450147	
1112.35 31.84 35.95 6456694	
1109.95 31.83 36.02 6463242	
1108.08 31.84 36.03 6469790	
1107.74 31.85 36.01 6476338	
1105.52 31.85 36.03 6482886	
1103.87 31.84 36.02 6489435	
1103.42 31.85 35.98 6495982	
1101.42 31.83 35.97 6502531	
1101.27 31.81 35.90 6509099	
1099.33 31.81 35.84 6515646	
1097.85 31.84 35.75 6522194	
1094.73 31.84 35.73 6528742	
1091.51 31.81 35.75 6535294	
1085.46 31.80 35.74 6541841	
1079.76 31.84 35.75 6548388	
1069.71 31.84 35.67 6554937	
1065.70 31.84 35.67 6561484	
1060.02 31.85 35.64 6568033	
1055.22 31.83 35.65 6574582	
1048.84 31.83 35.66 6581129	
1047.51 31.83 35.60 6587677	
1043.90 31.83 35.63 6594225	
1040.70 31.81 35.59 6600772	
1038.17 31.83 35.58 6607321	
1030.70 31.80 35.60 6613868	
1028.63 31.80 35.52 6620417	
1024.33 31.84 35.49 6626965	
1021.96 31.84 35.57 6633512	
1021.10 31.84 35.49 6640061	
1019.61 31.83 35.40 6646611	
1018.00 31.84 35.39 6653159	
1014.73 31.81 35.36 6659707	
1013.47 31.80 35.33 6666255	
1011.80 31.81 35.39 6672803	
1011.15 31.81 35.39 6679351	
1006.35 31.78 35.42 6685898	
1003.22 31.81 35.35 6692447	
1001.19 31.81 35.39 6698994	
1000.52 31.83 35.38 6705543	
1000.10 31.80 35.36 6712091	
998.30 31.81 35.36 6718639	
998.25 31.80 35.37 6725187	
996.71 31.81 35.38 6731734	
996.00 31.81 35.46 6738281	
994.99 31.80 35.36 6744829	
993.67 31.80 35.30 6751377	
991.49 31.81 35.31 6757928	
990.45 31.80 35.26 6764477	
989.28 31.80 35.35 6771024	
988.56 31.78 35.26 6777573	
989.14 31.80 35.27 6784120	
989.20 31.81 35.22 6790667	
987.42 31.80 35.20 6797215	
986.27 31.77 35.19 6803763	
986.07 31.78 35.17 6810311	
984.68 31.78 35.17 6816859	
983.02 31.78 35.15 6823405	
981.26 31.77 35.10 6829954	
980.10 31.77 35.12 6836501	
979.09 31.80 35.08 6843049	
977.45 31.78 35.07 6849598	
975.83 31.77 35.07 6856145	
973.77 31.78 35.04 6862694	
972.43 31.77 35.07 6869241	
970.81 31.77 35.02 6875792	
969.57 31.78 35.07 6882340	
969.29 31.77 35.06 6888887	
968.21 31.78 35.02 6895435	
967.36 31.78 34.98 6901984	
965.70 31.78 35.01 6908531	
964.39 31.76 34.98 6915080	
962.62 31.77 35.03 6921627	
960.23 31.78 35.03 6928175	
957.99 31.80 35.01 6934723	
951.45 31.77 35.03 6941270	
946.12 31.77 34.99 6947818	
945.74 31.77 35.06 6954366	
944.42 31.77 35.15 6960914	
946.01 31.77 35.19 6967462	
945.61 31.76 35.11 6974010	
945.02 31.74 35.03 6980557	
946.67 31.76 35.06 6987106	
945.87 31.77 34.99 6993664	
944.29 31.77 34.99 7000212	
943.64 31.78 34.91 7006759	
942.99 31.76 34.89 7013306	
942.28 31.76 34.94 7019854	
939.91 31.76 34.89 7026402	
940.83 31.78 34.88 7032950	
939.80 31.77 34.91 7039499	
937.95 31.77 34.99 7046045	
937.54 31.78 35.07 7052594	
937.93 31.77 34.98 7059141	
937.88 31.76 34.85 7065689	
937.38 31.77 34.84 7072236	
937.85 31.78 34.83 7078784	
936.76 31.76 34.83 7085332	
936.67 31.77 34.94 7091880	
935.00 31.76 35.03 7098428	
935.63 31.74 35.03 7104989	
