566.30 23402	
566.57 25426	
568.13 27450	
572.53 29474	
575.66 31499	
577.37 33523	
580.11 35547	
581.27 37571	
585.86 39596	
586.07 43624	
587.65 45646	
587.40 47670	
588.86 49692	
590.41 51716	
592.21 53738	
594.54 55761	
595.91 57784	
597.27 59807	
599.27 61832	
600.43 63856	
602.37 65880	
603.74 67904	
604.43 69928	
604.91 71953	
605.24 73977	
605.82 76001	
607.01 78025	
606.43 82051	
606.38 84077	
606.38 86099	
606.24 88123	
607.09 90145	
606.15 92169	
606.43 94191	
606.45 96215	
605.56 98237	
604.40 100268	
604.22 102292	
604.13 104316	
604.04 106340	
603.81 108364	
603.09 110389	
602.69 112413	
602.14 114438	
601.26 116462	
601.43 118487	
601.77 122515	
601.33 124537	
601.39 126561	
600.65 128583	
600.37 130607	
599.78 132630	
599.19 134652	
598.82 136676	
598.74 138698	
597.80 140723	
597.54 142747	
597.08 144772	
596.89 146796	
596.97 148820	
596.19 150844	
596.34 152868	
596.79 154893	
595.97 156917	
596.43 160943	
596.32 162963	
596.21 164986	
596.26 167009	
596.41 169032	
595.81 171055	
596.45 173078	
596.08 175100	
595.41 177124	
596.50 179148	
596.84 181173	
597.39 183197	
597.18 185221	
597.55 187245	
598.03 189270	
598.35 191294	
597.95 193318	
597.91 195343	
597.78 197366	
598.37 201395	
599.18 203418	
599.28 205441	
600.14 207464	
599.69 209487	
599.52 211510	
600.06 213533	
600.83 215556	
601.42 217579	
601.99 219603	
603.03 221628	
603.73 223652	
603.74 225676	
604.03 227700	
604.06 229725	
604.27 231749	
605.16 233774	
605.70 235817	
606.36 237845	
607.24 241870	
607.87 243894	
608.80 245916	
609.82 247940	
609.22 249970	
610.23 251993	
610.62 254016	
611.32 256038	
612.07 258062	
613.23 260086	
614.14 262111	
615.05 264135	
614.91 266159	
615.85 268183	
616.54 270208	
617.09 272232	
618.39 274256	
619.45 276284	
620.15 278308	
621.98 282333	
622.63 284356	
623.93 286380	
625.65 288402	
627.12 290425	
627.44 292448	
628.78 294471	
630.07 296495	
630.13 298517	
630.75 300541	
631.36 302566	
633.31 304590	
634.25 306615	
634.43 308638	
634.72 310663	
635.12 312687	
635.18 314712	
635.90 316739	
636.84 320764	
636.96 322787	
638.21 324810	
638.33 326834	
639.02 328856	
639.47 330880	
640.31 332902	
641.36 334925	
642.40 336949	
642.83 338973	
643.24 340997	
642.80 343021	
642.10 345046	
642.11 347070	
644.39 349094	
644.91 351119	
645.43 353142	
645.28 355171	
645.63 357194	
645.50 361220	
646.00 363243	
646.45 365265	
645.87 367289	
645.65 369311	
645.69 371335	
646.43 373358	
647.28 375380	
647.36 377404	
647.49 379428	
648.67 381452	
649.03 383476	
648.77 385501	
649.45 387525	
650.50 389550	
650.08 391574	
650.80 393602	
651.43 395625	
652.43 397649	
653.26 401675	
653.31 403698	
653.55 405721	
655.37 407744	
656.24 409767	
657.42 411790	
658.53 413813	
658.86 415836	
659.37 417859	
659.95 419884	
661.08 421907	
661.24 423931	
662.99 425956	
664.26 427980	
664.38 430005	
666.20 432029	
667.36 434051	
667.97 436075	
667.82 438099	
667.56 442124	
668.01 444147	
670.23 446170	
671.04 448193	
671.99 450216	
673.07 452239	
672.39 454262	
672.73 456285	
673.11 458308	
673.59 460333	
674.40 462356	
674.29 464380	
675.42 466405	
676.62 468429	
676.15 470454	
676.23 472481	
677.38 474506	
677.46 476550	
677.83 478574	
678.90 482599	
679.44 484622	
679.54 486645	
680.34 488668	
679.60 490691	
679.69 492715	
680.30 494737	
682.11 496760	
682.54 498783	
684.07 500807	
685.39 502832	
685.81 504856	
686.32 506881	
686.41 508904	
687.46 510939	
688.52 512963	
688.90 514988	
689.36 517012	
690.06 519036	
691.43 523061	
692.17 525084	
692.22 527108	
691.94 529130	
692.99 531153	
693.51 533176	
693.72 535199	
693.96 537222	
694.40 539245	
695.77 541270	
696.57 543294	
698.09 545317	
699.74 547342	
701.25 549369	
702.21 551394	
705.38 553418	
707.30 555443	
710.28 557467	
712.18 559492	
712.19 563516	
712.78 565539	
713.74 567562	
716.76 569585	
721.34 571608	
725.04 573631	
724.76 575654	
730.56 577677	
730.56 579700	
734.63 581725	
736.79 583749	
735.51 585773	
736.26 587797	
737.02 589825	
736.09 591849	
739.69 593873	
742.32 595898	
743.23 597922	
743.14 599946	
743.14 603971	
745.09 605995	
744.71 608017	
746.95 610040	
745.40 612063	
746.87 614086	
746.67 616109	
747.01 618132	
747.27 620154	
747.66 622179	
747.09 624203	
746.19 626228	
744.82 628255	
743.95 630280	
744.00 632304	
743.78 634328	
742.78 636352	
742.09 638376	
741.40 640401	
741.04 644425	
741.02 646449	
741.10 648472	
741.59 650494	
740.54 652518	
741.19 654540	
740.89 656564	
740.17 658586	
739.50 660610	
739.46 662634	
738.94 664658	
738.79 666686	
738.40 668709	
738.07 670734	
737.61 672758	
737.43 674783	
736.83 676807	
737.34 678831	
737.36 680855	
736.27 684880	
735.96 686903	
736.11 688926	
736.32 690950	
736.06 692972	
735.69 694995	
735.71 697018	
735.41 699041	
735.18 701064	
735.91 703088	
735.45 705113	
735.02 707134	
735.16 709158	
735.36 711183	
735.60 713207	
734.50 715232	
735.60 717276	
736.18 719300	
736.33 721325	
737.12 725349	
737.20 727372	
738.08 729396	
738.76 731418	
740.60 733442	
741.57 735464	
742.39 737487	
742.53 739510	
743.32 741533	
743.51 743558	
743.85 745585	
743.49 747609	
744.29 749633	
744.42 751657	
744.48 753682	
744.95 755706	
744.63 757730	
745.05 759754	
745.76 761779	
746.19 765804	
746.25 767827	
746.34 769850	
747.11 771880	
746.88 773903	
747.23 775926	
747.43 777949	
747.08 779972	
747.26 781995	
747.87 784023	
748.00 786046	
748.11 788071	
748.30 790095	
748.78 792120	
748.80 794144	
749.22 796168	
750.44 798192	
750.75 800217	
750.61 802241	
750.34 806265	
750.55 808289	
751.11 810312	
751.69 812335	
752.31 814358	
752.85 816381	
753.02 818404	
752.90 820427	
753.57 822453	
753.27 824477	
753.14 826502	
753.06 828526	
753.44 830551	
753.01 832574	
753.55 834598	
753.70 836623	
754.08 838647	
754.98 840672	
755.74 842695	
756.13 846723	
756.83 848745	
757.19 850768	
756.90 852791	
757.62 854814	
757.99 856837	
758.50 858860	
759.29 860882	
760.49 862909	
761.01 864933	
761.83 866958	
762.87 868981	
763.62 871006	
764.84 873030	
763.78 875055	
765.33 877078	
765.36 879102	
766.91 881127	
770.94 883151	
773.21 887177	
773.72 889200	
775.73 891224	
774.49 893246	
775.25 895269	
776.70 897293	
777.22 899315	
779.86 901342	
781.55 903364	
783.06 905389	
783.61 907413	
787.25 909437	
787.38 911462	
787.82 913485	
788.70 915510	
789.87 917534	
790.32 919559	
791.55 921582	
793.36 923607	
795.01 927632	
797.01 929654	
800.59 931678	
816.31 933700	
819.11 935724	
811.54 937746	
812.02 939772	
819.07 941796	
816.50 943818	
815.21 945843	
818.37 947867	
815.80 949892	
815.30 951915	
816.72 953939	
817.45 955964	
821.10 958009	
818.71 960032	
821.05 962057	
822.72 964081	
823.36 968105	
822.97 970129	
825.10 972151	
827.08 974175	
826.31 976197	
828.66 978221	
827.12 980241	
830.12 982264	
829.84 984287	
830.89 986315	
831.96 988340	
831.95 990364	
830.97 992388	
832.09 994412	
833.23 996436	
833.72 998461	
833.59 1000485	
833.98 1002509	
834.26 1004533	
833.74 1008559	
834.70 1010582	
834.01 1012604	
834.28 1014628	
835.16 1016650	
834.41 1018677	
835.70 1020700	
836.27 1022724	
836.90 1024746	
837.25 1026770	
837.48 1028795	
837.23 1030819	
837.71 1032850	
838.21 1034874	
837.09 1036899	
837.61 1038923	
836.87 1040948	
837.46 1042972	
837.77 1044997	
838.50 1049021	
839.76 1051044	
840.40 1053067	
840.56 1055093	
840.73 1057117	
841.53 1059139	
841.12 1061163	
841.87 1063186	
842.32 1065208	
842.50 1067233	
842.79 1069257	
843.23 1071282	
843.23 1073305	
844.00 1075330	
844.18 1077354	
845.46 1079378	
846.45 1081403	
847.08 1083427	
847.80 1085452	
848.63 1089476	
849.73 1091500	
850.95 1093526	
851.90 1095548	
852.59 1097572	
853.48 1099595	
855.15 1101618	
857.25 1103641	
858.71 1105664	
861.87 1107688	
876.65 1109712	
902.67 1111737	
897.88 1113761	
919.18 1115785	
918.39 1117809	
919.96 1119834	
923.72 1121858	
932.45 1123883	
923.56 1125907	
929.65 1129931	
931.96 1131953	
931.79 1133975	
937.27 1135998	
932.14 1138021	
932.71 1140044	
932.55 1142068	
931.96 1144090	
933.32 1146114	
932.35 1148143	
931.32 1150168	
932.13 1152192	
932.46 1154216	
933.26 1156241	
933.68 1158264	
934.91 1160289	
936.56 1162313	
936.79 1164338	
937.05 1166365	
938.37 1170391	
937.41 1172413	
938.67 1174436	
938.10 1176459	
938.76 1178482	
939.30 1180506	
938.43 1182528	
939.48 1184551	
940.80 1186574	
942.25 1188598	
941.37 1190623	
942.06 1192647	
941.78 1194672	
941.89 1196695	
942.35 1198720	
942.67 1200764	
943.22 1202789	
944.73 1204816	
945.77 1206841	
945.91 1210865	
946.07 1212889	
947.00 1214911	
947.33 1216934	
947.16 1218957	
947.43 1220980	
947.23 1223003	
946.10 1225025	
946.43 1227048	
946.90 1229071	
947.07 1231095	
947.79 1233120	
948.11 1235144	
947.98 1237168	
948.39 1239192	
949.09 1241220	
950.05 1243244	
951.03 1245268	
952.01 1247293	
953.18 1251317	
952.96 1253341	
953.04 1255363	
954.28 1257387	
954.12 1259410	
954.33 1261432	
954.07 1263456	
955.87 1265478	
955.76 1267502	
956.64 1269524	
956.50 1271548	
956.85 1273573	
957.99 1275597	
959.56 1277622	
959.27 1279649	
959.59 1281674	
960.36 1283698	
960.88 1285723	
961.85 1287747	
962.79 1289772	
963.35 1293803	
964.34 1295826	
965.23 1297850	
966.25 1299872	
967.82 1301896	
969.03 1303919	
970.13 1305942	
969.92 1307965	
971.29 1309988	
971.52 1312014	
972.26 1314038	
973.45 1316063	
973.91 1318091	
974.65 1320116	
974.90 1322139	
975.51 1324164	
975.80 1326188	
976.70 1328212	
978.43 1330237	
979.08 1334262	
980.28 1336286	
980.94 1338308	
981.13 1340332	
981.29 1342355	
981.61 1344377	
981.88 1346401	
982.08 1348424	
982.15 1350447	
982.44 1352473	
982.88 1354501	
982.88 1356525	
982.96 1358550	
983.94 1360574	
984.30 1362598	
984.33 1364623	
984.49 1366647	
984.22 1368672	
983.63 1370696	
984.22 1374721	
984.78 1376744	
985.56 1378767	
986.29 1380790	
987.33 1382813	
986.71 1384837	
987.18 1386859	
987.41 1388882	
988.77 1390906	
988.90 1392933	
989.71 1394958	
990.19 1396982	
991.30 1399007	
992.15 1401031	
991.88 1403056	
992.03 1405080	
992.69 1407104	
993.11 1409128	
994.23 1411152	
994.57 1415178	
995.37 1417201	
996.43 1419224	
997.53 1421247	
998.96 1423270	
997.98 1425293	
1001.42 1427316	
1005.30 1429340	
1017.16 1431366	
1021.05 1433389	
1033.35 1435413	
1036.44 1437437	
1033.47 1439462	
1050.86 1441507	
1041.29 1443531	
1039.63 1445556	
1037.83 1447580	
1035.71 1449605	
1037.58 1451629	
1037.98 1453654	
1039.40 1457679	
1038.40 1459702	
1038.05 1461726	
1038.66 1463748	
1037.05 1465772	
1035.27 1467798	
1033.79 1469821	
1033.16 1471845	
1033.31 1473867	
1037.19 1475892	
1035.82 1477916	
1033.58 1479941	
1034.75 1481965	
1036.62 1483990	
1037.39 1486014	
1036.13 1488038	
1036.16 1490063	
1035.27 1492087	
1034.27 1494112	
1033.95 1498137	
1034.48 1500161	
1034.70 1502184	
1033.77 1504210	
1033.32 1506234	
1032.39 1508256	
1032.08 1510280	
1031.17 1512303	
1030.50 1514326	
1030.85 1516349	
1031.02 1518373	
1031.84 1520398	
1031.43 1522422	
1030.61 1524447	
1030.62 1526471	
1030.73 1528496	
1030.97 1530520	
1031.38 1532545	
1031.71 1534569	
1031.98 1538594	
1032.47 1540621	
1033.01 1542644	
1033.21 1544667	
1033.67 1546690	
1034.65 1548713	
1035.40 1550737	
1036.73 1552768	
1036.79 1554790	
1036.91 1556813	
1038.48 1558838	
1039.70 1560862	
1040.78 1562887	
1041.69 1564911	
1043.06 1566936	
1043.35 1568960	
1044.08 1570984	
1044.70 1573009	
1046.00 1575036	
1046.74 1579062	
1048.43 1581085	
1049.03 1583108	
1050.25 1585131	
1049.67 1587154	
1049.52 1589178	
1050.53 1591200	
1050.48 1593224	
1051.20 1595247	
1052.42 1597272	
1053.09 1599296	
1053.29 1601320	
1054.30 1603345	
1053.79 1605369	
1053.82 1607394	
1054.82 1609418	
1054.97 1611446	
1055.82 1613470	
1056.16 1615495	
1055.92 1619520	
1056.57 1621542	
1057.20 1623566	
1057.97 1625589	
1058.92 1627612	
1058.97 1629635	
1060.34 1631659	
1061.10 1633682	
1062.22 1635704	
1063.50 1637728	
1063.81 1639752	
1065.17 1641777	
1067.33 1643801	
1069.19 1645826	
1074.53 1647853	
1078.97 1649878	
1094.15 1651902	
1135.03 1653926	
1138.89 1655951	
1147.61 1659976	
1150.00 1662000	
1160.62 1664022	
1153.08 1666045	
1157.75 1668069	
1161.63 1670092	
1168.19 1672115	
1165.50 1674138	
1165.47 1676162	
1170.39 1678184	
1175.97 1680229	
1177.46 1682253	
1179.81 1684282	
1181.57 1686306	
1177.07 1688331	
1178.00 1690354	
1178.21 1692379	
1181.83 1694403	
1182.17 1696428	
1181.77 1698452	
1180.56 1702477	
1178.73 1704501	
1178.00 1706524	
1178.07 1708547	
1176.62 1710570	
1175.16 1712593	
1173.54 1714617	
1172.56 1716639	
1172.46 1718663	
1170.34 1720690	
1170.30 1722715	
1169.54 1724739	
1168.15 1726764	
1168.40 1728788	
1167.97 1730812	
1167.24 1732837	
1166.36 1734861	
1165.71 1736886	
1163.28 1738910	
1163.98 1742936	
1162.71 1744959	
1160.85 1746981	
1160.14 1749005	
1159.49 1751028	
1158.61 1753052	
1158.82 1755074	
1157.74 1757101	
1157.36 1759124	
1156.54 1761155	
1156.31 1763179	
1156.09 1765203	
1156.07 1767228	
1155.19 1769252	
1154.66 1771277	
1153.99 1773301	
1153.30 1775326	
1152.07 1777350	
1150.74 1779375	
1149.62 1783399	
1148.29 1785422	
1146.82 1787446	
1146.44 1789468	
1146.95 1791492	
1146.08 1793518	
1144.97 1795542	
1143.41 1797564	
1140.91 1799587	
1139.12 1801612	
1139.48 1803636	
1139.70 1805661	
1138.27 1807685	
1138.10 1809710	
1136.91 1811741	
1135.92 1813766	
1133.20 1815790	
1131.93 1817815	
1130.39 1819838	
1129.94 1823863	
1128.51 1825887	
1128.48 1827910	
1128.46 1829937	
1127.66 1831959	
1127.67 1833982	
1128.22 1836006	
1126.57 1838028	
1125.97 1840052	
1125.34 1842076	
1126.16 1844101	
1125.55 1846125	
1124.36 1848150	
1124.05 1850174	
1123.58 1852198	
1122.18 1854223	
1122.70 1856247	
1123.03 1858272	
1123.68 1860296	
1124.77 1864322	
1123.93 1866344	
1124.53 1868365	
1123.80 1870388	
1123.43 1872411	
1122.49 1874435	
1123.01 1876458	
1123.71 1878480	
1125.23 1880504	
1125.88 1882527	
1126.75 1884552	
1128.10 1886576	
1128.01 1888601	
1128.89 1890625	
1128.93 1892648	
1128.88 1894673	
1129.43 1896697	
1128.70 1898722	
1130.20 1900746	
1131.12 1904775	
1131.10 1906798	
1132.11 1908822	
1133.07 1910844	
1134.46 1912867	
1135.20 1914891	
1135.85 1916913	
1137.16 1918937	
1137.58 1920980	
1139.18 1923003	
1140.09 1925027	
1141.76 1927052	
1142.63 1929076	
1144.29 1931101	
1145.09 1933125	
1146.99 1935150	
1147.82 1937174	
1147.16 1939202	
1148.12 1941226	
1148.99 1943250	
1150.08 1945275	
1150.57 1949301	
1152.83 1951325	
1154.04 1953348	
1154.87 1955371	
1156.29 1957394	
1159.00 1959417	
1160.05 1961441	
1161.67 1963463	
1161.79 1965487	
1163.51 1967511	
1165.56 1969536	
1165.42 1971560	
1165.76 1973584	
1166.13 1975612	
1165.83 1977636	
1166.32 1979661	
1166.52 1981685	
1165.47 1983710	
1165.91 1985734	
1166.66 1989758	
1166.99 1991782	
1165.31 1993805	
1165.63 1995829	
1167.00 1997851	
1167.28 1999875	
1166.12 2001897	
1166.72 2003920	
1165.55 2005944	
1165.52 2007968	
1166.10 2009993	
1165.48 2012020	
1164.66 2014045	
1163.86 2016069	
1163.43 2018094	
1164.11 2020118	
1163.99 2022142	
1164.11 2024167	
1164.18 2026191	
1164.90 2030216	
1165.06 2032239	
1164.39 2034263	
1165.47 2036285	
1165.11 2038308	
1165.27 2040332	
1165.76 2042355	
1166.05 2044378	
1165.61 2046401	
1166.30 2048429	
1165.25 2050453	
1165.90 2052477	
1165.39 2054502	
1165.84 2056526	
1165.77 2058551	
1165.33 2060575	
1166.49 2062600	
1165.42 2064624	
1164.56 2066648	
1164.72 2070673	
1165.25 2072696	
1166.39 2074727	
1166.66 2076749	
1167.38 2078773	
1168.01 2080796	
1169.20 2082819	
1170.19 2084845	
1172.05 2086868	
1172.85 2088893	
1173.99 2090917	
1175.38 2092942	
1175.69 2094966	
1177.93 2096990	
1178.23 2099014	
1179.81 2101039	
1180.99 2103063	
1179.74 2105088	
1180.79 2107112	
1179.85 2111137	
1179.78 2113161	
1180.80 2115183	
1180.16 2117207	
1180.91 2119230	
1181.53 2121256	
1182.73 2123279	
1183.57 2125302	
1183.13 2127326	
1183.31 2129348	
1184.27 2131373	
1184.73 2133397	
1184.77 2135421	
1184.31 2137446	
1184.73 2139470	
1186.11 2141495	
1187.70 2143519	
1188.33 2145544	
1190.57 2147568	
1192.52 2149593	
1193.89 2153618	
1199.26 2155640	
1202.61 2157667	
1205.15 2159711	
1211.35 2161733	
1214.11 2163757	
1215.92 2165780	
1217.40 2167803	
1219.39 2169826	
1220.91 2171856	
1224.21 2173881	
1227.02 2175905	
1226.87 2177930	
1223.95 2179953	
1223.61 2181978	
1224.28 2184002	
1224.80 2186027	
1223.20 2188051	
1223.32 2190075	
1222.45 2194104	
1220.24 2196127	
1221.19 2198150	
1222.22 2200173	
1222.54 2202196	
1222.40 2204219	
1221.94 2206242	
1221.03 2208266	
1221.79 2210288	
1221.43 2212319	
1220.06 2214343	
1219.77 2216368	
1217.82 2218392	
1217.45 2220417	
1216.65 2222441	
1216.92 2224465	
1216.90 2226490	
1216.47 2228517	
1216.02 2230542	
1215.99 2234566	
1215.68 2236590	
1214.65 2238613	
1214.51 2240635	
1213.50 2242659	
1212.14 2244682	
1212.58 2246705	
1212.25 2248728	
1211.98 2250752	
1212.60 2252776	
1213.00 2254800	
1213.89 2256824	
1214.65 2258848	
1214.70 2260873	
1216.05 2262897	
1216.44 2264925	
1217.01 2266949	
1217.16 2268974	
1216.50 2270998	
1217.01 2275023	
1217.29 2277047	
1216.65 2279069	
1216.04 2281093	
1216.87 2283115	
1216.52 2285138	
1216.45 2287162	
1216.61 2289184	
1216.96 2291208	
1217.72 2293233	
1216.87 2295257	
1218.15 2297281	
1218.27 2299305	
1219.46 2301334	
1219.32 2303357	
1218.35 2305382	
1218.42 2307406	
1217.90 2309431	
1218.03 2311455	
1217.23 2315481	
1217.60 2317503	
1218.68 2319526	
1218.19 2321550	
1217.66 2323573	
1219.19 2325596	
1219.58 2327619	
1220.80 2329643	
1220.69 2331665	
1219.98 2333697	
1219.23 2335721	
1219.23 2337748	
1219.53 2339773	
1219.39 2341797	
1219.62 2343822	
1219.73 2345846	
1220.46 2347871	
1221.23 2349895	
1220.90 2351919	
1220.95 2355944	
1221.10 2357967	
1220.89 2359990	
1221.50 2362013	
1220.48 2364037	
1221.21 2366060	
1220.42 2368082	
1220.26 2370106	
1220.66 2372129	
1220.91 2374157	
1221.09 2376181	
1219.97 2378205	
1220.16 2380229	
1219.81 2382254	
1219.72 2384278	
1219.64 2386302	
1219.03 2388327	
1219.27 2390350	
1219.83 2392375	
1219.93 2396400	
1220.69 2398443	
1221.52 2400466	
1222.18 2402489	
1223.16 2404512	
1224.04 2406535	
1225.30 2408558	
1225.27 2410582	
1226.21 2412611	
1227.30 2414637	
1228.46 2416663	
1229.66 2418690	
1230.68 2420716	
1232.65 2422744	
1235.38 2424770	
1237.23 2426797	
1239.55 2428823	
1240.03 2430850	
1241.34 2432877	
1244.99 2434904	
1248.91 2438931	
1252.12 2440956	
1256.09 2442982	
1256.38 2445007	
1255.76 2447033	
1262.14 2449061	
1267.08 2451087	
1268.71 2453112	
1270.79 2455138	
1270.17 2457164	
1275.99 2459191	
1275.79 2461217	
1278.60 2463245	
1279.19 2465271	
1278.39 2467298	
1278.08 2469325	
1278.87 2471352	
1278.85 2473378	
1280.62 2475405	
1278.83 2479432	
1279.09 2481459	
1278.89 2483484	
1279.73 2485513	
1279.94 2487538	
1278.06 2489564	
1276.84 2491589	
1277.05 2493615	
1278.75 2495640	
1277.62 2497666	
1277.86 2499692	
1275.86 2501719	
1274.56 2503746	
1274.33 2505773	
1274.78 2507799	
1275.30 2509826	
1274.89 2511853	
1274.71 2513880	
1273.52 2515906	
1273.23 2517933	
1272.26 2521964	
1271.64 2523990	
1271.64 2526015	
1270.96 2528040	
1271.22 2530066	
1271.23 2532091	
1271.93 2534117	
1270.99 2536142	
1271.79 2538168	
1270.19 2540194	
1270.12 2542221	
1270.80 2544248	
1271.45 2546275	
1270.27 2548301	
1270.46 2550329	
1270.49 2552355	
1271.33 2554382	
1271.45 2556412	
1271.97 2558439	
1271.10 2560465	
1271.59 2564493	
1272.10 2566518	
1272.68 2568544	
1272.86 2570569	
1272.51 2572595	
1272.57 2574620	
1271.58 2576646	
1271.88 2578671	
1271.86 2580697	
1272.61 2582723	
1272.47 2584751	
1272.31 2586777	
1272.20 2588804	
1273.24 2590837	
1273.61 2592868	
1273.86 2594894	
1274.38 2596921	
1274.66 2598948	
1274.35 2600975	
1274.73 2605002	
1274.88 2607028	
1275.02 2609053	
1275.40 2611079	
1275.48 2613104	
1275.04 2615130	
1275.62 2617155	
1276.31 2619181	
1276.48 2621206	
1277.45 2623232	
1277.21 2625258	
1277.19 2627284	
1277.41 2629315	
1277.94 2631342	
1277.23 2633369	
1277.57 2635396	
1276.99 2637444	
1277.78 2639470	
1276.82 2641497	
1275.88 2643524	
1276.39 2647552	
1276.49 2649577	
1276.17 2651602	
1275.80 2653628	
1276.50 2655653	
1276.38 2657679	
1276.70 2659703	
1276.55 2661729	
1275.63 2663755	
1275.45 2665784	
1275.76 2667810	
1275.76 2669837	
1276.70 2671864	
1276.30 2673891	
1276.28 2675917	
1275.47 2677944	
1276.64 2679971	
1276.35 2681998	
1276.08 2684024	
1276.19 2686051	
1275.64 2690078	
1275.33 2692104	
1276.69 2694129	
1277.80 2696155	
1278.29 2698180	
1278.34 2700206	
1278.04 2702235	
1277.87 2704261	
1277.68 2706286	
1277.50 2708313	
1277.67 2710339	
1277.86 2712366	
1278.22 2714393	
1278.33 2716420	
1278.45 2718446	
1278.29 2720474	
1278.77 2722500	
1279.80 2724527	
1280.09 2726553	
1281.67 2730580	
1282.68 2732606	
1284.37 2734631	
1287.29 2736657	
1299.44 2738685	
1343.90 2740711	
1354.00 2742736	
1359.86 2744762	
1358.47 2746787	
1364.25 2748813	
1362.22 2750839	
1359.09 2752867	
1360.53 2754893	
1364.12 2756920	
1367.90 2758946	
1368.20 2760974	
1373.80 2763000	
1378.58 2765027	
1378.13 2767053	
1382.15 2769080	
1383.98 2773108	
1385.20 2775137	
1386.17 2777162	
1386.03 2779188	
1386.14 2781213	
1387.43 2783239	
1387.10 2785264	
1388.97 2787290	
1388.41 2789315	
1389.14 2791342	
1390.10 2793368	
1389.20 2795395	
1386.81 2797421	
1386.21 2799449	
1386.65 2801475	
1386.97 2803502	
1384.63 2805528	
1383.64 2807556	
1382.78 2809585	
1382.41 2813613	
1381.14 2815638	
1379.06 2817664	
1377.12 2819689	
1376.45 2821714	
1377.39 2823740	
1376.28 2825765	
1374.72 2827791	
1375.29 2829816	
1374.84 2831842	
1372.57 2833868	
1371.03 2835895	
1370.51 2837922	
1370.56 2839949	
1370.11 2841975	
1368.95 2844002	
1369.28 2846032	
1367.98 2848059	
1368.90 2850093	
1367.38 2852119	
1368.01 2856147	
1366.92 2858173	
1365.96 2860198	
1365.63 2862223	
1364.95 2864248	
1365.71 2866274	
1364.45 2868299	
1364.99 2870325	
1364.20 2872350	
1363.47 2874376	
1362.31 2876424	
1362.06 2878450	
1361.60 2880478	
1361.70 2882507	
1362.14 2884534	
1361.36 2886561	
1360.85 2888588	
1359.70 2890614	
1358.92 2892641	
1359.16 2894668	
1359.14 2898696	
1359.70 2900721	
1360.23 2902747	
1359.98 2904772	
1359.57 2906798	
1359.68 2908823	
1360.15 2910849	
1360.07 2912874	
1360.53 2914899	
1361.32 2916926	
1360.54 2918957	
1360.87 2920983	
1360.74 2923010	
1360.95 2925036	
1360.80 2927064	
1359.97 2929090	
1358.94 2931117	
1359.40 2933143	
1359.06 2935170	
1358.83 2937197	
1358.51 2941224	
1358.62 2943250	
1357.58 2945275	
1357.64 2947301	
1358.69 2949326	
1359.08 2951352	
1359.18 2953377	
1359.66 2955403	
1359.91 2957425	
1360.19 2959452	
1359.93 2961479	
1359.47 2963506	
1359.79 2965532	
1361.42 2967559	
1361.44 2969586	
1362.25 2971613	
1362.65 2973639	
1362.98 2975666	
1362.82 2977693	
1363.22 2979720	
1363.68 2983747	
1365.22 2985773	
1366.29 2987798	
1368.55 2989822	
1371.24 2991848	
1384.17 2993878	
1420.58 2995903	
1427.80 2997928	
1449.54 2999953	
1457.68 3001978	
1463.44 3004006	
1464.93 3006032	
1471.13 3008059	
1482.97 3010085	
1489.50 3012112	
1490.05 3014139	
1495.19 3016166	
1494.57 3018192	
1498.72 3020219	
1500.72 3022246	
1505.34 3024273	
1504.14 3028300	
1505.54 3030329	
1508.01 3032354	
1509.04 3034380	
1507.08 3036405	
1505.57 3038431	
1503.25 3040456	
1502.13 3042482	
1502.53 3044507	
1500.48 3046533	
1497.84 3048559	
1494.55 3050586	
1494.19 3052612	
1492.44 3054639	
1493.27 3056666	
1493.11 3058693	
1494.24 3060719	
1493.53 3062746	
1494.52 3064776	
1492.72 3066803	
1492.56 3070830	
1491.83 3072856	
1492.02 3074881	
1492.79 3076907	
1492.50 3078932	
1494.38 3080957	
1495.09 3082983	
1495.72 3085008	
1495.69 3087034	
1496.99 3089058	
1498.24 3091086	
1497.43 3093112	
1498.04 3095139	
1499.14 3097165	
1499.91 3099193	
1501.67 3101222	
1502.71 3103249	
1504.39 3105276	
1505.26 3107303	
1506.80 3109337	
1508.29 3113364	
1510.89 3115411	
1515.03 3117436	
1534.26 3119462	
1586.16 3121487	
1581.42 3123513	
1595.65 3125538	
1607.91 3127564	
1609.09 3129588	
1610.02 3131614	
1612.75 3133641	
1617.83 3135668	
1613.78 3137697	
1615.38 3139725	
1615.37 3141751	
1612.32 3143778	
1615.33 3145804	
1610.98 3147831	
1612.00 3149858	
1609.25 3151885	
1610.83 3155912	
1608.50 3157938	
1604.98 3159963	
1604.57 3161989	
1602.49 3164014	
1601.67 3166040	
1598.55 3168065	
1594.86 3170091	
1593.74 3172116	
1591.84 3174146	
1590.25 3176172	
1588.25 3178200	
1584.60 3180226	
1583.85 3182253	
1579.80 3184279	
1577.45 3186306	
1574.47 3188333	
1570.97 3190360	
1566.05 3192386	
1560.08 3194413	
1550.31 3198440	
1554.87 3200465	
1546.72 3202491	
1543.31 3204516	
1537.49 3206542	
1529.86 3208567	
1523.41 3210596	
1516.47 3212621	
1510.01 3214647	
1505.96 3216673	
1504.01 3218700	
1497.70 3220727	
1496.54 3222754	
1491.06 3224780	
1485.87 3226807	
1485.74 3228833	
1479.58 3230861	
1476.90 3232887	
1474.33 3234914	
1472.11 3238941	
1467.00 3240967	
1464.84 3242992	
1461.06 3245018	
1459.50 3247046	
1456.78 3249072	
1454.60 3251097	
1452.95 3253123	
1449.76 3255148	
1447.09 3257174	
1442.96 3259200	
1440.24 3261227	
1437.97 3263254	
1432.29 3265281	
1428.12 3267307	
1423.61 3269334	
1422.53 3271360	
1424.30 3273388	
1425.69 3275414	
1424.36 3277441	
1424.06 3281468	
1422.66 3283496	
1422.66 3285522	
1424.34 3287547	
1424.67 3289573	
1427.14 3291598	
1428.57 3293624	
1428.94 3295648	
1430.07 3297674	
1429.80 3299700	
1430.26 3301728	
1430.25 3303754	
1431.09 3305781	
1430.80 3307807	
1432.35 3309834	
1433.24 3311861	
1435.46 3313888	
1437.30 3315914	
1441.18 3317944	
1443.64 3321971	
1447.04 3323997	
1452.74 3326022	
1456.83 3328048	
1464.62 3330073	
1482.75 3332099	
1521.41 3334124	
1536.63 3336150	
1528.09 3338175	
1536.35 3340201	
1554.74 3342228	
1560.91 3344254	
1567.54 3346281	
1577.70 3348308	
1587.40 3350335	
1593.13 3352383	
1600.82 3354413	
1608.69 3356439	
1624.77 3358467	
1628.78 3360493	
1640.06 3364520	
1652.74 3366546	
1657.35 3368570	
1663.19 3370603	
1669.54 3372628	
1678.07 3374654	
1680.34 3376679	
1684.24 3378705	
1684.24 3380730	
1680.72 3382757	
1682.04 3384784	
1680.26 3386811	
1679.58 3388837	
1679.44 3390868	
1678.47 3392894	
1677.40 3394921	
1678.40 3396947	
1676.69 3398974	
1676.55 3401000	
1676.30 3405029	
1678.46 3407053	
1678.85 3409079	
1679.49 3411104	
1680.39 3413130	
1679.96 3415155	
1680.58 3417181	
1681.13 3419206	
1682.14 3421232	
1681.91 3423257	
1680.53 3425284	
1679.82 3427313	
1679.20 3429341	
1679.39 3431367	
1677.51 3433394	
1677.22 3435420	
1675.57 3437447	
1675.54 3439474	
1674.65 3441501	
1674.13 3443527	
1671.38 3447555	
1669.60 3449580	
1668.70 3451606	
1666.60 3453631	
1663.22 3455656	
1658.16 3457682	
1645.76 3459707	
1613.71 3461732	
1600.93 3463761	
1605.01 3465788	
1594.28 3467814	
1586.57 3469841	
1584.25 3471867	
1578.95 3473895	
1575.65 3475921	
1572.14 3477948	
1569.24 3479974	
1567.34 3482001	
1561.32 3484028	
1560.37 3486055	
1555.73 3490082	
1551.94 3492107	
1546.86 3494132	
1541.59 3496158	
1537.89 3498183	
1531.61 3500209	
1519.28 3502232	
1500.57 3504258	
1483.74 3506283	
1484.14 3508310	
1472.93 3510336	
1477.99 3512363	
1478.29 3514389	
1483.83 3516416	
1482.13 3518443	
1490.88 3520470	
1495.76 3522496	
1505.28 3524523	
1509.36 3526549	
1514.77 3530576	
1521.41 3532602	
1527.78 3534627	
1545.21 3536653	
1550.96 3538681	
1575.73 3540707	
1606.09 3542732	
1617.01 3544758	
1653.52 3546782	
1650.22 3548810	
1651.55 3550836	
1653.74 3552863	
1658.78 3554889	
1661.63 3556916	
1666.21 3558942	
1671.65 3560969	
1670.11 3562995	
1672.14 3565022	
1674.36 3567048	
1672.98 3571076	
1672.04 3573101	
1670.16 3575130	
1668.98 3577155	
1668.73 3579181	
1668.66 3581206	
1668.48 3583232	
1667.91 3585257	
1664.26 3587281	
1661.20 3589307	
1658.57 3591355	
1654.93 3593382	
1652.17 3595409	
1651.76 3597435	
1649.98 3599462	
1648.32 3601488	
1646.11 3603516	
1643.65 3605542	
1640.80 3607569	
1636.43 3609598	
1633.53 3613626	
1628.81 3615651	
1618.77 3617677	
1609.77 3619702	
1605.52 3621728	
1595.44 3623754	
1592.24 3625780	
1587.24 3627805	
1579.25 3629838	
1573.00 3631863	
1565.97 3633890	
1564.05 3635916	
1558.80 3637943	
1552.26 3639970	
1550.45 3641997	
1549.26 3644023	
1544.67 3646054	
1540.06 3648080	
1539.26 3650107	
1542.02 3652134	
1540.58 3656162	
1536.63 3658187	
1536.53 3660213	
1535.31 3662238	
1534.22 3664264	
1529.79 3666289	
1528.20 3668315	
1526.80 3670340	
1524.18 3672366	
1521.79 3674392	
1520.30 3676419	
1520.09 3678446	
1517.18 3680473	
1515.69 3682502	
1515.35 3684530	
1514.52 3686556	
1513.52 3688583	
1510.53 3690609	
1509.35 3692637	
1509.15 3696664	
1508.10 3698690	
1506.85 3700715	
1505.59 3702740	
1505.09 3704766	
1503.61 3706791	
1502.40 3708817	
1501.43 3710842	
1499.98 3712868	
1498.75 3714894	
1496.51 3716921	
1494.52 3718951	
1495.05 3720978	
1493.01 3723004	
1489.85 3725032	
1489.40 3727058	
1490.93 3729085	
1491.31 3731111	
1489.40 3733139	
1488.81 3735165	
1489.85 3739193	
1490.77 3741218	
1489.43 3743244	
1489.33 3745269	
1490.04 3747295	
1491.43 3749320	
1489.95 3751346	
1489.14 3753371	
1487.30 3755400	
1486.99 3757427	
1488.26 3759454	
1487.01 3761480	
1488.64 3763507	
1489.35 3765534	
1490.73 3767561	
1492.55 3769587	
1494.35 3771614	
1495.32 3773641	
1496.20 3775668	
1498.83 3779695	
1499.84 3781721	
1499.25 3783746	
1501.20 3785772	
1501.40 3787797	
1502.65 3789822	
1503.75 3791851	
1506.18 3793876	
1507.10 3795902	
1509.28 3797929	
1511.40 3799956	
1514.32 3801982	
1519.04 3804009	
1524.19 3806035	
1542.46 3808063	
1536.90 3810089	
1545.86 3812116	
1549.45 3814142	
1549.12 3816170	
1552.04 3818196	
1552.54 3822225	
1554.25 3824250	
1555.67 3826276	
1558.65 3828327	
1560.54 3830352	
1563.68 3832378	
1564.33 3834402	
1562.62 3836428	
1563.28 3838453	
1561.25 3840486	
1561.19 3842512	
1563.51 3844539	
1563.27 3846566	
1559.82 3848593	
1558.75 3850619	
1555.05 3852646	
1555.09 3854673	
1555.26 3856700	
1554.91 3858726	
1551.74 3862754	
1549.32 3864782	
1547.99 3866809	
1547.83 3868834	
1546.98 3870860	
1544.47 3872884	
1542.60 3874910	
1540.65 3876935	
1542.99 3878961	
1542.80 3880987	
1543.84 3883014	
1542.95 3885040	
1542.13 3887067	
1542.62 3889100	
1542.71 3891128	
1543.42 3893154	
1542.88 3895181	
1541.48 3897207	
1540.10 3899238	
1539.29 3901264	
1540.08 3905292	
1538.77 3907317	
1536.91 3909343	
1536.03 3911368	
1534.35 3913394	
1533.62 3915419	
1533.40 3917445	
1531.56 3919470	
1531.54 3921496	
1529.74 3923522	
1529.24 3925550	
1528.48 3927576	
1526.65 3929603	
1525.76 3931629	
1525.33 3933657	
1524.61 3935686	
1524.16 3937713	
1524.35 3939740	
1522.90 3941767	
1522.71 3945794	
1521.28 3947820	
1520.69 3949845	
1519.63 3951870	
1519.44 3953896	
1519.69 3955921	
1519.25 3957947	
1519.71 3959972	
1520.17 3961998	
1521.06 3964023	
1521.46 3966052	
1521.68 3968078	
1522.25 3970106	
1521.72 3972135	
1522.15 3974162	
1522.38 3976189	
1521.78 3978216	
1521.60 3980242	
1521.82 3982269	
1520.98 3984295	
1520.42 3988324	
1520.84 3990349	
1521.05 3992375	
1520.65 3994399	
1519.30 3996425	
1518.40 3998450	
1518.55 4000476	
1518.22 4002501	
1516.97 4004527	
1516.46 4006552	
1515.64 4008583	
1516.31 4010609	
1516.03 4012636	
1516.05 4014662	
1516.60 4016689	
1516.39 4018716	
1516.24 4020743	
1516.95 4022769	
1517.95 4024796	
1518.07 4026823	
1517.38 4030851	
1517.27 4032876	
1517.52 4034900	
1517.45 4036926	
1517.18 4038951	
1516.70 4040977	
1516.34 4043002	
1515.73 4045028	
1514.64 4047051	
1514.51 4049078	
1513.50 4051104	
1513.28 4053131	
1513.47 4055158	
1513.55 4057185	
1513.80 4059211	
1513.09 4061238	
1512.05 4063264	
1512.25 4065313	
1512.19 4067340	
1512.08 4069366	
1511.63 4073394	
1511.04 4075419	
1511.07 4077445	
1510.78 4079470	
1510.61 4081496	
1510.16 4083524	
1510.53 4085550	
1510.03 4087575	
1510.39 4089601	
1510.56 4091627	
1512.45 4093654	
1513.98 4095680	
1515.35 4097708	
1520.96 4099734	
1532.21 4101761	
1568.28 4103787	
1610.42 4105815	
1609.91 4107841	
1630.47 4109868	
1629.97 4113895	
1631.90 4115920	
1634.65 4117946	
1633.46 4119974	
1628.35 4122000	
1631.16 4124025	
1629.14 4126051	
1631.92 4128076	
1635.40 4130102	
1639.50 4132127	
1641.75 4134154	
1646.57 4136180	
1651.42 4138208	
1651.87 4140234	
1652.67 4142261	
1650.97 4144287	
1651.74 4146314	
1654.55 4148341	
1654.55 4150375	
1656.18 4152401	
1657.05 4154431	
1658.56 4158458	
1659.84 4160484	
1659.38 4162509	
1657.27 4164535	
1657.41 4166560	
1656.90 4168586	
1656.11 4170611	
1653.29 4172637	
1652.35 4174662	
1651.20 4176689	
1649.56 4178715	
1649.76 4180743	
1649.92 4182769	
1650.22 4184796	
1651.66 4186822	
1652.09 4188849	
1652.81 4190879	
1653.81 4192906	
1655.37 4194932	
1656.17 4196960	
1656.62 4200987	
1658.83 4203012	
1660.95 4205037	
1660.77 4207063	
1662.57 4209088	
1664.36 4211113	
1666.26 4213139	
1666.21 4215164	
1666.11 4217190	
1666.90 4219216	
1667.87 4221243	
1667.93 4223269	
1668.17 4225297	
1669.49 4227326	
1669.28 4229353	
1669.80 4231380	
1671.37 4233407	
1671.53 4235433	
1674.58 4237460	
1673.28 4241487	
1674.26 4243513	
1674.22 4245538	
1675.15 4247564	
1676.22 4249589	
1677.13 4251615	
1678.66 4253640	
1679.29 4255666	
1681.51 4257691	
1682.64 4259717	
1683.18 4261743	
1683.71 4263773	
1684.51 4265800	
1684.40 4267827	
1685.29 4269853	
1686.67 4271880	
1687.45 4273906	
1688.85 4275934	
1689.88 4277960	
1690.40 4279987	
1691.99 4284014	
1692.29 4286040	
1693.78 4288065	
1697.09 4290091	
1699.79 4292116	
1704.59 4294141	
1708.18 4296167	
1717.08 4298192	
1728.90 4300221	
1748.76 4302270	
1748.47 4304296	
1758.70 4306323	
1764.45 4308350	
1772.24 4310377	
1769.55 4312403	
1772.64 4314430	
1778.30 4316456	
1779.83 4318484	
1779.86 4320510	
1779.66 4322537	
1785.25 4326564	
1787.78 4328590	
1792.73 4330615	
1793.13 4332641	
1794.10 4334666	
1795.90 4336695	
1797.91 4338720	
1798.39 4340746	
1798.64 4342771	
1797.66 4344798	
1797.62 4346825	
1797.40 4348852	
1798.31 4350878	
1797.86 4352905	
1798.81 4354931	
1798.39 4356959	
1797.51 4358985	
1794.04 4361012	
1795.18 4363038	
1792.98 4367066	
1791.24 4369091	
1789.47 4371117	
1788.38 4373145	
1787.52 4375171	
1787.00 4377196	
1787.24 4379222	
1787.35 4381247	
1787.10 4383272	
1786.17 4385298	
1784.17 4387324	
1783.23 4389351	
1780.97 4391377	
1780.39 4393404	
1778.16 4395431	
1777.83 4397458	
1775.94 4399484	
1773.46 4401511	
1774.12 4403537	
1772.30 4405565	
1770.52 4409603	
1768.85 4411628	
1766.59 4413654	
1765.05 4415679	
1763.31 4417704	
1762.06 4419730	
1760.31 4421755	
1760.40 4423781	
1757.45 4425806	
1756.16 4427833	
1755.29 4429859	
1752.47 4431886	
1750.12 4433912	
1748.62 4435940	
1745.40 4437966	
1744.11 4439993	
1740.40 4442019	
1739.40 4444050	
1736.82 4446076	
1734.58 4448103	
1730.44 4452130	
1727.56 4454156	
1723.98 4456181	
1719.34 4458207	
1712.56 4460231	
1687.55 4462257	
1700.92 4464282	
1690.73 4466308	
1682.06 4468333	
1679.07 4470361	
1666.09 4472387	
1664.77 4474414	
1670.80 4476440	
1674.37 4478467	
1668.59 4480497	
1671.28 4482524	
1675.61 4484550	
1673.64 4486577	
1678.09 4488604	
1680.78 4492632	
1681.75 4494656	
1679.02 4496681	
1679.89 4498707	
1680.02 4500732	
1680.60 4502758	
1682.39 4504783	
1684.59 4506809	
1683.36 4508834	
1683.69 4510860	
1686.07 4512886	
1688.85 4514913	
1687.55 4516943	
1687.15 4518970	
1686.25 4520996	
1684.53 4523023	
1683.93 4525049	
1682.74 4527077	
1681.37 4529103	
1680.31 4531130	
1679.24 4535157	
1678.53 4537183	
1678.12 4539230	
1678.98 4541255	
1677.10 4543281	
1676.14 4545306	
1674.46 4547331	
1673.18 4549356	
1673.21 4551382	
1672.20 4553410	
1670.54 4555438	
1669.77 4557464	
1669.01 4559491	
1668.55 4561517	
1668.40 4563544	
1668.84 4565570	
1667.07 4567598	
1665.28 4569624	
1664.67 4571651	
1663.77 4573677	
1663.39 4577704	
1663.60 4579730	
1664.20 4581755	
1662.74 4583781	
1663.39 4585806	
1663.04 4587832	
1663.08 4589856	
1662.76 4591880	
1662.41 4593905	
1660.51 4595932	
1659.21 4597958	
1658.74 4599985	
1657.62 4602012	
1657.80 4604039	
1656.95 4606065	
1655.92 4608092	
1655.18 4610118	
1654.81 4612145	
1653.81 4614172	
1653.96 4618200	
1653.38 4620224	
1652.34 4622249	
1649.96 4624275	
1647.74 4626300	
1646.24 4628329	
1644.43 4630354	
1641.80 4632380	
1638.95 4634405	
1639.67 4636431	
1639.10 4638457	
1640.75 4640484	
1643.51 4642510	
1643.40 4644538	
1643.18 4646564	
1645.62 4648591	
1646.54 4650617	
1646.81 4652644	
1646.96 4654670	
1644.89 4656698	
1643.13 4660725	
1642.49 4662750	
1641.99 4664779	
1640.15 4666805	
1640.66 4668830	
1639.49 4670862	
1640.46 4672887	
1640.16 4674913	
1638.79 4676938	
1639.51 4678965	
1639.56 4680992	
1637.42 4683019	
1637.45 4685045	
1635.79 4687072	
1633.56 4689098	
1633.50 4691125	
1632.56 4693152	
1632.48 4695179	
1630.47 4697205	
1630.46 4701236	
1628.48 4703261	
1626.94 4705287	
1625.68 4707311	
1623.94 4709337	
1621.95 4711362	
1620.41 4713388	
1619.58 4715413	
1617.98 4717438	
1615.91 4719463	
1613.53 4721489	
1613.10 4723517	
1611.98 4725543	
1607.62 4727570	
1603.29 4729596	
1599.98 4731623	
1596.54 4733649	
1591.95 4735688	
1593.35 4737715	
1592.96 4739741	
1594.14 4743769	
1592.65 4745794	
1589.35 4747820	
1589.18 4749845	
1589.76 4751870	
1591.47 4753896	
1591.80 4755921	
1591.83 4757947	
1589.63 4759972	
1590.06 4761999	
1591.73 4764025	
1592.58 4766052	
1593.74 4768079	
1593.17 4770106	
1593.68 4772135	
1591.36 4774163	
1589.81 4776212	
1589.10 4778238	
1588.76 4780265	
1588.28 4782292	
1583.85 4786320	
1583.02 4788345	
1582.39 4790371	
1582.43 4792396	
1581.46 4794422	
1580.41 4796447	
1578.63 4798473	
1577.56 4800498	
1576.16 4802524	
1573.22 4804550	
1573.03 4806577	
1572.10 4808607	
1571.53 4810634	
1571.28 4812660	
1571.42 4814688	
1572.23 4816714	
1573.01 4818741	
1573.25 4820768	
1572.06 4822795	
1572.10 4826822	
1572.82 4828848	
1572.57 4830873	
1572.94 4832899	
1572.85 4834924	
1572.89 4836950	
1572.99 4838975	
1572.42 4841000	
1572.88 4843026	
1572.62 4845054	
1573.19 4847082	
1573.41 4849108	
1574.22 4851135	
1574.97 4853161	
1575.24 4855189	
1576.62 4857216	
1576.93 4859242	
1576.76 4861270	
1577.23 4863296	
1577.98 4865323	
1578.75 4869350	
1579.90 4871375	
1580.99 4873401	
1582.69 4875426	
1583.27 4877452	
1583.99 4879477	
1584.97 4881506	
1585.21 4883531	
1586.43 4885557	
1587.11 4887584	
1587.96 4889611	
1587.34 4891637	
1587.77 4893664	
1587.92 4895691	
1587.76 4897718	
1587.39 4899744	
1587.49 4901771	
1588.52 4903798	
1588.98 4905825	
1588.80 4907851	
1588.23 4911879	
1587.94 4913904	
1587.88 4915930	
1587.98 4917958	
1587.49 4919984	
1587.16 4922009	
1587.35 4924035	
1587.71 4926060	
1588.09 4928093	
1588.53 4930123	
1588.94 4932150	
1589.03 4934176	
1589.02 4936204	
1588.41 4938230	
1588.49 4940257	
1588.47 4942283	
1588.22 4944311	
1587.92 4946337	
1588.12 4948364	
1587.92 4952391	
1588.44 4954421	
1588.32 4956446	
1587.01 4958472	
1586.16 4960497	
1586.61 4962523	
1586.91 4964548	
1586.68 4966574	
1587.21 4968599	
1587.97 4970625	
1589.96 4972651	
1590.37 4974678	
1591.12 4976704	
1593.10 4978732	
1593.69 4980758	
1596.21 4982785	
1595.67 4984811	
1595.29 4986839	
1596.31 4988868	
1596.57 4990895	
1597.50 4994922	
1598.51 4996947	
1598.42 4998974	
1598.44 5000999	
1599.39 5003025	
1598.55 5005050	
1598.59 5007075	
1598.48 5009101	
1599.58 5011127	
1599.85 5013176	
1599.58 5015202	
1600.06 5017229	
1599.95 5019256	
1599.97 5021283	
1600.25 5023309	
1600.72 5025340	
1600.76 5027366	
1600.25 5029393	
1600.18 5031419	
1600.39 5033447	
1599.13 5037474	
1599.60 5039500	
1599.76 5041525	
1600.54 5043551	
1599.83 5045576	
1600.69 5047602	
1601.17 5049627	
1601.84 5051653	
1602.95 5053678	
1603.16 5055705	
1604.13 5057731	
1605.05 5059759	
1605.59 5061788	
1605.33 5063815	
1605.61 5065842	
1606.46 5067869	
1608.08 5069895	
1608.30 5071922	
1608.81 5073948	
1608.75 5077976	
1610.77 5080001	
1610.88 5082027	
1610.65 5084052	
1611.00 5086077	
1611.57 5088103	
1612.22 5090128	
1613.07 5092154	
1612.57 5094179	
1613.23 5096205	
1613.83 5098235	
1614.62 5100262	
1615.08 5102288	
1615.08 5104316	
1616.29 5106342	
1617.04 5108369	
1616.84 5110395	
1616.97 5112423	
1617.13 5114449	
1619.54 5116476	
1621.51 5120503	
1623.37 5122529	
1623.49 5124554	
1624.49 5126580	
1624.52 5128605	
1625.86 5130631	
1627.58 5132656	
1630.88 5134682	
1631.13 5136705	
1632.40 5138732	
1631.47 5140758	
1633.79 5142786	
1634.43 5144812	
1634.67 5146839	
1634.55 5148865	
1635.01 5150893	
1634.98 5152919	
1634.55 5154946	
1634.58 5156972	
1634.58 5160999	
1635.44 5163025	
1636.00 5165050	
1637.41 5167076	
1638.30 5169101	
1637.72 5171127	
1637.06 5173156	
1638.02 5175182	
1637.07 5177207	
1636.18 5179233	
1636.19 5181259	
1635.41 5183286	
1637.24 5185312	
1637.71 5187346	
1638.02 5189373	
1637.51 5191400	
1636.04 5193426	
1635.64 5195453	
1635.49 5197480	
1635.00 5199507	
1634.64 5203534	
1634.27 5205560	
1633.84 5207585	
1633.07 5209614	
1633.07 5211639	
1633.39 5213665	
1632.50 5215690	
1632.28 5217716	
1631.76 5219741	
1630.69 5221768	
1630.91 5223795	
1631.75 5225822	
1632.10 5227848	
1633.82 5229875	
1633.88 5231902	
1634.86 5233929	
1634.81 5235955	
1635.55 5237982	
1636.54 5240009	
1637.09 5244037	
1638.61 5246065	
1639.97 5248091	
1641.47 5250139	
1646.70 5252164	
1654.01 5254190	
1669.69 5256215	
1687.23 5258241	
1716.45 5260266	
1709.50 5262291	
1730.12 5264318	
1740.45 5266344	
1747.81 5268372	
1746.45 5270398	
1746.27 5272425	
1744.85 5274451	
1747.59 5276479	
1744.27 5278505	
1746.99 5280535	
1747.08 5282563	
1749.63 5284589	
1753.84 5288616	
1754.17 5290642	
1755.07 5292667	
1758.10 5294693	
1761.22 5296718	
1763.41 5298744	
1766.68 5300769	
1767.91 5302795	
1772.47 5304820	
1774.27 5306847	
1779.14 5308873	
1782.56 5310900	
1785.96 5312927	
1790.17 5314954	
1797.52 5316983	
1815.24 5319011	
1820.75 5321037	
1838.50 5323064	
1851.30 5325090	
1850.62 5329118	
1845.94 5331143	
1840.25 5333169	
1838.07 5335194	
1835.80 5337220	
1836.66 5339245	
1836.35 5341271	
1831.33 5343296	
1827.63 5345321	
1828.11 5347347	
1825.36 5349373	
1822.56 5351401	
1821.72 5353431	
1822.04 5355457	
1818.71 5357485	
1819.33 5359511	
1816.46 5361538	
1809.38 5363564	
1805.21 5365591	
1804.77 5367618	
1800.38 5371645	
1801.65 5373671	
1797.29 5375696	
1793.08 5377722	
1788.97 5379747	
1784.30 5381772	
1780.87 5383797	
1769.40 5385823	
1765.36 5387848	
1757.33 5389879	
1751.96 5391905	
1746.77 5393933	
1746.57 5395959	
1746.99 5397986	
1741.48 5400012	
1739.04 5402040	
1734.31 5404066	
1731.23 5406093	
1728.14 5408119	
1721.85 5412147	
1719.72 5414172	
1719.27 5416198	
1716.70 5418223	
1714.13 5420249	
1711.78 5422274	
1710.05 5424300	
1707.04 5426328	
1704.85 5428354	
1704.13 5430379	
1704.66 5432406	
1701.96 5434432	
1701.89 5436460	
1701.12 5438486	
1702.57 5440513	
1702.50 5442539	
1704.11 5444567	
1702.95 5446600	
1706.63 5448627	
1706.92 5450653	
1708.94 5454681	
1710.12 5456706	
1713.39 5458732	
1716.33 5460757	
1719.85 5462786	
1724.68 5464811	
1744.63 5466836	
1788.26 5468862	
1808.14 5470887	
1804.45 5472914	
1807.34 5474940	
1800.57 5476968	
1803.07 5478994	
1804.68 5481021	
1802.86 5483047	
1803.62 5485096	
1807.77 5487123	
1810.23 5489150	
1812.11 5491177	
1815.28 5495204	
1812.17 5497230	
1807.32 5499258	
1809.47 5501284	
1812.81 5503309	
1810.03 5505335	
1806.85 5507360	
1803.78 5509386	
1803.58 5511411	
1803.12 5513437	
1801.44 5515463	
1800.73 5517490	
1801.20 5519517	
1801.85 5521544	
1800.92 5523570	
1799.25 5525597	
1798.26 5527624	
1798.25 5529651	
1797.00 5531677	
1799.23 5533708	
1799.77 5537735	
1799.71 5539760	
1799.99 5541785	
1800.11 5543811	
1801.26 5545836	
1802.42 5547862	
1804.83 5549887	
1805.62 5551912	
1807.43 5553938	
1807.56 5555966	
1807.27 5557993	
1807.84 5560020	
1809.30 5562047	
1809.01 5564073	
1812.05 5566100	
1813.29 5568126	
1814.20 5570157	
1814.56 5572184	
1814.18 5574210	
1816.48 5578237	
1818.50 5580263	
1821.47 5582288	
1823.73 5584314	
1829.19 5586339	
1831.79 5588365	
1837.56 5590390	
1840.65 5592416	
1838.59 5594441	
1841.96 5596467	
1843.86 5598493	
1848.33 5600520	
1848.07 5602547	
1851.03 5604574	
1853.76 5606603	
1850.79 5608630	
1851.53 5610657	
1851.81 5612684	
1852.81 5614710	
1857.62 5616737	
1858.63 5620764	
1857.98 5622790	
1859.34 5624815	
1859.97 5626841	
1861.89 5628866	
1862.24 5630892	
1863.61 5632916	
1864.30 5634941	
1865.95 5636967	
1865.82 5638994	
1867.36 5641021	
1867.77 5643051	
1868.36 5645077	
1866.77 5647105	
1867.13 5649131	
1865.33 5651158	
1866.41 5653184	
1866.91 5655211	
1865.85 5657238	
1866.97 5659265	
1867.71 5663292	
1867.78 5665317	
1868.31 5667343	
1868.08 5669368	
1868.51 5671393	
1870.17 5673418	
1873.56 5675444	
1872.97 5677469	
1873.71 5679495	
1875.38 5681519	
1878.06 5683546	
1879.24 5685572	
1881.69 5687600	
1884.68 5689626	
1887.01 5691653	
1887.97 5693679	
1890.38 5695706	
1894.09 5697733	
1895.63 5699760	
1898.59 5703787	
1900.82 5705812	
1905.26 5707837	
1907.62 5709870	
1907.50 5711896	
1908.80 5713921	
1909.73 5715946	
1911.44 5717976	
1910.58 5720001	
1914.73 5722048	
1918.32 5724076	
1920.91 5726102	
1930.13 5728129	
1940.00 5730155	
1954.30 5732182	
1971.42 5734209	
1981.58 5736236	
1985.99 5738262	
2003.70 5740289	
2013.87 5742315	
2024.45 5746342	
2040.33 5748368	
2046.76 5750393	
2044.77 5752419	
2052.73 5754447	
2055.09 5756474	
2055.82 5758498	
2054.52 5760524	
2050.25 5762549	
2048.79 5764575	
2047.08 5766601	
2045.47 5768629	
2040.58 5770655	
2034.71 5772682	
2031.45 5774708	
2029.40 5776735	
2025.05 5778762	
2022.71 5780789	
2014.61 5782815	
2012.38 5784842	
2010.66 5788869	
2010.44 5790898	
2008.62 5792923	
2008.50 5794949	
2008.27 5796974	
2008.02 5799000	
2008.73 5801025	
2009.00 5803051	
2006.30 5805076	
2003.42 5807102	
2001.55 5809129	
2000.13 5811155	
1998.09 5813182	
1996.48 5815209	
1994.77 5817236	
1992.33 5819262	
1990.30 5821289	
1987.83 5823315	
1986.94 5825346	
1985.74 5827373	
1984.07 5831400	
1983.39 5833425	
1980.81 5835451	
1976.50 5837476	
1974.28 5839502	
1970.21 5841527	
1964.28 5843553	
1960.90 5845578	
1952.81 5847604	
1945.94 5849630	
1948.40 5851657	
1942.24 5853683	
1935.58 5855710	
1932.25 5857736	
1932.52 5859764	
1932.76 5861793	
1931.42 5863820	
1932.12 5865846	
1934.17 5867873	
1937.76 5871900	
1940.55 5873926	
1939.50 5875951	
1937.89 5877977	
1937.32 5880001	
1939.56 5882027	
1936.46 5884052	
1938.70 5886077	
1935.18 5888103	
1931.90 5890128	
1928.41 5892155	
1928.60 5894181	
1926.46 5896208	
1926.56 5898237	
1923.52 5900265	
1919.57 5902291	
1916.62 5904318	
1915.01 5906344	
1914.54 5908371	
1913.16 5910398	
1912.96 5914426	
1912.36 5916451	
1910.92 5918477	
1909.28 5920501	
1908.82 5922527	
1909.91 5924552	
1908.15 5926578	
1908.92 5928603	
1905.35 5930629	
1905.39 5932661	
1904.11 5934691	
1900.26 5936717	
1897.52 5938745	
1897.09 5940771	
1895.80 5942798	
1894.26 5944825	
1892.24 5946852	
1891.54 5948878	
1888.44 5950905	
1887.50 5954932	
1886.21 5956958	
1885.47 5959006	
1884.86 5961031	
1884.53 5963057	
1884.00 5965082	
1883.36 5967115	
1882.74 5969140	
1881.93 5971169	
1881.09 5973194	
1881.99 5975222	
1882.05 5977248	
1881.68 5979275	
1883.64 5981302	
1882.76 5983329	
1882.83 5985355	
1882.41 5987383	
1883.42 5989409	
1883.35 5991436	
1883.49 5993462	
1882.34 5997491	
1883.92 5999516	
1884.09 6001542	
1884.39 6003567	
1884.02 6005593	
1884.20 6007621	
1884.32 6009647	
1884.12 6011672	
1884.93 6013698	
1885.77 6015723	
1885.80 6017750	
1886.64 6019777	
1886.19 6021804	
1886.20 6023830	
1886.29 6025857	
1885.89 6027884	
1885.14 6029911	
1884.47 6031937	
1883.39 6033965	
1881.24 6035991	
1880.43 6040018	
1879.12 6042044	
1877.62 6044073	
1875.17 6046099	
1874.08 6048124	
1871.77 6050150	
1870.12 6052175	
1866.38 6054201	
1865.91 6056226	
1865.53 6058256	
1865.15 6060282	
1863.63 6062310	
1863.51 6064336	
1861.36 6066363	
1861.24 6068389	
1861.33 6070417	
1861.34 6072443	
1860.28 6074470	
1859.50 6076497	
1858.83 6080528	
1859.02 6082553	
1858.56 6084579	
1859.81 6086604	
1860.17 6088630	
1859.07 6090655	
1857.08 6092681	
1856.54 6094706	
1855.99 6096732	
1856.45 6098757	
1856.31 6100784	
1856.09 6102810	
1854.40 6104838	
1853.97 6106864	
1856.69 6108891	
1857.51 6110917	
1858.00 6112945	
1858.96 6114974	
1860.72 6117002	
1860.99 6119028	
1861.21 6123056	
1862.74 6125081	
1863.90 6127107	
1863.37 6129132	
1863.25 6131158	
1864.50 6133183	
1865.42 6135208	
1865.39 6137234	
1866.77 6139259	
1866.72 6141285	
1866.76 6143311	
1869.08 6145339	
1869.20 6147365	
1868.81 6149392	
1869.57 6151422	
1871.19 6153449	
1871.83 6155475	
1871.80 6157502	
1874.16 6159529	
1875.31 6161556	
1876.68 6165583	
1877.05 6167609	
1877.99 6169634	
1876.97 6171660	
1877.57 6173685	
1878.72 6175711	
1879.99 6177736	
1881.57 6179762	
1881.87 6181787	
1882.74 6183814	
1884.16 6185841	
1885.10 6187871	
1886.57 6189897	
1887.32 6191947	
1886.51 6193974	
1886.48 6196000	
1888.35 6198028	
1889.85 6200054	
1889.84 6202081	
1890.54 6204107	
1891.37 6208136	
1891.20 6210161	
1892.23 6212187	
1892.76 6214211	
1892.36 6216237	
1893.91 6218263	
1893.61 6220289	
1893.78 6222314	
1894.97 6224339	
1894.61 6226376	
1894.42 6228404	
1894.06 6230430	
1894.49 6232457	
1896.14 6234483	
1895.83 6236511	
1896.04 6238537	
1896.41 6240564	
1895.30 6242590	
1894.29 6244618	
1895.76 6248645	
1894.80 6250671	
1894.30 6252696	
1894.88 6254722	
1895.87 6256747	
1895.55 6258772	
1894.21 6260798	
1894.34 6262827	
1895.27 6264852	
1894.51 6266877	
1894.31 6268904	
1893.51 6270931	
1892.10 6272958	
1891.22 6274984	
1889.62 6277011	
1888.59 6279038	
1888.34 6281065	
1887.24 6283091	
1887.12 6285118	
1886.73 6287145	
1885.84 6291173	
1884.84 6293198	
1884.65 6295224	
1884.63 6297249	
1882.87 6299278	
1881.25 6301303	
1879.76 6303329	
1880.06 6305354	
1878.92 6307380	
1879.11 6309405	
1877.96 6311432	
1876.26 6313459	
1875.19 6315486	
1874.73 6317512	
1873.27 6319539	
1871.95 6321566	
1870.25 6323593	
1870.41 6325619	
1870.06 6327646	
1868.87 6329673	
1868.80 6333701	
1868.04 6335729	
1866.15 6337755	
1866.62 6339780	
1866.55 6341806	
1865.92 6343831	
1865.78 6345857	
1864.47 6347882	
1864.41 6349907	
1864.11 6351939	
1862.18 6353966	
1860.89 6355993	
1860.27 6358020	
1859.93 6360046	
1859.66 6362073	
1859.94 6364100	
1860.13 6366127	
1859.79 6368153	
1860.95 6370184	
1860.72 6374211	
1860.49 6376237	
1860.73 6378262	
1861.45 6380288	
1861.33 6382312	
1861.72 6384337	
1861.90 6386364	
1863.15 6388389	
1864.17 6390414	
1864.88 6392440	
1866.79 6394467	
1867.96 6396493	
1867.84 6398520	
1869.94 6400547	
1869.72 6402574	
1870.61 6404600	
1871.76 6406630	
1872.65 6408657	
1873.93 6410684	
1874.83 6412710	
1874.78 6416738	
1875.32 6418763	
1875.82 6420789	
1875.44 6422814	
1876.02 6424840	
1876.65 6426865	
1878.75 6428913	
1878.81 6430939	
1878.83 6432964	
1877.49 6434990	
1878.17 6437016	
1878.35 6439043	
1878.45 6441069	
1878.75 6443100	
1879.58 6445126	
1879.23 6447153	
1879.57 6449179	
1880.51 6451207	
1879.28 6453233	
1879.36 6455260	
1879.47 6459287	
1879.54 6461313	
1879.84 6463338	
1880.43 6465363	
1879.92 6467389	
1880.56 6469414	
1880.34 6471440	
1879.77 6473465	
1880.34 6475491	
1880.72 6477517	
1880.73 6479548	
1881.43 6481574	
1881.02 6483601	
1880.37 6485635	
1880.22 6487662	
1880.73 6489689	
1880.97 6491715	
1882.07 6493742	
1881.26 6495768	
1880.33 6499796	
1880.73 6501822	
1880.85 6503847	
1880.45 6505873	
1880.18 6507898	
1880.07 6509924	
1879.43 6511949	
1879.33 6513975	
1879.63 6516003	
1878.92 6518029	
1878.93 6520055	
1879.41 6522083	
1879.41 6524109	
1879.65 6526136	
1879.40 6528162	
1879.31 6530189	
1879.19 6532216	
1880.04 6534243	
1880.31 6536269	
1879.85 6538296	
1880.83 6542323	
1881.52 6544349	
1882.21 6546374	
1883.13 6548400	
1883.64 6550425	
1884.04 6552455	
1884.30 6554480	
1884.89 6556505	
1885.26 6558531	
1885.77 6560556	
1886.38 6562588	
1886.91 6564615	
1888.27 6566641	
1888.68 6568669	
1889.05 6570695	
1889.16 6572722	
1889.51 6574748	
1890.17 6576775	
1890.45 6578802	
1889.56 6580829	
1890.00 6584856	
1890.15 6586882	
1890.35 6588910	
1890.22 6590936	
1889.87 6592961	
1890.34 6594987	
1889.81 6597012	
1889.54 6599037	
1888.74 6601063	
1888.20 6603088	
1887.63 6605115	
1887.86 6607141	
1888.22 6609168	
1888.36 6611195	
1888.61 6613222	
1888.67 6615248	
1889.17 6617275	
1888.45 6619302	
1888.17 6621329	
1888.05 6623358	
1888.10 6627386	
1888.36 6629411	
1888.39 6631437	
1888.10 6633462	
1887.28 6635488	
1887.45 6637513	
1888.09 6639539	
1888.08 6641564	
1887.56 6643590	
1887.51 6645615	
1887.44 6647642	
1887.34 6649668	
1887.21 6651695	
1887.98 6653722	
1887.85 6655749	
1887.81 6657775	
1888.12 6659806	
1887.77 6661855	
1888.23 6663881	
1888.30 6665908	
1887.67 6669935	
1888.49 6671961	
1889.04 6673986	
1888.41 6676012	
1888.79 6678037	
1888.18 6680062	
1887.99 6682088	
1887.83 6684113	
1887.67 6686139	
1886.86 6688164	
1887.36 6690191	
1886.88 6692217	
1886.69 6694244	
1885.96 6696274	
1884.86 6698301	
1885.31 6700327	
1883.90 6702355	
1884.21 6704381	
1884.66 6706408	
1884.27 6708434	
1884.14 6712462	
1883.59 6714487	
1882.03 6716513	
1881.08 6718538	
1880.24 6720564	
1880.40 6722589	
1879.53 6724615	
1879.39 6726640	
1878.50 6728666	
1876.74 6730692	
1876.75 6732723	
1876.74 6734749	
1875.90 6736776	
1874.20 6738802	
1872.98 6740829	
1872.94 6742856	
1873.14 6744890	
1871.73 6746916	
1870.28 6748943	
1869.06 6750969	
1868.77 6754997	
1868.31 6757022	
1867.03 6759048	
1865.70 6761073	
1865.04 6763099	
1865.90 6765124	
1865.64 6767150	
1865.29 6769175	
1864.74 6771198	
1863.68 6773225	
1863.91 6775251	
1864.05 6777279	
1863.70 6779305	
1863.58 6781332	
1864.05 6783358	
1864.74 6785385	
1864.79 6787412	
1865.07 6789439	
1865.00 6791465	
1864.86 6793492	
1865.80 6797519	
1866.58 6799545	
1866.82 6801570	
1867.86 6803596	
1868.51 6805621	
1869.47 6807650	
1870.20 6809675	
1870.56 6811701	
1870.15 6813726	
1870.87 6815759	
1871.56 6817785	
1874.12 6819812	
1875.33 6821838	
1877.04 6823866	
1877.96 6825892	
1877.48 6827919	
1878.42 6829945	
1879.07 6831972	
1883.01 6833999	
1885.59 6838027	
1888.98 6840052	
1893.37 6842078	
1910.35 6844106	
1963.62 6846132	
1978.12 6848157	
1973.49 6850183	
1978.15 6852208	
1981.89 6854234	
1988.21 6856258	
1992.26 6858286	
1993.90 6860312	
1996.07 6862339	
1996.94 6864365	
1996.83 6866392	
1999.32 6868419	
2002.21 6870446	
2004.91 6872472	
2009.04 6874499	
2012.33 6876525	
2017.17 6880557	
2020.64 6882582	
2021.80 6884608	
2022.51 6886633	
2022.22 6888658	
2019.42 6890683	
2019.17 6892708	
2018.54 6894734	
2013.67 6896759	
2011.77 6898807	
2009.84 6900837	
2011.84 6902863	
2013.10 6904890	
2011.24 6906917	
2010.25 6908944	
2009.95 6910970	
2010.69 6912997	
2013.11 6915027	
2010.76 6917054	
2009.88 6919080	
2008.29 6921107	
2010.17 6925134	
2010.49 6927160	
2011.49 6929185	
2012.15 6931211	
2013.68 6933236	
2014.69 6935262	
2015.59 6937286	
2015.64 6939312	
2014.63 6941337	
2014.92 6943364	
2015.30 6945390	
2015.08 6947418	
2014.26 6949444	
2014.80 6951474	
2015.65 6953501	
2016.09 6955528	
2014.86 6957554	
2014.69 6959581	
2014.79 6961607	
2014.44 6965635	
2014.79 6967660	
2012.78 6969686	
2011.69 6971711	
2012.32 6973736	
2009.87 6975762	
2009.55 6977787	
2009.44 6979813	
2008.38 6981838	
2005.91 6983864	
2005.89 6985890	
2005.88 6987920	
2005.43 6989946	
2004.70 6991974	
2004.33 6994000	
2003.83 6996027	
2003.53 6998053	
2002.81 7000080	
2003.29 7002107	
2004.27 7004134	
2005.05 7008168	
2006.61 7010194	
2008.67 7012219	
2010.47 7014244	
2013.30 7016269	
2018.49 7018295	
2024.83 7020320	
2047.34 7022346	
2059.12 7024374	
2089.84 7026400	
2098.11 7028426	
2112.55 7030453	
2105.77 7032479	
2103.69 7034506	
2098.99 7036532	
2101.66 7038560	
2104.92 7040586	
2110.18 7042613	
2109.41 7044639	
2106.74 7046666	
2106.76 7050693	
2108.63 7052719	
2111.31 7054743	
2110.59 7056769	
2112.22 7058794	
2114.36 7060832	
2113.30 7062857	
2109.00 7064883	
2111.78 7066908	
2108.62 7068934	
2108.38 7070960	
2109.93 7072987	
2107.78 7075013	
2106.95 7077041	
2106.70 7079067	
2106.18 7081094	
2105.02 7083120	
2104.10 7085148	
2106.38 7087174	
2108.78 7089201	
2110.83 7093228	
2111.99 7095254	
2112.37 7097282	
2112.53 7099308	
2112.64 7101333	
2116.01 7103358	
2117.31 7105384	
2119.95 7107409	
2122.51 7109435	
2128.44 7111460	
2134.28 7113488	
2148.53 7115514	
2202.03 7117541	
2234.50 7119568	
2251.85 7121595	
2252.57 7123621	
2282.30 7125649	
2287.18 7127675	
2294.88 7129702	
2292.18 7131756	
2284.97 7135783	
2282.37 7137809	
2280.05 7139834	
2277.19 7141860	
2273.52 7143885	
2277.60 7145911	
2276.13 7147936	
2277.52 7149962	
2276.33 7151987	
2274.77 7154013	
2273.77 7156039	
2275.12 7158067	
2275.60 7160093	
2276.88 7162120	
2273.06 7164147	
2270.54 7166174	
2267.65 7168203	
2265.61 7170231	
2263.79 7172257	
2262.44 7174284	
2263.70 7178311	
2262.01 7180337	
2259.59 7182362	
2257.03 7184388	
2251.96 7186414	
2249.51 7188440	
2249.70 7190465	
2246.58 7192491	
2242.90 7194516	
2239.87 7196541	
2236.93 7198568	
2230.41 7200594	
2229.18 7202622	
2226.53 7204652	
2223.63 7206678	
2223.23 7208706	
2219.70 7210732	
2217.69 7212759	
2213.63 7214786	
2211.34 7216813	
2209.08 7220840	
2206.76 7222865	
2201.76 7224891	
2197.96 7226916	
2196.20 7228942	
2195.22 7230967	
2191.68 7232993	
2186.97 7235018	
2181.69 7237044	
2175.71 7239069	
2160.10 7241100	
2121.81 7243126	
2085.36 7245153	
2074.13 7247180	
2073.64 7249207	
2068.59 7251233	
2064.45 7253260	
2056.61 7255287	
2056.24 7257314	
2053.33 7259340	
2053.58 7263368	
2054.04 7265401	
2051.35 7267427	
2050.54 7269452	
2051.85 7271478	
2052.73 7273503	
2052.00 7275529	
2046.96 7277557	
2048.70 7279583	
2048.23 7281608	
2050.85 7283635	
2052.08 7285662	
2051.89 7287689	
2051.21 7289715	
2047.88 7291742	
2047.22 7293769	
2047.18 7295796	
2048.42 7297822	
2050.59 7299849	
2052.81 7301876	
2053.16 7305904	
2054.31 7307929	
2055.53 7309955	
2056.45 7311980	
2057.86 7314006	
2058.46 7316029	
2060.23 7318054	
2062.34 7320080	
2063.41 7322105	
2063.57 7324132	
2063.35 7326158	
2062.44 7328186	
2061.63 7330212	
2062.58 7332239	
2063.75 7334266	
2065.03 7336293	
2067.00 7338319	
2067.87 7340346	
2069.54 7342373	
2070.43 7344400	
2071.55 7348427	
2071.40 7350453	
2074.14 7352481	
2075.91 7354507	
2078.85 7356532	
2084.31 7358558	
2100.99 7360583	
2123.78 7362609	
2135.14 7364634	
2158.25 7366689	
2168.20 7368716	
2164.89 7370743	
2161.67 7372770	
2162.19 7374796	
2163.33 7376823	
2167.44 7378850	
2162.44 7380877	
2159.61 7382903	
2154.35 7384931	
2150.63 7386960	
2150.57 7390988	
2150.85 7393013	
2152.61 7395039	
2153.50 7397064	
2157.62 7399090	
2158.85 7401115	
2159.51 7403141	
2163.07 7405166	
2166.82 7407192	
2169.96 7409218	
2171.33 7411246	
2174.40 7413272	
2179.79 7415299	
2184.36 7417326	
2190.09 7419353	
2204.68 7421379	
2213.25 7423410	
2237.55 7425436	
2223.74 7427463	
2226.53 7431490	
2227.06 7433516	
2225.59 7435541	
2227.80 7437566	
2219.21 7439592	
2214.59 7441617	
2216.70 7443643	
2216.84 7445668	
2215.40 7447694	
2210.45 7449719	
2208.90 7451747	
2204.21 7453773	
2199.55 7455800	
2196.19 7457826	
2193.93 7459857	
2188.79 7461883	
2185.47 7463910	
2185.95 7465937	
2181.88 7467964	
2178.13 7469990	
2173.33 7474018	
2169.21 7476043	
2165.44 7478069	
2159.07 7480094	
2157.47 7482120	
2148.56 7484145	
2148.79 7486171	
2151.30 7488196	
2151.02 7490222	
2149.18 7492247	
2146.97 7494274	
2142.58 7496304	
2142.78 7498331	
2142.56 7500357	
2141.37 7502385	
2141.89 7504411	
2140.91 7506438	
2141.68 7508464	
2142.73 7510492	
2143.09 7512518	
2140.79 7516546	
2141.74 7518571	
2142.02 7520596	
2142.25 7522622	
2141.38 7524655	
2140.68 7526680	
2140.53 7528706	
2139.49 7530731	
2139.40 7532760	
2136.53 7534787	
2135.65 7536814	
2135.34 7538840	
2135.34 7540867	
2134.11 7542894	
2135.55 7544921	
2136.30 7546947	
2135.98 7548974	
2136.46 7551001	
2137.20 7553028	
2136.63 7555054	
2136.10 7559081	
2135.01 7561107	
2134.42 7563132	
2133.34 7565158	
2132.39 7567183	
2131.85 7569213	
2132.19 7571238	
2133.19 7573264	
2131.67 7575289	
2131.18 7577319	
2130.41 7579346	
2130.14 7581373	
2130.00 7583399	
2129.50 7585426	
2130.19 7587453	
2129.89 7589480	
2129.15 7591506	
2127.61 7593533	
2126.42 7595560	
2125.06 7599588	
2123.68 7601636	
2122.98 7603661	
2123.77 7605690	
2122.79 7607715	
2121.23 7609741	
2118.90 7611766	
2115.72 7613792	
2112.45 7615817	
2109.84 7617844	
2083.27 7619870	
2077.58 7621897	
2073.05 7623923	
2075.31 7625951	
2067.14 7627977	
2065.14 7630004	
2068.84 7632030	
2062.04 7634058	
2063.52 7636084	
2063.42 7638111	
2061.58 7642141	
2059.01 7644168	
2061.88 7646193	
2062.15 7648219	
2058.04 7650244	
2056.78 7652270	
2053.99 7654295	
2055.45 7656321	
2052.66 7658346	
2053.12 7660371	
2057.15 7662398	
2059.20 7664424	
2060.00 7666451	
2058.12 7668478	
2056.22 7670505	
2056.80 7672531	
2058.27 7674558	
2056.82 7676589	
2056.27 7678615	
2056.07 7680642	
2056.60 7684669	
2056.34 7686694	
2054.92 7688720	
2055.87 7690745	
2058.40 7692771	
2056.17 7694796	
2056.91 7696822	
2056.65 7698847	
2055.05 7700873	
2053.65 7702899	
2052.49 7704927	
2053.40 7706953	
2054.32 7708980	
2053.38 7711006	
2054.11 7713037	
2053.63 7715063	
2056.11 7717090	
2056.54 7719117	
2055.77 7721144	
2056.06 7723170	
2056.53 7727198	
2056.54 7729223	
2058.63 7731249	
2060.31 7733274	
2061.30 7735300	
2059.90 7737325	
2058.21 7739351	
2058.93 7741376	
2059.30 7743401	
2061.06 7745428	
2060.98 7747454	
2061.13 7749485	
2062.01 7751512	
2064.26 7753538	
2065.96 7755565	
2068.62 7757592	
2071.44 7759619	
2075.93 7761645	
2078.03 7763672	
2083.25 7767699	
2091.28 7769724	
2114.10 7771750	
2148.13 7773775	
2177.44 7775801	
2177.34 7777826	
2188.02 7779852	
2188.84 7781877	
2192.13 7783910	
2196.71 7785938	
2203.42 7787965	
2207.04 7789992	
2215.32 7792019	
2217.96 7794045	
2221.18 7796072	
2228.70 7798099	
2237.24 7800126	
2239.59 7802152	
2240.44 7804179	
2240.91 7806206	
2244.94 7810234	
2248.08 7812259	
2248.48 7814285	
2249.71 7816310	
2250.72 7818336	
2251.65 7820360	
2252.78 7822390	
2252.25 7824415	
2251.52 7826441	
2254.54 7828466	
2254.21 7830493	
2253.63 7832519	
2254.60 7834569	
2253.05 7836596	
2250.72 7838622	
2249.19 7840650	
2247.66 7842676	
2244.61 7844703	
2243.36 7846729	
2241.65 7848757	
2240.38 7852784	
2242.23 7854810	
2242.22 7856835	
2241.61 7858861	
2241.17 7860883	
2242.46 7862908	
2242.86 7864934	
2243.64 7866959	
2244.52 7868985	
2242.90 7871010	
2242.37 7873037	
2241.31 7875064	
2239.75 7877091	
2240.64 7879117	
2240.42 7881144	
2239.41 7883171	
2238.21 7885198	
2239.63 7887224	
2240.42 7889251	
2241.39 7891278	
2240.65 7895306	
2240.04 7897334	
2240.23 7899360	
2239.39 7901385	
2239.62 7903411	
2237.46 7905436	
2237.87 7907462	
2238.26 7909487	
2237.17 7911513	
2237.11 7913539	
2236.53 7915566	
2234.75 7917593	
2234.74 7919620	
2233.83 7921646	
2232.77 7923673	
2231.09 7925700	
2231.25 7927727	
2230.50 7929753	
2229.58 7931784	
2227.14 7933810	
2226.09 7937838	
2224.97 7939863	
2222.63 7941889	
2221.33 7943914	
2220.58 7945939	
2220.16 7947964	
2218.36 7949989	
2216.79 7952015	
2216.73 7954040	
2216.61 7956068	
2216.67 7958094	
2216.50 7960121	
2215.59 7962147	
2216.22 7964174	
2216.96 7966201	
2217.84 7968231	
2217.41 7970257	
2217.91 7972285	
2218.93 7974311	
2220.45 7978339	
2221.50 7980364	
2221.11 7982390	
2220.15 7984415	
2219.64 7986441	
2220.29 7988466	
2220.13 7990492	
2222.31 7992517	
2220.93 7994543	
2221.38 7996568	
2222.00 7998595	
2222.17 8000621	
2222.35 8002648	
2221.15 8004678	
2220.83 8006705	
2220.60 8008731	
2221.07 8010758	
2220.25 8012785	
2219.51 8014812	
2219.22 8016838	
2217.62 8020866	
2216.35 8022891	
2213.56 8024916	
2211.12 8026942	
2207.79 8028967	
2205.54 8030992	
2200.86 8033017	
2196.57 8035043	
2193.70 8037068	
2192.12 8039094	
2187.59 8041124	
2180.52 8043158	
2180.25 8045185	
2180.55 8047211	
2178.01 8049238	
2176.73 8051265	
2176.20 8053292	
2172.66 8055318	
2171.66 8057345	
2168.21 8059371	
2167.10 8063399	
2164.43 8065424	
2163.61 8067449	
2160.51 8069498	
2158.09 8071524	
2158.28 8073549	
2158.06 8075575	
2157.46 8077603	
2157.00 8079629	
2154.82 8081655	
2152.28 8083682	
2150.67 8085709	
2148.74 8087736	
2147.75 8089762	
2147.45 8091789	
2146.77 8093815	
2146.40 8095843	
2144.95 8097869	
2145.09 8099896	
2146.08 8101922	
2145.72 8105950	
2146.29 8107975	
2146.95 8110001	
2148.64 8112026	
2150.18 8114055	
2150.71 8116080	
2153.25 8118106	
2155.12 8120131	
2155.13 8122157	
2156.52 8124189	
2157.00 8126216	
2157.78 8128242	
2159.81 8130269	
2159.76 8132296	
2161.00 8134323	
2161.77 8136349	
2161.30 8138376	
2161.10 8140402	
2162.77 8142430	
2164.30 8146457	
2164.83 8148483	
2164.95 8150511	
2165.97 8152537	
2165.59 8154562	
2165.29 8156588	
2166.23 8158613	
2166.45 8160637	
2166.02 8162663	
2167.94 8164688	
2168.99 8166716	
2170.08 8168742	
2170.63 8170769	
2171.34 8172795	
2172.03 8174822	
2173.24 8176849	
2173.63 8178876	
2175.82 8180902	
2177.25 8182929	
2177.73 8184958	
2178.65 8188986	
2178.95 8191011	
2180.73 8193037	
2180.67 8195062	
2181.16 8197088	
2181.81 8199113	
2182.25 8201139	
2183.38 8203163	
2184.07 8205189	
2185.87 8207216	
2185.75 8209243	
2185.09 8211269	
2184.57 8213296	
2184.79 8215322	
2185.43 8217349	
2184.46 8219375	
2185.05 8221406	
2184.91 8223432	
2185.50 8225459	
2185.54 8229486	
2184.84 8231512	
2184.32 8233537	
2183.51 8235563	
2182.85 8237588	
2181.34 8239613	
2180.81 8241639	
2180.96 8243664	
2181.07 8245690	
2179.84 8247716	
2178.66 8249743	
2179.80 8251769	
2180.09 8253797	
2179.77 8255823	
2179.47 8257853	
2180.23 8259880	
2180.18 8261907	
2179.49 8263933	
2179.19 8265961	
2179.99 8267987	
2180.37 8272016	
2180.52 8274041	
2180.65 8276067	
2180.87 8278093	
2180.36 8280119	
2180.81 8282144	
2180.84 8284170	
2180.05 8286195	
2179.47 8288221	
2179.71 8290247	
2179.92 8292274	
2179.61 8294304	
2181.48 8296331	
2181.97 8298357	
2182.82 8300385	
2184.33 8302442	
2185.90 8304468	
2187.28 8306495	
2188.69 8308523	
2188.04 8312550	
2189.25 8314575	
2191.19 8316601	
2194.14 8318626	
2194.14 8320652	
2196.43 8322677	
2199.74 8324703	
2202.05 8326728	
2202.16 8328754	
2209.25 8330784	
2209.70 8332811	
2213.13 8334837	
2215.92 8336865	
2215.17 8338891	
2219.35 8340918	
2216.69 8342945	
2217.68 8344972	
2222.04 8346998	
2221.92 8349026	
2220.30 8353053	
2223.05 8355079	
2226.05 8357104	
2230.72 8359130	
2231.96 8361155	
2235.78 8363181	
2238.71 8365206	
2236.88 8367235	
2238.36 8369260	
2240.69 8371286	
2239.11 8373313	
2237.58 8375340	
2234.93 8377366	
2233.34 8379394	
2231.11 8381420	
2232.54 8383447	
2230.51 8385474	
2230.77 8387501	
2231.88 8389527	
2230.94 8391555	
2230.34 8395582	
2230.42 8397607	
2230.71 8399633	
2228.69 8401658	
2227.91 8403684	
2227.85 8405707	
2226.69 8407733	
2224.39 8409758	
2225.04 8411784	
2224.02 8413810	
2223.41 8415837	
2224.35 8417864	
2225.07 8419891	
2223.84 8421917	
2221.78 8423945	
2221.23 8425971	
2219.71 8427998	
2218.02 8430024	
2218.44 8432052	
2219.16 8436079	
2219.97 8438105	
2220.36 8440130	
2219.66 8442159	
2219.06 8444184	
2218.75 8446210	
2219.08 8448235	
2218.69 8450260	
2219.45 8452286	
2219.67 8454318	
2221.90 8456344	
2221.95 8458372	
2222.87 8460398	
2223.11 8462425	
2223.45 8464451	
2223.88 8466479	
2224.41 8468505	
2225.16 8470532	
2225.17 8472559	
2224.12 8476587	
2223.83 8478615	
2223.70 8480641	
2223.33 8482666	
2224.04 8484691	
2224.64 8486717	
2224.59 8488742	
2224.45 8490768	
2222.78 8492793	
2222.03 8494819	
2221.29 8496845	
2218.79 8498872	
2218.16 8500899	
2217.63 8502926	
2217.45 8504952	
2216.69 8506980	
2216.58 8509006	
2214.62 8511033	
2214.09 8513063	
2215.58 8515090	
2214.68 8519117	
2213.68 8521143	
2214.90 8523168	
2215.70 8525194	
2216.57 8527219	
2217.22 8529245	
2217.29 8531270	
2217.51 8533296	
2218.89 8535321	
2218.98 8537371	
2219.44 8539398	
2219.82 8541425	
2220.67 8543452	
2219.77 8545478	
2219.07 8547505	
2219.59 8549535	
2221.35 8551562	
2222.23 8553588	
2221.72 8555616	
2221.28 8557642	
2221.03 8561670	
2221.31 8563702	
2221.97 8565728	
2222.23 8567753	
2222.69 8569779	
2222.40 8571804	
2223.88 8573830	
2224.63 8575855	
2225.88 8577881	
2227.26 8579910	
2226.96 8581937	
2226.74 8583964	
2225.76 8585994	
2224.33 8588021	
2223.49 8590048	
2223.47 8592074	
2221.77 8594101	
2221.22 8596128	
2220.38 8598155	
2220.20 8602182	
2218.27 8604208	
2217.12 8606233	
2214.68 8608259	
2212.82 8610284	
2212.53 8612310	
2211.66 8614335	
2211.53 8616360	
2209.78 8618386	
2208.56 8620411	
2206.30 8622442	
2204.46 8624468	
2204.10 8626495	
2200.77 8628523	
2199.94 8630549	
2199.63 8632576	
2196.73 8634602	
2193.45 8636630	
2190.01 8638656	
2189.01 8640683	
2185.97 8644710	
2184.57 8646735	
2181.12 8648761	
2178.31 8650787	
2175.18 8652813	
2174.42 8654838	
2173.78 8656864	
2176.25 8658892	
2175.87 8660918	
2176.49 8662944	
2178.62 8664971	
2179.64 8666998	
2179.87 8669025	
2182.74 8671051	
2181.68 8673078	
2181.92 8675105	
2181.86 8677132	
2182.27 8679158	
2184.23 8681186	
2186.64 8685213	
2188.57 8687239	
2192.57 8689264	
2194.63 8691290	
2196.28 8693315	
2196.47 8695344	
2196.86 8697369	
2194.08 8699395	
2194.94 8701420	
2196.77 8703446	
2195.65 8705472	
2195.29 8707499	
2197.33 8709525	
2199.70 8711553	
2201.77 8713579	
2203.42 8715606	
2203.83 8717632	
2205.85 8719660	
2204.78 8721686	
2206.00 8723713	
2208.15 8727740	
2209.24 8729765	
2207.98 8731794	
2209.59 8733819	
2209.07 8735845	
2209.15 8737870	
2208.81 8739897	
2208.63 8741922	
2209.09 8743948	
2209.14 8745973	
2208.41 8748000	
2209.42 8750026	
2210.45 8752053	
2210.63 8754080	
2211.28 8756107	
2211.33 8758133	
2211.48 8760160	
2211.53 8762186	
2212.65 8764214	
2214.68 8766243	
2215.98 8770294	
2216.34 8772320	
2215.47 8774345	
2215.20 8776371	
2216.49 8778396	
2217.33 8780422	
2217.35 8782447	
2217.28 8784473	
2216.84 8786498	
2217.72 8788526	
2218.27 8790552	
2219.43 8792579	
2220.82 8794606	
2221.31 8796633	
2224.10 8798659	
2224.24 8800686	
2225.47 8802716	
2225.37 8804743	
2224.81 8806769	
2224.89 8808797	
2225.67 8812824	
2227.70 8814850	
2228.53 8816875	
2229.27 8818900	
2229.50 8820925	
2230.53 8822958	
2230.72 8824983	
2231.58 8827009	
2232.62 8829034	
2233.50 8831062	
2234.50 8833088	
2234.57 8835115	
2234.22 8837141	
2234.89 8839172	
2235.42 8841198	
2236.97 8843225	
2237.61 8845252	
2238.10 8847279	
2236.90 8849305	
2237.25 8851332	
2238.72 8855359	
2238.50 8857384	
2239.74 8859411	
2241.32 8861436	
2242.51 8863461	
2244.01 8865487	
2244.70 8867513	
2246.27 8869538	
2248.10 8871563	
2248.66 8873590	
2250.58 8875620	
2251.03 8877646	
2252.72 8879674	
2254.74 8881700	
2255.75 8883727	
2258.71 8885753	
2259.25 8887781	
2259.89 8889807	
2262.14 8891834	
2264.86 8895861	
2267.37 8897887	
2268.13 8899912	
2271.68 8901938	
2273.40 8903963	
2275.52 8905989	
2276.96 8908014	
2279.69 8910040	
2283.04 8912068	
2284.65 8914094	
2286.21 8916120	
2286.59 8918147	
2284.36 8920174	
2284.66 8922201	
2283.79 8924227	
2285.03 8926254	
2286.58 8928280	
2285.08 8930308	
2284.63 8932334	
2283.50 8934361	
2281.07 8938388	
2279.00 8940413	
2279.66 8942439	
2278.63 8944464	
2275.87 8946490	
2276.16 8948515	
2277.46 8950539	
2276.65 8952564	
2276.71 8954590	
2277.12 8956615	
2275.76 8958642	
2275.35 8960668	
2275.02 8962695	
2273.71 8964721	
2273.64 8966749	
2272.41 8968775	
2272.34 8970802	
2272.92 8972828	
2272.51 8974856	
2271.46 8976882	
2270.01 8980910	
2268.22 8982935	
2267.18 8984961	
2265.96 8986989	
2266.96 8989015	
2265.67 8991040	
2264.91 8993065	
2264.64 8995091	
2265.94 8997116	
2267.79 8999143	
2269.42 9001169	
2270.05 9003219	
2270.84 9005247	
2270.65 9007273	
2271.09 9009300	
2271.51 9011326	
2271.52 9013353	
2272.69 9015380	
2274.63 9017407	
2274.69 9019433	
2274.46 9023464	
2276.24 9025489	
2277.05 9027515	
2277.25 9029540	
2277.34 9031566	
2277.75 9033591	
2275.92 9035617	
2274.86 9037642	
2272.85 9039668	
2271.26 9041694	
2268.85 9043722	
2268.66 9045748	
2269.51 9047775	
2265.81 9049801	
2264.75 9051829	
2263.71 9053855	
2259.07 9055882	
2253.03 9057911	
2250.32 9059939	
2249.58 9061965	
2247.79 9065993	
2247.89 9068018	
2243.14 9070044	
2242.60 9072069	
2241.59 9074095	
2240.75 9076120	
2240.99 9078146	
2241.96 9080171	
2245.55 9082196	
2245.78 9084230	
2244.85 9086257	
2245.27 9088283	
2247.35 9090310	
2247.24 9092337	
2246.59 9094367	
2247.58 9096393	
2247.68 9098421	
2249.23 9100447	
2250.79 9102474	
2252.69 9104500	
2254.02 9108528	
2257.34 9110553	
2260.99 9112579	
2263.84 9114604	
2270.09 9116630	
2292.07 9118655	
2321.63 9120680	
2350.95 9122706	
2381.75 9124731	
2396.09 9126758	
2414.38 9128784	
2416.67 9130815	
2428.81 9132841	
2429.22 9134868	
2433.45 9136894	
2427.79 9138922	
2426.78 9140948	
2423.89 9142975	
2428.24 9145001	
2432.71 9149029	
2432.42 9151054	
2437.80 9153080	
2440.50 9155105	
2444.05 9157131	
2446.99 9159156	
2451.21 9161182	
2457.43 9163207	
2458.96 9165233	
2461.10 9167261	
2464.07 9169288	
2466.80 9171314	
2469.58 9173342	
2469.04 9175368	
2470.21 9177395	
2469.48 9179421	
2468.37 9181449	
2467.51 9183475	
2465.48 9185502	
2463.92 9187528	
2463.14 9191556	
2460.96 9193581	
2460.43 9195607	
2459.46 9197632	
2459.59 9199657	
2457.75 9201683	
2456.96 9203712	
2456.04 9205737	
2454.90 9207762	
2453.96 9209788	
2453.83 9211814	
2453.42 9213841	
2451.06 9215868	
2449.37 9217895	
2447.35 9219921	
2446.99 9221948	
2446.85 9223974	
2444.49 9226001	
2444.06 9228028	
2442.10 9230055	
2440.71 9234082	
2437.78 9236131	
2436.37 9238157	
2434.49 9240185	
2433.71 9242211	
2433.43 9244236	
2432.57 9246262	
2431.08 9248287	
2428.38 9250313	
2427.15 9252338	
2426.48 9254365	
2425.26 9256391	
2421.56 9258418	
2418.68 9260444	
2416.32 9262472	
2411.38 9264498	
2408.85 9266525	
2394.56 9268551	
2394.35 9270579	
2392.92 9272605	
2385.20 9276636	
2377.00 9278661	
2381.23 9280687	
2384.59 9282712	
2386.90 9284738	
2386.60 9286763	
2380.48 9288788	
2380.17 9290814	
2378.93 9292839	
2379.87 9294865	
2380.15 9296891	
2380.91 9298918	
2379.34 9300944	
2378.74 9302971	
2379.16 9304998	
2377.30 9307025	
2376.55 9309051	
2377.48 9311082	
2376.47 9313108	
2379.65 9315135	
7096.97 9319162	
2382.69 9321188	
2382.35 9323213	
2382.17 9325239	
2384.34 9327264	
2387.95 9329290	
2389.46 9331315	
2393.49 9333341	
2394.50 9335366	
2394.00 9337391	
2394.57 9339418	
2394.90 9341445	
2395.07 9343478	
2394.68 9345505	
2395.88 9347535	
2398.50 9349562	
2398.86 9351588	
2402.23 9353615	
2403.16 9355641	
2402.62 9357668	
2403.71 9361695	
2403.70 9363721	
2403.27 9365746	
2402.93 9367772	
2404.10 9369796	
2403.66 9371822	
2404.84 9373847	
2404.86 9375873	
2404.29 9377898	
2403.92 9379923	
2402.96 9381950	
2401.61 9383989	
2398.82 9386015	
2396.43 9388042	
2396.44 9390068	
2394.04 9392096	
2392.70 9394122	
2390.32 9396149	
2386.13 9398175	
2381.52 9400203	
2367.74 9404230	
2341.94 9406256	
2345.39 9408281	
2354.49 9410307	
2360.50 9412332	
2355.68 9414358	
2349.95 9416383	
2351.67 9418408	
2352.11 9420437	
2357.55 9422462	
2351.40 9424489	
2345.10 9426515	
2341.29 9428543	
2341.75 9430569	
2336.63 9432596	
2333.39 9434624	
2329.91 9436650	
2328.71 9438676	
2324.07 9440704	
2322.84 9442731	
2319.92 9446758	
2317.70 9448783	
2315.84 9450809	
2309.95 9452834	
2308.61 9454860	
2309.93 9456889	
2308.15 9458915	
2306.93 9460940	
2304.52 9462966	
2303.87 9464991	
2300.54 9467048	
2298.62 9469075	
2296.78 9471101	
2296.64 9473129	
2295.20 9475155	
2292.95 9477182	
2291.48 9479209	
2290.80 9481236	
2292.05 9483262	
2291.69 9485290	
2292.90 9487316	
2295.78 9491344	
2296.30 9493369	
2297.41 9495393	
2298.36 9497418	
2299.11 9499444	
2299.95 9501469	
2299.66 9503495	
2300.57 9505520	
2301.20 9507546	
2302.63 9509573	
2305.91 9511600	
2307.51 9513626	
2309.64 9515654	
2311.02 9517680	
2313.97 9519707	
2316.59 9521733	
2318.29 9523761	
2319.87 9525787	
2321.16 9527814	
2320.26 9529844	
2321.32 9533872	
2319.88 9535897	
2319.18 9537923	
2319.38 9539948	
2318.55 9541974	
2319.03 9543999	
2319.06 9546024	
2319.55 9548050	
2320.41 9550075	
2320.97 9552101	
2321.28 9554128	
2322.90 9556155	
2323.73 9558181	
2324.11 9560209	
2325.85 9562235	
2326.26 9564262	
2325.55 9566292	
2327.19 9568319	
2328.90 9570345	
2329.74 9572373	
2329.15 9576400	
2329.61 9578426	
2332.18 9580451	
2335.20 9582477	
2337.16 9584502	
2338.88 9586528	
2339.65 9588553	
2342.30 9590579	
2344.11 9592604	
2346.62 9594630	
2347.88 9596661	
2350.74 9598688	
2354.72 9600722	
2357.29 9602752	
2363.48 9604779	
2378.94 9606806	
2410.43 9608833	
2428.69 9610859	
2433.81 9612887	
2438.01 9614913	
2450.41 9616940	
2456.19 9620968	
2465.13 9622993	
2468.23 9625019	
2458.59 9627044	
2457.88 9629070	
2463.77 9631095	
2469.81 9633121	
2469.77 9635146	
2471.89 9637172	
2473.92 9639200	
2474.60 9641227	
2478.28 9643254	
2478.90 9645281	
2480.27 9647307	
2479.52 9649335	
2481.85 9651361	
2482.88 9653388	
2480.88 9655414	
2477.59 9657442	
2475.44 9659468	
2474.74 9661495	
2474.15 9665522	
2471.79 9667548	
2471.69 9669574	
2469.44 9671600	
2470.68 9673625	
2468.16 9675654	
2468.17 9677679	
2466.70 9679705	
2465.02 9681730	
2463.44 9683756	
2460.51 9685782	
2460.16 9687809	
2458.89 9689836	
2458.02 9691863	
2458.37 9693889	
2458.93 9695917	
2457.99 9697943	
2457.81 9699994	
2456.51 9702021	
2457.46 9704047	
2457.54 9706075	
2456.98 9710102	
2458.14 9712131	
2457.91 9714156	
2456.58 9716182	
2455.40 9718207	
2454.22 9720232	
2451.85 9722258	
2450.89 9724284	
2451.02 9726309	
2450.15 9728335	
2448.19 9730362	
2447.82 9732388	
2446.48 9734415	
2445.01 9736442	
2444.39 9738469	
2443.96 9740495	
2443.12 9742523	
2442.31 9744549	
2442.28 9746579	
2441.42 9748606	
2440.73 9750633	
2441.58 9754660	
2442.51 9756686	
2442.70 9758711	
2443.88 9760737	
2444.57 9762762	
2444.98 9764788	
2445.58 9766813	
2446.04 9768839	
2445.34 9770864	
2444.14 9772891	
2443.73 9774918	
2442.33 9776945	
2442.95 9778971	
2442.64 9780998	
2443.38 9783028	
2444.43 9785055	
2444.52 9787082	
2444.30 9789109	
2443.03 9791135	
2441.53 9793162	
2442.05 9797189	
2439.24 9799215	
2437.60 9801240	
2435.87 9803266	
2434.07 9805291	
2430.82 9807316	
2429.13 9809343	
2429.40 9811368	
2427.04 9813394	
2425.15 9815420	
2425.17 9817447	
2423.45 9819478	
2420.97 9821504	
2421.30 9823531	
2418.26 9825558	
2415.98 9827585	
2415.80 9829611	
2416.91 9831638	
2414.34 9833665	
2412.55 9837692	
2410.92 9839718	
2408.01 9841743	
2407.50 9843769	
2409.28 9845794	
2410.04 9847820	
2410.17 9849845	
2408.58 9851871	
2407.57 9853896	
2405.32 9855925	
2405.75 9857951	
2402.87 9859986	
2402.73 9862012	
2401.27 9864039	
2399.98 9866065	
2398.76 9868093	
2397.30 9870119	
2396.53 9872146	
2394.40 9874172	
2394.77 9876200	
2393.07 9880227	
2393.66 9882253	
2392.54 9884278	
2389.29 9886304	
2388.12 9888329	
2388.18 9890355	
2387.92 9892383	
2386.51 9894409	
2385.87 9896434	
2385.86 9898461	
2385.74 9900488	
2385.80 9902515	
2385.79 9904541	
2384.83 9906569	
2384.54 9908595	
2384.68 9910622	
2384.98 9912648	
2384.04 9914676	
2384.30 9916702	
2384.61 9918729	
2385.84 9922756	
2385.31 9924782	
2384.59 9926807	
2385.65 9928837	
2388.71 9930886	
2389.82 9932911	
2391.58 9934937	
2397.43 9936963	
2411.16 9938989	
2446.42 9941015	
2427.66 9943042	
2412.56 9945068	
2398.14 9947096	
2392.89 9949122	
2397.69 9951149	
2400.48 9953176	
2402.95 9955203	
2401.93 9957229	
2400.00 9959257	
2394.60 9963284	
2392.27 9965313	
2389.29 9967338	
2390.50 9969363	
2392.24 9971389	
2391.98 9973414	
2391.62 9975440	
2390.45 9977465	
2389.28 9979491	
2387.13 9981516	
2385.17 9983544	
2388.35 9985570	
2388.25 9987597	
2390.10 9989623	
2390.00 9991651	
2389.00 9993677	
2389.26 9995704	
2390.96 9997731	
2389.52 9999761	
2389.62 10001787	
2389.55 10005816	
2387.75 10007841	
2386.07 10009867	
2385.48 10011892	
2385.20 10013918	
2384.81 10015943	
2386.02 10017969	
2386.81 10019994	
2387.37 10022020	
2388.50 10024045	
2389.10 10026073	
2390.04 10028099	
2387.78 10030126	
2389.12 10032153	
2389.12 10034180	
2388.43 10036210	
2389.74 10038237	
2388.65 10040263	
2388.20 10042291	
2389.04 10044317	
2388.62 10048345	
2388.75 10050370	
2389.58 10052397	
2391.01 10054422	
2392.13 10056448	
2392.51 10058473	
2393.22 10060498	
2393.03 10062524	
2392.68 10064549	
2394.30 10066577	
2394.57 10068603	
2394.42 10070630	
2394.35 10072655	
2393.52 10074682	
2393.33 10076708	
2393.44 10078736	
2392.33 10080762	
2392.25 10082789	
2391.29 10084816	
2391.09 10086843	
2391.56 10090870	
2390.92 10092896	
2391.82 10094921	
2394.63 10096947	
2397.31 10098972	
2398.89 10100999	
2398.14 10103024	
2399.70 10105050	
2401.83 10107078	
2399.62 10109104	
2401.14 10111130	
2403.86 10113158	
2407.43 10115184	
2406.91 10117211	
2408.10 10119245	
2409.59 10121272	
2408.53 10123298	
2406.67 10125326	
2403.98 10127352	
2403.26 10129379	
2400.93 10133407	
2402.14 10135433	
2403.05 10137458	
2402.27 10139484	
2400.97 10141509	
2402.46 10143538	
2403.24 10145563	
2403.94 10147589	
2406.02 10149614	
2408.31 10151640	
2408.96 10153667	
2410.63 10155694	
2411.28 10157721	
2412.40 10159748	
2414.47 10161774	
2414.61 10163825	
2414.52 10165852	
2414.83 10167879	
2414.74 10169906	
2415.33 10171932	
2416.83 10175961	
2417.28 10177989	
2417.46 10180015	
2420.80 10182040	
2423.46 10184066	
2422.85 10186091	
2423.62 10188116	
2425.05 10190142	
2425.36 10192167	
2426.78 10194195	
2426.12 10196221	
2427.19 10198248	
2427.60 10200275	
2428.57 10202302	
2429.00 10204328	
2429.82 10206356	
2429.40 10208382	
2429.46 10210409	
2428.06 10212440	
2428.95 10214466	
2430.19 10218493	
2430.58 10220519	
2430.47 10222544	
2430.97 10224571	
2432.48 10226596	
2434.53 10228622	
2436.79 10230647	
2439.30 10232673	
2443.99 10234698	
2452.99 10236725	
2472.95 10238752	
2513.14 10240779	
2523.66 10242805	
2538.23 10244833	
2545.15 10246862	
2553.18 10248889	
2555.44 10250916	
2562.66 10252943	
2565.13 10254969	
2568.05 10256997	
2576.60 10261024	
2580.18 10263050	
2578.37 10265075	
2578.26 10267101	
2576.48 10269126	
2576.88 10271152	
2578.10 10273177	
2580.75 10275203	
2578.46 10277228	
2583.58 10279260	
2588.14 10281287	
2590.37 10283317	
2592.57 10285344	
2597.69 10287371	
2602.03 10289397	
2606.55 10291424	
2607.16 10293451	
2612.18 10295478	
2616.27 10297504	
2621.61 10301532	
2627.42 10303557	
2632.46 10305583	
2640.72 10307608	
2645.12 10309635	
2652.75 10311660	
2665.87 10313686	
2668.69 10315711	
2669.32 10317740	
2661.07 10319765	
2655.97 10321792	
2656.51 10323818	
2653.91 10325846	
2650.53 10327872	
2645.90 10329899	
2641.97 10331926	
2637.11 10333953	
2635.21 10335979	
2629.62 10338007	
2624.08 10340033	
2620.78 10344060	
2611.79 10346086	
2605.37 10348111	
2600.90 10350137	
2594.74 10352162	
2586.57 10354191	
2576.45 10356217	
2568.37 10358243	
2550.18 10360268	
2539.22 10362294	
2530.56 10364320	
2521.15 10366347	
2512.05 10368373	
2514.18 10370401	
2502.92 10372427	
2498.73 10374454	
2499.46 10376481	
2496.28 10378515	
2491.47 10380541	
2487.48 10382568	
2482.03 10386596	
2482.98 10388625	
2488.12 10390650	
2488.53 10392676	
2486.28 10394726	
2490.26 10396751	
2493.94 10398777	
2499.10 10400802	
2502.18 10402828	
2509.56 10404853	
2512.37 10406880	
2518.60 10408906	
2522.33 10410934	
2523.43 10412960	
2528.42 10414987	
2531.73 10417014	
2532.19 10419041	
2539.31 10421067	
2541.70 10423098	
2543.91 10425124	
2542.19 10429152	
2544.33 10431177	
2539.54 10433203	
2542.58 10435228	
2538.51 10437254	
2542.43 10439279	
2545.21 10441305	
2541.97 10443330	
2539.24 10445356	
2536.68 10447381	
2533.19 10449409	
2533.53 10451435	
2530.09 10453462	
2527.48 10455489	
2527.29 10457519	
2524.86 10459545	
2523.67 10461573	
2520.77 10463599	
2519.66 10465626	
2518.36 10467653	
2517.97 10471681	
2515.43 10473706	
2514.26 10475731	
2511.39 10477757	
2506.51 10479782	
2506.15 10481808	
2503.59 10483833	
2501.77 10485859	
2501.88 10487884	
2499.45 10489911	
2498.51 10491938	
2495.38 10493968	
2495.98 10495994	
2494.61 10498022	
2495.77 10500048	
2492.85 10502075	
2490.59 10504101	
2487.57 10506128	
2485.27 10508154	
2483.81 10510182	
2481.11 10514209	
2483.29 10516235	
2481.43 10518260	
2478.93 10520286	
2477.44 10522311	
2475.57 10524336	
2478.87 10526361	
2476.34 10528390	
2476.24 10530416	
2476.59 10532443	
2477.72 10534469	
2477.68 10536496	
2478.13 10538523	
2475.96 10540550	
2475.24 10542576	
2475.16 10544604	
2475.06 10546630	
2473.69 10548657	
2471.92 10550684	
2468.48 10554712	
2467.77 10556737	
2467.08 10558763	
2463.66 10560788	
2462.72 10562813	
2461.67 10564842	
2461.03 10566867	
2461.12 10568893	
2460.68 10570918	
2460.17 10572945	
2460.31 10574971	
2459.39 10576998	
2461.35 10579025	
2462.26 10581052	
2462.46 10583078	
2462.05 10585106	
2462.36 10587132	
2460.70 10589160	
2461.46 10591186	
2461.55 10593213	
2462.19 10597241	
2461.83 10599270	
2463.21 10601295	
2462.82 10603321	
2462.95 10605347	
2462.48 10607373	
2463.27 10609398	
2463.91 10611424	
2464.56 10613449	
2464.67 10615477	
2465.24 10617503	
2465.54 10619530	
2466.05 10621557	
2465.58 10623584	
2466.43 10625635	
2466.11 10627662	
2466.57 10629689	
2467.99 10631715	
2469.16 10633746	
2469.59 10635780	
2470.88 10639808	
2469.88 10641833	
2469.64 10643859	
2470.86 10645884	
2471.34 10647910	
2472.38 10649935	
2473.80 10651961	
2474.27 10653987	
2476.32 10656013	
2478.72 10658038	
2479.92 10660065	
2480.87 10662092	
2481.17 10664119	
2483.27 10666145	
2484.08 10668176	
2485.37 10670202	
2487.08 10672230	
2488.23 10674256	
2488.78 10676284	
2489.20 10678310	
2490.43 10682338	
2490.85 10684363	
2491.23 10686389	
2492.77 10688414	
2493.76 10690441	
2493.53 10692466	
2493.50 10694492	
2493.86 10696517	
2494.43 10698543	
2492.92 10700569	
2491.44 10702597	
2491.54 10704626	
2490.85 10706654	
2492.21 10708680	
2492.14 10710708	
2491.17 10712734	
2492.56 10714761	
2492.34 10716788	
2490.44 10718815	
2490.08 10722842	
2490.66 10724868	
2491.74 10726894	
2492.34 10728920	
2492.48 10730945	
2493.36 10732971	
2494.66 10734996	
2495.44 10737021	
2495.36 10739051	
2496.71 10741076	
2495.39 10743103	
2496.90 10745131	
2498.70 10747157	
2500.50 10749184	
2500.87 10751211	
2501.30 10753238	
2502.29 10755264	
2502.55 10757292	
2503.49 10759318	
2503.67 10761346	
2503.84 10765373	
2506.16 10767398	
2506.83 10769424	
2508.63 10771449	
2509.35 10773475	
2509.46 10775504	
2509.11 10777530	
2509.47 10779555	
2510.09 10781581	
2510.34 10783607	
2511.35 10785635	
2512.86 10787661	
2514.31 10789689	
2514.70 10791715	
2515.35 10793742	
2515.37 10795769	
2515.94 10797796	
2516.83 10799822	
2515.22 10801850	
2514.59 10805877	
2514.12 10807903	
2513.96 10809931	
2514.02 10811957	
2513.49 10813983	
2514.44 10816009	
2515.83 10818034	
2516.09 10820060	
2514.17 10822085	
2515.24 10824111	
2515.63 10826137	
2514.96 10828165	
2515.76 10830191	
2516.94 10832218	
2518.03 10834245	
2517.93 10836272	
2517.60 10838299	
2518.83 10840326	
2517.90 10842352	
2517.97 10844383	
2518.30 10848410	
2518.60 10850436	
2518.69 10852461	
2519.22 10854487	
2518.65 10856537	
2518.40 10858562	
2517.94 10860588	
2518.24 10862613	
2518.50 10864638	
2518.50 10866664	
2518.25 10868697	
2519.12 10870723	
2517.99 10872751	
2517.11 10874777	
2516.22 10876805	
2514.39 10878834	
2512.14 10880862	